281    spot5-Band4
1520.0000  0.01105 
1521.0000  0.01188 
1522.0000  0.01270 
1523.0000  0.01350 
1524.0000  0.01429 
1525.0000  0.01504 
1526.0000  0.01577 
1527.0000  0.01649 
1528.0000  0.01726 
1529.0000  0.01811 
1530.0000  0.01907 
1531.0000  0.02018 
1532.0000  0.02137 
1533.0000  0.02259 
1534.0000  0.02377 
1535.0000  0.02483 
1536.0000  0.02576 
1537.0000  0.02666 
1538.0000  0.02768 
1539.0000  0.02897 
1540.0000  0.03069 
1541.0000  0.03293 
1542.0000  0.03552 
1543.0000  0.03826 
1544.0000  0.04092 
1545.0000  0.04330 
1546.0000  0.04528 
1547.0000  0.04715 
1548.0000  0.04932 
1549.0000  0.05219 
1550.0000  0.05615 
1551.0000  0.06145 
1552.0000  0.06776 
1553.0000  0.07458 
1554.0000  0.08144 
1555.0000  0.08784 
1556.0000  0.09349 
1557.0000  0.09886 
1558.0000  0.10459 
1559.0000  0.11135 
1560.0000  0.11980 
1561.0000  0.13038 
1562.0000  0.14263 
1563.0000  0.15591 
1564.0000  0.16955 
1565.0000  0.18289 
1566.0000  0.19547 
1567.0000  0.20762 
1568.0000  0.21985 
1569.0000  0.23270 
1570.0000  0.24669 
1571.0000  0.26218 
1572.0000  0.27885 
1573.0000  0.29624 
1574.0000  0.31387 
1575.0000  0.33125 
1576.0000  0.34806 
1577.0000  0.36452 
1578.0000  0.38099 
1579.0000  0.39785 
1580.0000  0.41545 
1581.0000  0.43405 
1582.0000  0.45343 
1583.0000  0.47327 
1584.0000  0.49323 
1585.0000  0.51297 
1586.0000  0.53229 
1587.0000  0.55137 
1588.0000  0.57052 
1589.0000  0.59003 
1590.0000  0.61021 
1591.0000  0.63130 
1592.0000  0.65323 
1593.0000  0.67590 
1594.0000  0.69918 
1595.0000  0.72294 
1596.0000  0.74701 
1597.0000  0.77088 
1598.0000  0.79399 
1599.0000  0.81579 
1600.0000  0.83571 
1601.0000  0.85344 
1602.0000  0.86964 
1603.0000  0.88523 
1604.0000  0.90114 
1605.0000  0.91828 
1606.0000  0.93713 
1607.0000  0.95643 
1608.0000  0.97448 
1609.0000  0.98957 
1610.0000  1.00000 
1611.0000  1.00465 
1612.0000  1.00469 
1613.0000  1.00187 
1614.0000  0.99793 
1615.0000  0.99463 
1616.0000  0.99322 
1617.0000  0.99300 
1618.0000  0.99277 
1619.0000  0.99133 
1620.0000  0.98750 
1621.0000  0.98041 
1622.0000  0.97052 
1623.0000  0.95865 
1624.0000  0.94558 
1625.0000  0.93213 
1626.0000  0.91901 
1627.0000  0.90669 
1628.0000  0.89554 
1629.0000  0.88593 
1630.0000  0.87824 
1631.0000  0.87266 
1632.0000  0.86860 
1633.0000  0.86529 
1634.0000  0.86194 
1635.0000  0.85778 
1636.0000  0.85233 
1637.0000  0.84629 
1638.0000  0.84067 
1639.0000  0.83648 
1640.0000  0.83473 
1641.0000  0.83611 
1642.0000  0.84010 
1643.0000  0.84587 
1644.0000  0.85258 
1645.0000  0.85940 
1646.0000  0.86564 
1647.0000  0.87113 
1648.0000  0.87586 
1649.0000  0.87978 
1650.0000  0.88288 
1651.0000  0.88520 
1652.0000  0.88711 
1653.0000  0.88903 
1654.0000  0.89142 
1655.0000  0.89470 
1656.0000  0.89904 
1657.0000  0.90347 
1658.0000  0.90676 
1659.0000  0.90768 
1660.0000  0.90497 
1661.0000  0.89785 
1662.0000  0.88728 
1663.0000  0.87465 
1664.0000  0.86137 
1665.0000  0.84883 
1666.0000  0.83801 
1667.0000  0.82815 
1668.0000  0.81806 
1669.0000  0.80656 
1670.0000  0.79245 
1671.0000  0.77492 
1672.0000  0.75454 
1673.0000  0.73227 
1674.0000  0.70906 
1675.0000  0.68586 
1676.0000  0.66341 
1677.0000  0.64168 
1678.0000  0.62041 
1679.0000  0.59938 
1680.0000  0.57833 
1681.0000  0.55706 
1682.0000  0.53548 
1683.0000  0.51353 
1684.0000  0.49114 
1685.0000  0.46827 
1686.0000  0.44497 
1687.0000  0.42176 
1688.0000  0.39929 
1689.0000  0.37818 
1690.0000  0.35908 
1691.0000  0.34238 
1692.0000  0.32756 
1693.0000  0.31383 
1694.0000  0.30043 
1695.0000  0.28656 
1696.0000  0.27172 
1697.0000  0.25636 
1698.0000  0.24119 
1699.0000  0.22692 
1700.0000  0.21427 
1701.0000  0.20371 
1702.0000  0.19483 
1703.0000  0.18697 
1704.0000  0.17948 
1705.0000  0.17170 
1706.0000  0.16316 
1707.0000  0.15414 
1708.0000  0.14508 
1709.0000  0.13643 
1710.0000  0.12864 
1711.0000  0.12202 
1712.0000  0.11635 
1713.0000  0.11124 
1714.0000  0.10633 
1715.0000  0.10124 
1716.0000  0.09571 
1717.0000  0.08992 
1718.0000  0.08416 
1719.0000  0.07873 
1720.0000  0.07391 
1721.0000  0.06991 
1722.0000  0.06657 
1723.0000  0.06363 
1724.0000  0.06085 
1725.0000  0.05797 
1726.0000  0.05481 
1727.0000  0.05149 
1728.0000  0.04820 
1729.0000  0.04511 
1730.0000  0.04241 
1731.0000  0.04023 
1732.0000  0.03846 
1733.0000  0.03696 
1734.0000  0.03556 
1735.0000  0.03409 
1736.0000  0.03246 
1737.0000  0.03071 
1738.0000  0.02895 
1739.0000  0.02730 
1740.0000  0.02586 
1741.0000  0.02469 
1742.0000  0.02376 
1743.0000  0.02297 
1744.0000  0.02224 
1745.0000  0.02148 
1746.0000  0.02063 
1747.0000  0.01973 
1748.0000  0.01880 
1749.0000  0.01791 
1750.0000  0.01709 
1751.0000  0.01639 
1752.0000  0.01578 
1753.0000  0.01522 
1754.0000  0.01469 
1755.0000  0.01414 
1756.0000  0.01356 
1757.0000  0.01295 
1758.0000  0.01234 
1759.0000  0.01174 
1760.0000  0.01119 
1761.0000  0.01070 
1762.0000  0.01026 
1763.0000  0.00984 
1764.0000  0.00943 
1765.0000  0.00902 
1766.0000  0.00858 
1767.0000  0.00812 
1768.0000  0.00768 
1769.0000  0.00726 
1770.0000  0.00688 
1771.0000  0.00655 
1772.0000  0.00626 
1773.0000  0.00600 
1774.0000  0.00574 
1775.0000  0.00548 
1776.0000  0.00520 
1777.0000  0.00491 
1778.0000  0.00462 
1779.0000  0.00435 
1780.0000  0.00412 
1781.0000  0.00393 
1782.0000  0.00377 
1783.0000  0.00364 
1784.0000  0.00351 
1785.0000  0.00338 
1786.0000  0.00323 
1787.0000  0.00308 
1788.0000  0.00292 
1789.0000  0.00278 
1790.0000  0.00265 
1791.0000  0.00255 
1792.0000  0.00246 
1793.0000  0.00239 
1794.0000  0.00233 
1795.0000  0.00226 
1796.0000  0.00219 
1797.0000  0.00212 
1798.0000  0.00204 
1799.0000  0.00196 
1800.0000  0.00188 
