169    spot5-Band1
480.0000  0.00717 
481.0000  0.01345 
482.0000  0.02051 
483.0000  0.02911 
484.0000  0.04001 
485.0000  0.05400 
486.0000  0.07169 
487.0000  0.09312 
488.0000  0.11818 
489.0000  0.14678 
490.0000  0.17881 
491.0000  0.21403 
492.0000  0.25176 
493.0000  0.29118 
494.0000  0.33149 
495.0000  0.37186 
496.0000  0.41157 
497.0000  0.45024 
498.0000  0.48757 
499.0000  0.52328 
500.0000  0.55705 
501.0000  0.58868 
502.0000  0.61824 
503.0000  0.64588 
504.0000  0.67177 
505.0000  0.69604 
506.0000  0.71884 
507.0000  0.74021 
508.0000  0.76016 
509.0000  0.77871 
510.0000  0.79590 
511.0000  0.81176 
512.0000  0.82645 
513.0000  0.84017 
514.0000  0.85309 
515.0000  0.86542 
516.0000  0.87731 
517.0000  0.88878 
518.0000  0.89985 
519.0000  0.91051 
520.0000  0.92077 
521.0000  0.93060 
522.0000  0.93988 
523.0000  0.94842 
524.0000  0.95607 
525.0000  0.96267 
526.0000  0.96813 
527.0000  0.97268 
528.0000  0.97661 
529.0000  0.98023 
530.0000  0.98384 
531.0000  0.98764 
532.0000  0.99145 
533.0000  0.99497 
534.0000  0.99792 
535.0000  1.00000 
536.0000  1.00100 
537.0000  1.00098 
538.0000  1.00009 
539.0000  0.99844 
540.0000  0.99619 
541.0000  0.99344 
542.0000  0.99025 
543.0000  0.98664 
544.0000  0.98263 
545.0000  0.97826 
546.0000  0.97354 
547.0000  0.96840 
548.0000  0.96276 
549.0000  0.95654 
550.0000  0.94965 
551.0000  0.94205 
552.0000  0.93371 
553.0000  0.92466 
554.0000  0.91492 
555.0000  0.90450 
556.0000  0.89345 
557.0000  0.88194 
558.0000  0.87019 
559.0000  0.85842 
560.0000  0.84682 
561.0000  0.83554 
562.0000  0.82440 
563.0000  0.81319 
564.0000  0.80164 
565.0000  0.78952 
566.0000  0.77669 
567.0000  0.76333 
568.0000  0.74973 
569.0000  0.73618 
570.0000  0.72295 
571.0000  0.71024 
572.0000  0.69793 
573.0000  0.68578 
574.0000  0.67358 
575.0000  0.66109 
576.0000  0.64817 
577.0000  0.63486 
578.0000  0.62127 
579.0000  0.60752 
580.0000  0.59372 
581.0000  0.57997 
582.0000  0.56628 
583.0000  0.55266 
584.0000  0.53911 
585.0000  0.52563 
586.0000  0.51221 
587.0000  0.49872 
588.0000  0.48503 
589.0000  0.47101 
590.0000  0.45651 
591.0000  0.44144 
592.0000  0.42589 
593.0000  0.40999 
594.0000  0.39386 
595.0000  0.37764 
596.0000  0.36140 
597.0000  0.34508 
598.0000  0.32854 
599.0000  0.31166 
600.0000  0.29430 
601.0000  0.27643 
602.0000  0.25827 
603.0000  0.24015 
604.0000  0.22238 
605.0000  0.20527 
606.0000  0.18908 
607.0000  0.17377 
608.0000  0.15927 
609.0000  0.14549 
610.0000  0.13234 
611.0000  0.11976 
612.0000  0.10781 
613.0000  0.09659 
614.0000  0.08617 
615.0000  0.07666 
616.0000  0.06810 
617.0000  0.06044 
618.0000  0.05358 
619.0000  0.04745 
620.0000  0.04194 
621.0000  0.03698 
622.0000  0.03253 
623.0000  0.02856 
624.0000  0.02505 
625.0000  0.02197 
626.0000  0.01928 
627.0000  0.01696 
628.0000  0.01495 
629.0000  0.01322 
630.0000  0.01173 
631.0000  0.01043 
632.0000  0.00931 
633.0000  0.00833 
634.0000  0.00748 
635.0000  0.00673 
636.0000  0.00606 
637.0000  0.00546 
638.0000  0.00490 
639.0000  0.00437 
640.0000  0.00386 
