271    spot5-PAN
450.0000  0.00240 
451.0000  0.00199 
452.0000  0.00162 
453.0000  0.00135 
454.0000  0.00123 
455.0000  0.00130 
456.0000  0.00160 
457.0000  0.00208 
458.0000  0.00268 
459.0000  0.00333 
460.0000  0.00397 
461.0000  0.00462 
462.0000  0.00562 
463.0000  0.00741 
464.0000  0.01042 
465.0000  0.01506 
466.0000  0.02181 
467.0000  0.03118 
468.0000  0.04373 
469.0000  0.06003 
470.0000  0.08063 
471.0000  0.10585 
472.0000  0.13509 
473.0000  0.16753 
474.0000  0.20232 
475.0000  0.23863 
476.0000  0.27575 
477.0000  0.31344 
478.0000  0.35158 
479.0000  0.39005 
480.0000  0.42873 
481.0000  0.46737 
482.0000  0.50514 
483.0000  0.54110 
484.0000  0.57429 
485.0000  0.60377 
486.0000  0.62888 
487.0000  0.65010 
488.0000  0.66821 
489.0000  0.68400 
490.0000  0.69824 
491.0000  0.71157 
492.0000  0.72409 
493.0000  0.73576 
494.0000  0.74653 
495.0000  0.75637 
496.0000  0.76526 
497.0000  0.77338 
498.0000  0.78092 
499.0000  0.78810 
500.0000  0.79510 
501.0000  0.80211 
502.0000  0.80923 
503.0000  0.81656 
504.0000  0.82417 
505.0000  0.83215 
506.0000  0.84054 
507.0000  0.84929 
508.0000  0.85827 
509.0000  0.86738 
510.0000  0.87652 
511.0000  0.88558 
512.0000  0.89445 
513.0000  0.90305 
514.0000  0.91126 
515.0000  0.91900 
516.0000  0.92617 
517.0000  0.93276 
518.0000  0.93877 
519.0000  0.94419 
520.0000  0.94902 
521.0000  0.95325 
522.0000  0.95687 
523.0000  0.95984 
524.0000  0.96213 
525.0000  0.96371 
526.0000  0.96459 
527.0000  0.96493 
528.0000  0.96491 
529.0000  0.96472 
530.0000  0.96456 
531.0000  0.96460 
532.0000  0.96493 
533.0000  0.96564 
534.0000  0.96681 
535.0000  0.96853 
536.0000  0.97082 
537.0000  0.97351 
538.0000  0.97638 
539.0000  0.97921 
540.0000  0.98178 
541.0000  0.98392 
542.0000  0.98567 
543.0000  0.98714 
544.0000  0.98844 
545.0000  0.98967 
546.0000  0.99088 
547.0000  0.99200 
548.0000  0.99290 
549.0000  0.99344 
550.0000  0.99350 
551.0000  0.99302 
552.0000  0.99216 
553.0000  0.99114 
554.0000  0.99020 
555.0000  0.98956 
556.0000  0.98937 
557.0000  0.98954 
558.0000  0.98989 
559.0000  0.99025 
560.0000  0.99045 
561.0000  0.99036 
562.0000  0.99004 
563.0000  0.98959 
564.0000  0.98911 
565.0000  0.98870 
566.0000  0.98845 
567.0000  0.98840 
568.0000  0.98859 
569.0000  0.98906 
570.0000  0.98984 
571.0000  0.99094 
572.0000  0.99223 
573.0000  0.99358 
574.0000  0.99484 
575.0000  0.99585 
576.0000  0.99650 
577.0000  0.99676 
578.0000  0.99664 
579.0000  0.99613 
580.0000  0.99524 
581.0000  0.99399 
582.0000  0.99250 
583.0000  0.99092 
584.0000  0.98940 
585.0000  0.98808 
586.0000  0.98707 
587.0000  0.98628 
588.0000  0.98560 
589.0000  0.98488 
590.0000  0.98401 
591.0000  0.98290 
592.0000  0.98166 
593.0000  0.98042 
594.0000  0.97934 
595.0000  0.97856 
596.0000  0.97821 
597.0000  0.97829 
598.0000  0.97882 
599.0000  0.97977 
600.0000  0.98116 
601.0000  0.98295 
602.0000  0.98500 
603.0000  0.98716 
604.0000  0.98927 
605.0000  0.99116 
606.0000  0.99272 
607.0000  0.99397 
608.0000  0.99498 
609.0000  0.99581 
610.0000  0.99652 
611.0000  0.99718 
612.0000  0.99780 
613.0000  0.99839 
614.0000  0.99896 
615.0000  0.99952 
616.0000  1.00005 
617.0000  1.00047 
618.0000  1.00068 
619.0000  1.00055 
620.0000  1.00000 
621.0000  0.99894 
622.0000  0.99741 
623.0000  0.99551 
624.0000  0.99330 
625.0000  0.99088 
626.0000  0.98831 
627.0000  0.98560 
628.0000  0.98279 
629.0000  0.97988 
630.0000  0.97688 
631.0000  0.97382 
632.0000  0.97069 
633.0000  0.96752 
634.0000  0.96432 
635.0000  0.96109 
636.0000  0.95785 
637.0000  0.95457 
638.0000  0.95120 
639.0000  0.94772 
640.0000  0.94409 
641.0000  0.94031 
642.0000  0.93654 
643.0000  0.93300 
644.0000  0.92987 
645.0000  0.92736 
646.0000  0.92558 
647.0000  0.92425 
648.0000  0.92299 
649.0000  0.92142 
650.0000  0.91917 
651.0000  0.91595 
652.0000  0.91189 
653.0000  0.90722 
654.0000  0.90215 
655.0000  0.89692 
656.0000  0.89164 
657.0000  0.88604 
658.0000  0.87975 
659.0000  0.87240 
660.0000  0.86360 
661.0000  0.85303 
662.0000  0.84051 
663.0000  0.82591 
664.0000  0.80907 
665.0000  0.78987 
666.0000  0.76820 
667.0000  0.74403 
668.0000  0.71738 
669.0000  0.68826 
670.0000  0.65668 
671.0000  0.62276 
672.0000  0.58706 
673.0000  0.55025 
674.0000  0.51299 
675.0000  0.47595 
676.0000  0.43973 
677.0000  0.40463 
678.0000  0.37087 
679.0000  0.33869 
680.0000  0.30831 
681.0000  0.27992 
682.0000  0.25353 
683.0000  0.22910 
684.0000  0.20661 
685.0000  0.18602 
686.0000  0.16729 
687.0000  0.15034 
688.0000  0.13507 
689.0000  0.12140 
690.0000  0.10921 
691.0000  0.09842 
692.0000  0.08888 
693.0000  0.08041 
694.0000  0.07288 
695.0000  0.06611 
696.0000  0.05997 
697.0000  0.05439 
698.0000  0.04935 
699.0000  0.04480 
700.0000  0.04070 
701.0000  0.03701 
702.0000  0.03370 
703.0000  0.03074 
704.0000  0.02808 
705.0000  0.02571 
706.0000  0.02358 
707.0000  0.02167 
708.0000  0.01994 
709.0000  0.01838 
710.0000  0.01695 
711.0000  0.01563 
712.0000  0.01441 
713.0000  0.01331 
714.0000  0.01231 
715.0000  0.01143 
716.0000  0.01065 
717.0000  0.00995 
718.0000  0.00933 
719.0000  0.00875 
720.0000  0.00819 
