186    spot5-Band3
755.0000  0.00539 
756.0000  0.00697 
757.0000  0.00869 
758.0000  0.01070 
759.0000  0.01312 
760.0000  0.01610 
761.0000  0.01976 
762.0000  0.02419 
763.0000  0.02947 
764.0000  0.03568 
765.0000  0.04288 
766.0000  0.05115 
767.0000  0.06058 
768.0000  0.07126 
769.0000  0.08325 
770.0000  0.09665 
771.0000  0.11150 
772.0000  0.12773 
773.0000  0.14522 
774.0000  0.16386 
775.0000  0.18353 
776.0000  0.20416 
777.0000  0.22579 
778.0000  0.24849 
779.0000  0.27233 
780.0000  0.29738 
781.0000  0.32365 
782.0000  0.35080 
783.0000  0.37846 
784.0000  0.40624 
785.0000  0.43373 
786.0000  0.46064 
787.0000  0.48706 
788.0000  0.51315 
789.0000  0.53908 
790.0000  0.56504 
791.0000  0.59110 
792.0000  0.61704 
793.0000  0.64255 
794.0000  0.66729 
795.0000  0.69095 
796.0000  0.71331 
797.0000  0.73444 
798.0000  0.75451 
799.0000  0.77370 
800.0000  0.79216 
801.0000  0.81003 
802.0000  0.82721 
803.0000  0.84356 
804.0000  0.85897 
805.0000  0.87329 
806.0000  0.88642 
807.0000  0.89843 
808.0000  0.90940 
809.0000  0.91943 
810.0000  0.92860 
811.0000  0.93701 
812.0000  0.94476 
813.0000  0.95193 
814.0000  0.95864 
815.0000  0.96498 
816.0000  0.97099 
817.0000  0.97660 
818.0000  0.98168 
819.0000  0.98608 
820.0000  0.98969 
821.0000  0.99243 
822.0000  0.99443 
823.0000  0.99589 
824.0000  0.99699 
825.0000  0.99793 
826.0000  0.99884 
827.0000  0.99964 
828.0000  1.00020 
829.0000  1.00036 
830.0000  1.00000 
831.0000  0.99902 
832.0000  0.99751 
833.0000  0.99561 
834.0000  0.99346 
835.0000  0.99119 
836.0000  0.98890 
837.0000  0.98658 
838.0000  0.98415 
839.0000  0.98155 
840.0000  0.97871 
841.0000  0.97560 
842.0000  0.97222 
843.0000  0.96860 
844.0000  0.96475 
845.0000  0.96071 
846.0000  0.95651 
847.0000  0.95226 
848.0000  0.94807 
849.0000  0.94407 
850.0000  0.94038 
851.0000  0.93704 
852.0000  0.93380 
853.0000  0.93034 
854.0000  0.92636 
855.0000  0.92152 
856.0000  0.91566 
857.0000  0.90914 
858.0000  0.90248 
859.0000  0.89621 
860.0000  0.89083 
861.0000  0.88666 
862.0000  0.88316 
863.0000  0.87963 
864.0000  0.87532 
865.0000  0.86950 
866.0000  0.86163 
867.0000  0.85187 
868.0000  0.84057 
869.0000  0.82807 
870.0000  0.81471 
871.0000  0.80075 
872.0000  0.78602 
873.0000  0.77023 
874.0000  0.75313 
875.0000  0.73443 
876.0000  0.71392 
877.0000  0.69152 
878.0000  0.66720 
879.0000  0.64093 
880.0000  0.61269 
881.0000  0.58257 
882.0000  0.55123 
883.0000  0.51943 
884.0000  0.48795 
885.0000  0.45756 
886.0000  0.42888 
887.0000  0.40178 
888.0000  0.37598 
889.0000  0.35121 
890.0000  0.32717 
891.0000  0.30365 
892.0000  0.28072 
893.0000  0.25852 
894.0000  0.23717 
895.0000  0.21682 
896.0000  0.19760 
897.0000  0.17963 
898.0000  0.16301 
899.0000  0.14787 
900.0000  0.13432 
901.0000  0.12240 
902.0000  0.11197 
903.0000  0.10280 
904.0000  0.09468 
905.0000  0.08739 
906.0000  0.08074 
907.0000  0.07459 
908.0000  0.06886 
909.0000  0.06344 
910.0000  0.05823 
911.0000  0.05316 
912.0000  0.04829 
913.0000  0.04371 
914.0000  0.03950 
915.0000  0.03576 
916.0000  0.03255 
917.0000  0.02982 
918.0000  0.02748 
919.0000  0.02546 
920.0000  0.02368 
921.0000  0.02206 
922.0000  0.02058 
923.0000  0.01921 
924.0000  0.01793 
925.0000  0.01671 
926.0000  0.01554 
927.0000  0.01441 
928.0000  0.01334 
929.0000  0.01234 
930.0000  0.01141 
931.0000  0.01056 
932.0000  0.00979 
933.0000  0.00908 
934.0000  0.00844 
935.0000  0.00784 
936.0000  0.00729 
937.0000  0.00677 
938.0000  0.00628 
939.0000  0.00581 
940.0000  0.00534 
