141    spot5-Band2
600.0000  0.00175 
601.0000  0.00332 
602.0000  0.00551 
603.0000  0.00895 
604.0000  0.01425 
605.0000  0.02204 
606.0000  0.03291 
607.0000  0.04733 
608.0000  0.06577 
609.0000  0.08868 
610.0000  0.11650 
611.0000  0.14945 
612.0000  0.18679 
613.0000  0.22752 
614.0000  0.27067 
615.0000  0.31526 
616.0000  0.36035 
617.0000  0.40531 
618.0000  0.44956 
619.0000  0.49250 
620.0000  0.53356 
621.0000  0.57227 
622.0000  0.60864 
623.0000  0.64279 
624.0000  0.67484 
625.0000  0.70490 
626.0000  0.73308 
627.0000  0.75936 
628.0000  0.78369 
629.0000  0.80604 
630.0000  0.82636 
631.0000  0.84466 
632.0000  0.86115 
633.0000  0.87605 
634.0000  0.88964 
635.0000  0.90214 
636.0000  0.91378 
637.0000  0.92456 
638.0000  0.93446 
639.0000  0.94346 
640.0000  0.95153 
641.0000  0.95867 
642.0000  0.96495 
643.0000  0.97046 
644.0000  0.97531 
645.0000  0.97958 
646.0000  0.98335 
647.0000  0.98667 
648.0000  0.98957 
649.0000  0.99208 
650.0000  0.99421 
651.0000  0.99601 
652.0000  0.99749 
653.0000  0.99863 
654.0000  0.99947 
655.0000  1.00000 
656.0000  1.00022 
657.0000  1.00010 
658.0000  0.99960 
659.0000  0.99867 
660.0000  0.99728 
661.0000  0.99537 
662.0000  0.99292 
663.0000  0.98987 
664.0000  0.98619 
665.0000  0.98183 
666.0000  0.97672 
667.0000  0.97069 
668.0000  0.96352 
669.0000  0.95502 
670.0000  0.94498 
671.0000  0.93318 
672.0000  0.91936 
673.0000  0.90328 
674.0000  0.88466 
675.0000  0.86325 
676.0000  0.83887 
677.0000  0.81176 
678.0000  0.78221 
679.0000  0.75055 
680.0000  0.71709 
681.0000  0.68215 
682.0000  0.64605 
683.0000  0.60911 
684.0000  0.57164 
685.0000  0.53396 
686.0000  0.49642 
687.0000  0.45943 
688.0000  0.42341 
689.0000  0.38879 
690.0000  0.35601 
691.0000  0.32540 
692.0000  0.29692 
693.0000  0.27043 
694.0000  0.24582 
695.0000  0.22294 
696.0000  0.20168 
697.0000  0.18203 
698.0000  0.16399 
699.0000  0.14755 
700.0000  0.13272 
701.0000  0.11948 
702.0000  0.10767 
703.0000  0.09714 
704.0000  0.08772 
705.0000  0.07924 
706.0000  0.07155 
707.0000  0.06459 
708.0000  0.05830 
709.0000  0.05264 
710.0000  0.04756 
711.0000  0.04302 
712.0000  0.03895 
713.0000  0.03531 
714.0000  0.03204 
715.0000  0.02909 
716.0000  0.02642 
717.0000  0.02399 
718.0000  0.02179 
719.0000  0.01979 
720.0000  0.01798 
721.0000  0.01633 
722.0000  0.01483 
723.0000  0.01346 
724.0000  0.01222 
725.0000  0.01109 
726.0000  0.01007 
727.0000  0.00914 
728.0000  0.00829 
729.0000  0.00752 
730.0000  0.00683 
731.0000  0.00619 
732.0000  0.00561 
733.0000  0.00509 
734.0000  0.00462 
735.0000  0.00419 
736.0000  0.00380 
737.0000  0.00345 
738.0000  0.00312 
739.0000  0.00280 
740.0000  0.00250 
