118 TERMOD:Band7
2058.0 0.010000000
2059.0 0.010320000
2060.0 0.010900000
2061.0 0.012400000
2062.0 0.014550000
2063.0 0.016710000
2064.0 0.018870000
2065.0 0.021030000
2066.0 0.024290000
2067.0 0.028950000
2068.0 0.033610000
2069.0 0.038260000
2070.0 0.042920000
2071.0 0.050080000
2072.0 0.060590000
2073.0 0.071100000
2074.0 0.081610000
2075.0 0.092110000
2076.0 0.109130000
2077.0 0.134710000
2078.0 0.160300000
2079.0 0.185880000
2080.0 0.211460000
2081.0 0.245280000
2082.0 0.289080000
2083.0 0.332880000
2084.0 0.376680000
2085.0 0.420480000
2086.0 0.468260000
2087.0 0.521140000
2088.0 0.574020000
2089.0 0.626900000
2090.0 0.679790000
2091.0 0.727970000
2092.0 0.770210000
2093.0 0.812450000
2094.0 0.854690000
2095.0 0.896920000
2096.0 0.926130000
2097.0 0.939150000
2098.0 0.952180000
2099.0 0.965200000
2100.0 0.978220000
2101.0 0.986720000
2102.0 0.989640000
2103.0 0.992550000
2104.0 0.995460000
2105.0 0.998370000
2106.0 0.992700000
2107.0 0.976160000
2108.0 0.959620000
2109.0 0.943080000
2110.0 0.926540000
2111.0 0.913250000
2112.0 0.903970000
2113.0 0.894680000
2114.0 0.885400000
2115.0 0.876110000
2116.0 0.864150000
2117.0 0.848860000
2118.0 0.833570000
2119.0 0.818280000
2120.0 0.803000000
2121.0 0.787060000
2122.0 0.770230000
2123.0 0.753410000
2124.0 0.736590000
2125.0 0.719770000
2126.0 0.704330000
2127.0 0.690550000
2128.0 0.676770000
2129.0 0.662990000
2130.0 0.649210000
2131.0 0.634500000
2132.0 0.618580000
2133.0 0.602660000
2134.0 0.586740000
2135.0 0.570810000
2136.0 0.555180000
2137.0 0.539890000
2138.0 0.524610000
2139.0 0.509330000
2140.0 0.494050000
2141.0 0.476720000
2142.0 0.456840000
2143.0 0.436950000
2144.0 0.417070000
2145.0 0.397180000
2146.0 0.375630000
2147.0 0.352050000
2148.0 0.328470000
2149.0 0.304890000
2150.0 0.281310000
2151.0 0.257850000
2152.0 0.234550000
2153.0 0.211250000
2154.0 0.187950000
2155.0 0.164650000
2156.0 0.145120000
2157.0 0.130260000
2158.0 0.115390000
2159.0 0.100530000
2160.0 0.085660000
2161.0 0.074020000
2162.0 0.066590000
2163.0 0.059160000
2164.0 0.051730000
2165.0 0.044300000
2166.0 0.038260000
2167.0 0.033950000
2168.0 0.029630000
2169.0 0.025320000
2170.0 0.021000000
2171.0 0.017710000
2172.0 0.015650000
2173.0 0.013590000
2174.0 0.011530000
2175.0 0.010360000
