721 TERMOD:Band15
 380.0 0.000008341
 381.0 0.000008525
 382.0 0.000008709
 383.0 0.000008893
 384.0 0.000009076
 385.0 0.000009260
 386.0 0.000009444
 387.0 0.000009628
 388.0 0.000009812
 389.0 0.000009995
 390.0 0.000010179
 391.0 0.000009875
 392.0 0.000009570
 393.0 0.000009266
 394.0 0.000008961
 395.0 0.000008657
 396.0 0.000008352
 397.0 0.000008048
 398.0 0.000007743
 399.0 0.000007439
 400.0 0.000007135
 401.0 0.000007041
 402.0 0.000006947
 403.0 0.000006853
 404.0 0.000006760
 405.0 0.000006666
 406.0 0.000006572
 407.0 0.000006479
 408.0 0.000006385
 409.0 0.000006291
 410.0 0.000006198
 411.0 0.000006035
 412.0 0.000005871
 413.0 0.000005708
 414.0 0.000005545
 415.0 0.000005382
 416.0 0.000005219
 417.0 0.000005056
 418.0 0.000004893
 419.0 0.000004730
 420.0 0.000004567
 421.0 0.000004425
 422.0 0.000004283
 423.0 0.000004141
 424.0 0.000003999
 425.0 0.000003857
 426.0 0.000003715
 427.0 0.000003573
 428.0 0.000003431
 429.0 0.000003289
 430.0 0.000003147
 431.0 0.000003089
 432.0 0.000003032
 433.0 0.000002974
 434.0 0.000002917
 435.0 0.000002859
 436.0 0.000002802
 437.0 0.000002744
 438.0 0.000002686
 439.0 0.000002629
 440.0 0.000002571
 441.0 0.000002855
 442.0 0.000003138
 443.0 0.000003421
 444.0 0.000003705
 445.0 0.000003988
 446.0 0.000004271
 447.0 0.000004555
 448.0 0.000004838
 449.0 0.000005121
 450.0 0.000005405
 451.0 0.000005309
 452.0 0.000005213
 453.0 0.000005117
 454.0 0.000005021
 455.0 0.000004925
 456.0 0.000004829
 457.0 0.000004733
 458.0 0.000004637
 459.0 0.000004540
 460.0 0.000004445
 461.0 0.000004370
 462.0 0.000004296
 463.0 0.000004221
 464.0 0.000004147
 465.0 0.000004072
 466.0 0.000003998
 467.0 0.000003923
 468.0 0.000003849
 469.0 0.000003775
 470.0 0.000003700
 471.0 0.000003594
 472.0 0.000003487
 473.0 0.000003381
 474.0 0.000003274
 475.0 0.000003167
 476.0 0.000003061
 477.0 0.000002954
 478.0 0.000002848
 479.0 0.000002741
 480.0 0.000002634
 481.0 0.000002608
 482.0 0.000002580
 483.0 0.000002553
 484.0 0.000002526
 485.0 0.000002499
 486.0 0.000002472
 487.0 0.000002445
 488.0 0.000002418
 489.0 0.000002391
 490.0 0.000002364
 491.0 0.000002322
 492.0 0.000002280
 493.0 0.000002237
 494.0 0.000002195
 495.0 0.000002153
 496.0 0.000002110
 497.0 0.000002068
 498.0 0.000002026
 499.0 0.000001984
 500.0 0.000001941
 501.0 0.000002057
 502.0 0.000002172
 503.0 0.000002287
 504.0 0.000002402
 505.0 0.000002518
 506.0 0.000002633
 507.0 0.000002748
 508.0 0.000002863
 509.0 0.000002978
 510.0 0.000003094
 511.0 0.000002950
 512.0 0.000002806
 513.0 0.000002662
 514.0 0.000002518
 515.0 0.000002374
 516.0 0.000002231
 517.0 0.000002087
 518.0 0.000001943
 519.0 0.000001799
 520.0 0.000001655
 521.0 0.000001720
 522.0 0.000001784
 523.0 0.000001849
 524.0 0.000001913
 525.0 0.000001978
 526.0 0.000002042
 527.0 0.000002107
 528.0 0.000002171
 529.0 0.000002236
 530.0 0.000002300
 531.0 0.000002300
 532.0 0.000002301
 533.0 0.000002301
 534.0 0.000002301
 535.0 0.000002301
 536.0 0.000002302
 537.0 0.000002302
 538.0 0.000002302
 539.0 0.000002302
 540.0 0.000002302
 541.0 0.000002248
 542.0 0.000002194
 543.0 0.000002139
 544.0 0.000002085
 545.0 0.000002031
 546.0 0.000001976
 547.0 0.000001922
 548.0 0.000001867
 549.0 0.000001813
 550.0 0.000001759
 551.0 0.000001692
 552.0 0.000001625
 553.0 0.000001558
 554.0 0.000001491
 555.0 0.000001425
 556.0 0.000001358
 557.0 0.000001291
 558.0 0.000001224
 559.0 0.000001157
 560.0 0.000001090
 561.0 0.000001130
 562.0 0.000001170
 563.0 0.000001210
 564.0 0.000001250
 565.0 0.000001290
 566.0 0.000001330
 567.0 0.000001370
 568.0 0.000001410
 569.0 0.000001450
 570.0 0.000001490
 571.0 0.000001525
 572.0 0.000001560
 573.0 0.000001596
 574.0 0.000001631
 575.0 0.000001666
 576.0 0.000001702
 577.0 0.000001737
 578.0 0.000001772
 579.0 0.000001808
 580.0 0.000001843
 581.0 0.000013392
 582.0 0.000024940
 583.0 0.000036489
 584.0 0.000048038
 585.0 0.000059587
 586.0 0.000071135
 587.0 0.000082684
 588.0 0.000094233
 589.0 0.000105780
 590.0 0.000117330
 591.0 0.000148660
 592.0 0.000179980
 593.0 0.000211310
 594.0 0.000242630
 595.0 0.000273960
 596.0 0.000305290
 597.0 0.000336610
 598.0 0.000367940
 599.0 0.000399260
 600.0 0.000430590
 601.0 0.000447070
 602.0 0.000463540
 603.0 0.000480020
 604.0 0.000496500
 605.0 0.000512980
 606.0 0.000529450
 607.0 0.000545930
 608.0 0.000562410
 609.0 0.000578880
 610.0 0.000595360
 611.0 0.000729320
 612.0 0.000863290
 613.0 0.000997250
 614.0 0.001131200
 615.0 0.001265200
 616.0 0.001399100
 617.0 0.001533100
 618.0 0.001667100
 619.0 0.001801000
 620.0 0.001935000
 621.0 0.001936800
 622.0 0.001938700
 623.0 0.001940600
 624.0 0.001942400
 625.0 0.001944200
 626.0 0.001946100
 627.0 0.001948000
 628.0 0.001949800
 629.0 0.001951700
 630.0 0.001953500
 631.0 0.001995900
 632.0 0.002038300
 633.0 0.002080700
 634.0 0.002123100
 635.0 0.002165500
 636.0 0.002207800
 637.0 0.002250200
 638.0 0.002292600
 639.0 0.002335000
 640.0 0.002377400
 641.0 0.002291000
 642.0 0.002204500
 643.0 0.002118100
 644.0 0.002031600
 645.0 0.001945200
 646.0 0.001858800
 647.0 0.001772300
 648.0 0.001685900
 649.0 0.001599400
 650.0 0.001513000
 651.0 0.001853800
 652.0 0.002194700
 653.0 0.002535500
 654.0 0.002876400
 655.0 0.003217200
 656.0 0.003558000
 657.0 0.003898900
 658.0 0.004239700
 659.0 0.004580600
 660.0 0.004921400
 661.0 0.004459300
 662.0 0.003997200
 663.0 0.003535100
 664.0 0.003073000
 665.0 0.002610900
 666.0 0.002148800
 667.0 0.001686700
 668.0 0.001224600
 669.0 0.000762480
 670.0 0.000300380
 671.0 0.000296300
 672.0 0.000292220
 673.0 0.000288140
 674.0 0.000284060
 675.0 0.000279980
 676.0 0.000275900
 677.0 0.000271820
 678.0 0.000267740
 679.0 0.000263660
 680.0 0.000259580
 681.0 0.000266960
 682.0 0.000274340
 683.0 0.000281730
 684.0 0.000289110
 685.0 0.000296490
 686.0 0.000303870
 687.0 0.000311250
 688.0 0.000318640
 689.0 0.000326020
 690.0 0.000333400
 691.0 0.000340650
 692.0 0.000347900
 693.0 0.000355150
 694.0 0.000362400
 695.0 0.000369650
 696.0 0.000376900
 697.0 0.000384150
 698.0 0.000391400
 699.0 0.000398650
 700.0 0.000405900
 701.0 0.000417450
 702.0 0.000429000
 703.0 0.000440550
 704.0 0.000452100
 705.0 0.000463660
 706.0 0.000475210
 707.0 0.000486760
 708.0 0.000498310
 709.0 0.000509860
 710.0 0.000521410
 711.0 0.000547200
 712.0 0.000572990
 713.0 0.000598770
 714.0 0.000624560
 715.0 0.000650350
 716.0 0.000676140
 717.0 0.000701930
 718.0 0.000727710
 719.0 0.000753500
 720.0 0.000779290
 721.0 0.000762530
 722.0 0.000745770
 723.0 0.000729020
 724.0 0.000712260
 725.0 0.000695500
 726.0 0.000678740
 727.0 0.000661980
 728.0 0.000645230
 729.0 0.000628470
 730.0 0.000611710
 731.0 0.001181900
 732.0 0.001752000
 733.0 0.002718000
 734.0 0.004421600
 735.0 0.007728300
 736.0 0.011750000
 737.0 0.024855000
 738.0 0.056691000
 739.0 0.122410000
 740.0 0.230500000
 741.0 0.373870000
 742.0 0.538060000
 743.0 0.705330000
 744.0 0.851550000
 745.0 0.945500000
 746.0 0.987050000
 747.0 0.997410000
 748.0 0.962140000
 749.0 0.875580000
 750.0 0.758600000
 751.0 0.620990000
 752.0 0.449230000
 753.0 0.258240000
 754.0 0.120010000
 755.0 0.053017000
 756.0 0.024162000
 757.0 0.010736000
 758.0 0.004691200
 759.0 0.002093800
 760.0 0.000960670
 761.0 0.000414900
 762.0 0.000254610
 763.0 0.000244620
 764.0 0.000234630
 765.0 0.000224640
 766.0 0.000214650
 767.0 0.000204660
 768.0 0.000194680
 769.0 0.000184690
 770.0 0.000174700
 771.0 0.000164710
 772.0 0.000154710
 773.0 0.000144720
 774.0 0.000134720
 775.0 0.000124730
 776.0 0.000114740
 777.0 0.000104740
 778.0 0.000094748
 779.0 0.000084754
 780.0 0.000074760
 781.0 0.000075120
 782.0 0.000075480
 783.0 0.000075839
 784.0 0.000076199
 785.0 0.000076559
 786.0 0.000076919
 787.0 0.000077279
 788.0 0.000077638
 789.0 0.000077998
 790.0 0.000078358
 791.0 0.000077894
 792.0 0.000077429
 793.0 0.000076965
 794.0 0.000076501
 795.0 0.000076037
 796.0 0.000075572
 797.0 0.000075108
 798.0 0.000074644
 799.0 0.000074179
 800.0 0.000073715
 801.0 0.000075145
 802.0 0.000076575
 803.0 0.000078005
 804.0 0.000079435
 805.0 0.000080864
 806.0 0.000082294
 807.0 0.000083724
 808.0 0.000085154
 809.0 0.000086584
 810.0 0.000088014
 811.0 0.000089869
 812.0 0.000091723
 813.0 0.000093578
 814.0 0.000095432
 815.0 0.000097287
 816.0 0.000099142
 817.0 0.000101000
 818.0 0.000102850
 819.0 0.000104710
 820.0 0.000106560
 821.0 0.000110470
 822.0 0.000114370
 823.0 0.000118270
 824.0 0.000122180
 825.0 0.000126080
 826.0 0.000129990
 827.0 0.000133890
 828.0 0.000137800
 829.0 0.000141710
 830.0 0.000145610
 831.0 0.000149170
 832.0 0.000152730
 833.0 0.000156290
 834.0 0.000159850
 835.0 0.000163420
 836.0 0.000166980
 837.0 0.000170540
 838.0 0.000174100
 839.0 0.000177660
 840.0 0.000181220
 841.0 0.000200410
 842.0 0.000219600
 843.0 0.000238780
 844.0 0.000257970
 845.0 0.000277160
 846.0 0.000296350
 847.0 0.000315540
 848.0 0.000334720
 849.0 0.000353910
 850.0 0.000373100
 851.0 0.000437590
 852.0 0.000502080
 853.0 0.000566570
 854.0 0.000631060
 855.0 0.000695550
 856.0 0.000760040
 857.0 0.000824530
 858.0 0.000889020
 859.0 0.000953510
 860.0 0.001018000
 861.0 0.001296200
 862.0 0.001574400
 863.0 0.001852600
 864.0 0.002130800
 865.0 0.002409000
 866.0 0.002687300
 867.0 0.002965500
 868.0 0.003243700
 869.0 0.003521900
 870.0 0.003800100
 871.0 0.003435600
 872.0 0.003071200
 873.0 0.002706700
 874.0 0.002342300
 875.0 0.001977800
 876.0 0.001613400
 877.0 0.001248900
 878.0 0.000884480
 879.0 0.000520030
 880.0 0.000155580
 881.0 0.000151000
 882.0 0.000146420
 883.0 0.000141840
 884.0 0.000137260
 885.0 0.000132680
 886.0 0.000128100
 887.0 0.000123520
 888.0 0.000118940
 889.0 0.000114360
 890.0 0.000109780
 891.0 0.000104140
 892.0 0.000098506
 893.0 0.000092869
 894.0 0.000087232
 895.0 0.000081594
 896.0 0.000075957
 897.0 0.000070320
 898.0 0.000064683
 899.0 0.000059046
 900.0 0.000053409
 901.0 0.000052044
 902.0 0.000050680
 903.0 0.000049315
 904.0 0.000047951
 905.0 0.000046586
 906.0 0.000045221
 907.0 0.000043857
 908.0 0.000042492
 909.0 0.000041128
 910.0 0.000039763
 911.0 0.000038979
 912.0 0.000038196
 913.0 0.000037412
 914.0 0.000036629
 915.0 0.000035845
 916.0 0.000035061
 917.0 0.000034278
 918.0 0.000033494
 919.0 0.000032711
 920.0 0.000031927
 921.0 0.000030931
 922.0 0.000029935
 923.0 0.000028938
 924.0 0.000027942
 925.0 0.000026946
 926.0 0.000025950
 927.0 0.000024954
 928.0 0.000023957
 929.0 0.000022961
 930.0 0.000021965
 931.0 0.000021957
 932.0 0.000021949
 933.0 0.000021941
 934.0 0.000021933
 935.0 0.000021925
 936.0 0.000021918
 937.0 0.000021910
 938.0 0.000021902
 939.0 0.000021894
 940.0 0.000021886
 941.0 0.000020608
 942.0 0.000019329
 943.0 0.000018051
 944.0 0.000016773
 945.0 0.000015495
 946.0 0.000014216
 947.0 0.000012938
 948.0 0.000011660
 949.0 0.000010381
 950.0 0.000009103
 951.0 0.000009019
 952.0 0.000008935
 953.0 0.000008850
 954.0 0.000008766
 955.0 0.000008682
 956.0 0.000008598
 957.0 0.000008514
 958.0 0.000008429
 959.0 0.000008345
 960.0 0.000008261
 961.0 0.000007995
 962.0 0.000007729
 963.0 0.000007463
 964.0 0.000007196
 965.0 0.000006930
 966.0 0.000006664
 967.0 0.000006398
 968.0 0.000006132
 969.0 0.000005866
 970.0 0.000005600
 971.0 0.000005996
 972.0 0.000006392
 973.0 0.000006787
 974.0 0.000007183
 975.0 0.000007580
 976.0 0.000007976
 977.0 0.000008371
 978.0 0.000008767
 979.0 0.000009163
 980.0 0.000009559
 981.0 0.000009103
 982.0 0.000008646
 983.0 0.000008190
 984.0 0.000007733
 985.0 0.000007276
 986.0 0.000006820
 987.0 0.000006363
 988.0 0.000005907
 989.0 0.000005450
 990.0 0.000004993
 991.0 0.000005206
 992.0 0.000005419
 993.0 0.000005631
 994.0 0.000005844
 995.0 0.000006056
 996.0 0.000006269
 997.0 0.000006482
 998.0 0.000006694
 999.0 0.000006907
1000.0 0.000007120
1001.0 0.000006814
1002.0 0.000006508
1003.0 0.000006202
1004.0 0.000005897
1005.0 0.000005591
1006.0 0.000005285
1007.0 0.000004979
1008.0 0.000004673
1009.0 0.000004368
1010.0 0.000004062
1011.0 0.000004157
1012.0 0.000004252
1013.0 0.000004347
1014.0 0.000004443
1015.0 0.000004538
1016.0 0.000004633
1017.0 0.000004728
1018.0 0.000004823
1019.0 0.000004918
1020.0 0.000005014
1021.0 0.000004967
1022.0 0.000004920
1023.0 0.000004873
1024.0 0.000004826
1025.0 0.000004779
1026.0 0.000004733
1027.0 0.000004686
1028.0 0.000004639
1029.0 0.000004592
1030.0 0.000004545
1031.0 0.000005024
1032.0 0.000005503
1033.0 0.000005981
1034.0 0.000006460
1035.0 0.000006939
1036.0 0.000007418
1037.0 0.000007896
1038.0 0.000008375
1039.0 0.000008854
1040.0 0.000009333
1041.0 0.000009196
1042.0 0.000009060
1043.0 0.000008924
1044.0 0.000008788
1045.0 0.000008651
1046.0 0.000008515
1047.0 0.000008378
1048.0 0.000008242
1049.0 0.000008106
1050.0 0.000007970
1051.0 0.000008000
1052.0 0.000008030
1053.0 0.000008060
1054.0 0.000008091
1055.0 0.000008121
1056.0 0.000008151
1057.0 0.000008181
1058.0 0.000008212
1059.0 0.000008242
1060.0 0.000008272
1061.0 0.000008761
1062.0 0.000009250
1063.0 0.000009739
1064.0 0.000010228
1065.0 0.000010717
1066.0 0.000011206
1067.0 0.000011694
1068.0 0.000012183
1069.0 0.000012672
1070.0 0.000013161
1071.0 0.000013682
1072.0 0.000014202
1073.0 0.000014723
1074.0 0.000015244
1075.0 0.000015765
1076.0 0.000016285
1077.0 0.000016806
1078.0 0.000017327
1079.0 0.000017847
1080.0 0.000018368
1081.0 0.000019111
1082.0 0.000019854
1083.0 0.000020597
1084.0 0.000021340
1085.0 0.000022084
1086.0 0.000022827
1087.0 0.000023570
1088.0 0.000024313
1089.0 0.000025056
1090.0 0.000025799
1091.0 0.000025661
1092.0 0.000025524
1093.0 0.000025386
1094.0 0.000025248
1095.0 0.000025110
1096.0 0.000024973
1097.0 0.000024835
1098.0 0.000024697
1099.0 0.000024560
1100.0 0.000024422
