721 TERMOD:Band8
 380.0 0.000046110
 381.0 0.000070891
 382.0 0.000095672
 383.0 0.000120450
 384.0 0.000145230
 385.0 0.000170010
 386.0 0.000194800
 387.0 0.000219580
 388.0 0.000244360
 389.0 0.000269140
 390.0 0.000293920
 391.0 0.000247700
 392.0 0.000332250
 393.0 0.000398040
 394.0 0.000545700
 395.0 0.000628600
 396.0 0.001116200
 397.0 0.001608200
 398.0 0.002913600
 399.0 0.006005600
 400.0 0.013964000
 401.0 0.032096000
 402.0 0.054437000
 403.0 0.208970000
 404.0 0.459050000
 405.0 0.599320000
 406.0 0.714090000
 407.0 0.676830000
 408.0 0.668520000
 409.0 0.723190000
 410.0 0.790130000
 411.0 0.764930000
 412.0 0.550200000
 413.0 0.413800000
 414.0 0.645240000
 415.0 0.892800000
 416.0 0.991800000
 417.0 0.927380000
 418.0 0.713520000
 419.0 0.475530000
 420.0 0.243150000
 421.0 0.099055000
 422.0 0.050651000
 423.0 0.014788000
 424.0 0.005554500
 425.0 0.002865100
 426.0 0.001259800
 427.0 0.000700460
 428.0 0.000266730
 429.0 0.000251180
 430.0 0.000086264
 431.0 0.000093300
 432.0 0.000116380
 433.0 0.000089633
 434.0 0.000052000
 435.0 0.000072667
 436.0 0.000095771
 437.0 0.000107730
 438.0 0.000117050
 439.0 0.000126360
 440.0 0.000135680
 441.0 0.000126520
 442.0 0.000117350
 443.0 0.000108190
 444.0 0.000099030
 445.0 0.000089867
 446.0 0.000080704
 447.0 0.000071542
 448.0 0.000062379
 449.0 0.000053217
 450.0 0.000044054
 451.0 0.000054727
 452.0 0.000065399
 453.0 0.000076072
 454.0 0.000086744
 455.0 0.000097417
 456.0 0.000108090
 457.0 0.000118760
 458.0 0.000129430
 459.0 0.000140110
 460.0 0.000150780
 461.0 0.000159610
 462.0 0.000168450
 463.0 0.000177280
 464.0 0.000186110
 465.0 0.000194940
 466.0 0.000203780
 467.0 0.000212610
 468.0 0.000221440
 469.0 0.000230280
 470.0 0.000239110
 471.0 0.000259550
 472.0 0.000280000
 473.0 0.000300440
 474.0 0.000320890
 475.0 0.000341330
 476.0 0.000361770
 477.0 0.000382220
 478.0 0.000402660
 479.0 0.000423110
 480.0 0.000443550
 481.0 0.000509440
 482.0 0.000575340
 483.0 0.000641240
 484.0 0.000707130
 485.0 0.000773020
 486.0 0.000838920
 487.0 0.000904820
 488.0 0.000970710
 489.0 0.001036600
 490.0 0.001102500
 491.0 0.001250500
 492.0 0.001398400
 493.0 0.001546400
 494.0 0.001694300
 495.0 0.001842300
 496.0 0.001990200
 497.0 0.002138100
 498.0 0.002286100
 499.0 0.002434100
 500.0 0.002582000
 501.0 0.002733000
 502.0 0.002884000
 503.0 0.003035000
 504.0 0.003186000
 505.0 0.003337100
 506.0 0.003488100
 507.0 0.003639100
 508.0 0.003790100
 509.0 0.003941100
 510.0 0.004092100
 511.0 0.003867900
 512.0 0.003643600
 513.0 0.003419400
 514.0 0.003195100
 515.0 0.002970900
 516.0 0.002746600
 517.0 0.002522400
 518.0 0.002298100
 519.0 0.002073900
 520.0 0.001849600
 521.0 0.001715100
 522.0 0.001580700
 523.0 0.001446200
 524.0 0.001311700
 525.0 0.001177200
 526.0 0.001042800
 527.0 0.000908310
 528.0 0.000773840
 529.0 0.000639370
 530.0 0.000504900
 531.0 0.000512810
 532.0 0.000520720
 533.0 0.000528620
 534.0 0.000536530
 535.0 0.000544440
 536.0 0.000552350
 537.0 0.000560260
 538.0 0.000568160
 539.0 0.000576070
 540.0 0.000583980
 541.0 0.000584790
 542.0 0.000585590
 543.0 0.000586390
 544.0 0.000587200
 545.0 0.000588010
 546.0 0.000588810
 547.0 0.000589620
 548.0 0.000590420
 549.0 0.000591220
 550.0 0.000592030
 551.0 0.000586200
 552.0 0.000580370
 553.0 0.000574540
 554.0 0.000568710
 555.0 0.000562880
 556.0 0.000557040
 557.0 0.000551210
 558.0 0.000545380
 559.0 0.000539550
 560.0 0.000533720
 561.0 0.000525280
 562.0 0.000516840
 563.0 0.000508400
 564.0 0.000499960
 565.0 0.000491520
 566.0 0.000483090
 567.0 0.000474650
 568.0 0.000466210
 569.0 0.000457770
 570.0 0.000449330
 571.0 0.000441200
 572.0 0.000433070
 573.0 0.000424940
 574.0 0.000416810
 575.0 0.000408680
 576.0 0.000400550
 577.0 0.000392420
 578.0 0.000384290
 579.0 0.000376160
 580.0 0.000368030
 581.0 0.000346540
 582.0 0.000325040
 583.0 0.000303550
 584.0 0.000282060
 585.0 0.000260570
 586.0 0.000239070
 587.0 0.000217580
 588.0 0.000196090
 589.0 0.000174590
 590.0 0.000153100
 591.0 0.000140310
 592.0 0.000127510
 593.0 0.000114720
 594.0 0.000101920
 595.0 0.000089131
 596.0 0.000076337
 597.0 0.000063543
 598.0 0.000050749
 599.0 0.000037955
 600.0 0.000025161
 601.0 0.000024555
 602.0 0.000023949
 603.0 0.000023343
 604.0 0.000022737
 605.0 0.000022130
 606.0 0.000021524
 607.0 0.000020918
 608.0 0.000020312
 609.0 0.000019706
 610.0 0.000019100
 611.0 0.000019991
 612.0 0.000020883
 613.0 0.000021775
 614.0 0.000022666
 615.0 0.000023557
 616.0 0.000024449
 617.0 0.000025340
 618.0 0.000026232
 619.0 0.000027124
 620.0 0.000028015
 621.0 0.000027755
 622.0 0.000027495
 623.0 0.000027235
 624.0 0.000026975
 625.0 0.000026715
 626.0 0.000026455
 627.0 0.000026195
 628.0 0.000025935
 629.0 0.000025675
 630.0 0.000025415
 631.0 0.000028045
 632.0 0.000030676
 633.0 0.000033306
 634.0 0.000035936
 635.0 0.000038567
 636.0 0.000041197
 637.0 0.000043827
 638.0 0.000046457
 639.0 0.000049088
 640.0 0.000051718
 641.0 0.000047925
 642.0 0.000044132
 643.0 0.000040339
 644.0 0.000036546
 645.0 0.000032753
 646.0 0.000028959
 647.0 0.000025166
 648.0 0.000021373
 649.0 0.000017580
 650.0 0.000013787
 651.0 0.000021011
 652.0 0.000028235
 653.0 0.000035459
 654.0 0.000042683
 655.0 0.000049906
 656.0 0.000057130
 657.0 0.000064354
 658.0 0.000071578
 659.0 0.000078802
 660.0 0.000086026
 661.0 0.000088728
 662.0 0.000091431
 663.0 0.000094133
 664.0 0.000096836
 665.0 0.000099538
 666.0 0.000102240
 667.0 0.000104940
 668.0 0.000107650
 669.0 0.000110350
 670.0 0.000113050
 671.0 0.000111690
 672.0 0.000110320
 673.0 0.000108960
 674.0 0.000107600
 675.0 0.000106230
 676.0 0.000104870
 677.0 0.000103510
 678.0 0.000102150
 679.0 0.000100780
 680.0 0.000099419
 681.0 0.000096822
 682.0 0.000094226
 683.0 0.000091629
 684.0 0.000089033
 685.0 0.000086436
 686.0 0.000083840
 687.0 0.000081244
 688.0 0.000078647
 689.0 0.000076050
 690.0 0.000073454
 691.0 0.000071861
 692.0 0.000070267
 693.0 0.000068674
 694.0 0.000067081
 695.0 0.000065488
 696.0 0.000063894
 697.0 0.000062301
 698.0 0.000060708
 699.0 0.000059114
 700.0 0.000057521
 701.0 0.000055629
 702.0 0.000053736
 703.0 0.000051844
 704.0 0.000049952
 705.0 0.000048059
 706.0 0.000046167
 707.0 0.000044275
 708.0 0.000042383
 709.0 0.000040490
 710.0 0.000038598
 711.0 0.000039969
 712.0 0.000041340
 713.0 0.000042711
 714.0 0.000044082
 715.0 0.000045454
 716.0 0.000046825
 717.0 0.000048196
 718.0 0.000049567
 719.0 0.000050938
 720.0 0.000052309
 721.0 0.000048961
 722.0 0.000045614
 723.0 0.000042266
 724.0 0.000038918
 725.0 0.000035570
 726.0 0.000032223
 727.0 0.000028875
 728.0 0.000025527
 729.0 0.000022180
 730.0 0.000018832
 731.0 0.000019293
 732.0 0.000019754
 733.0 0.000020216
 734.0 0.000020677
 735.0 0.000021138
 736.0 0.000021599
 737.0 0.000022060
 738.0 0.000022522
 739.0 0.000022983
 740.0 0.000023444
 741.0 0.000024679
 742.0 0.000025915
 743.0 0.000027150
 744.0 0.000028386
 745.0 0.000029621
 746.0 0.000030856
 747.0 0.000032092
 748.0 0.000033327
 749.0 0.000034563
 750.0 0.000035798
 751.0 0.000037102
 752.0 0.000038406
 753.0 0.000039710
 754.0 0.000041014
 755.0 0.000042317
 756.0 0.000043621
 757.0 0.000044925
 758.0 0.000046229
 759.0 0.000047533
 760.0 0.000048837
 761.0 0.000046880
 762.0 0.000044923
 763.0 0.000042966
 764.0 0.000041009
 765.0 0.000039052
 766.0 0.000037095
 767.0 0.000035138
 768.0 0.000033181
 769.0 0.000031224
 770.0 0.000029267
 771.0 0.000028152
 772.0 0.000027036
 773.0 0.000025921
 774.0 0.000024806
 775.0 0.000023690
 776.0 0.000022575
 777.0 0.000021460
 778.0 0.000020345
 779.0 0.000019229
 780.0 0.000018114
 781.0 0.000018918
 782.0 0.000019721
 783.0 0.000020525
 784.0 0.000021329
 785.0 0.000022132
 786.0 0.000022936
 787.0 0.000023740
 788.0 0.000024544
 789.0 0.000025347
 790.0 0.000026151
 791.0 0.000026287
 792.0 0.000026422
 793.0 0.000026558
 794.0 0.000026694
 795.0 0.000026830
 796.0 0.000026965
 797.0 0.000027101
 798.0 0.000027237
 799.0 0.000027372
 800.0 0.000027508
 801.0 0.000027299
 802.0 0.000027091
 803.0 0.000026882
 804.0 0.000026674
 805.0 0.000026465
 806.0 0.000026256
 807.0 0.000026048
 808.0 0.000025839
 809.0 0.000025631
 810.0 0.000025422
 811.0 0.000027547
 812.0 0.000029672
 813.0 0.000031798
 814.0 0.000033923
 815.0 0.000036048
 816.0 0.000038173
 817.0 0.000040298
 818.0 0.000042424
 819.0 0.000044549
 820.0 0.000046674
 821.0 0.000049641
 822.0 0.000052608
 823.0 0.000055575
 824.0 0.000058542
 825.0 0.000061509
 826.0 0.000064475
 827.0 0.000067442
 828.0 0.000070409
 829.0 0.000073376
 830.0 0.000076343
 831.0 0.000075109
 832.0 0.000073875
 833.0 0.000072641
 834.0 0.000071407
 835.0 0.000070173
 836.0 0.000068938
 837.0 0.000067704
 838.0 0.000066470
 839.0 0.000065236
 840.0 0.000064002
 841.0 0.000067859
 842.0 0.000071716
 843.0 0.000075572
 844.0 0.000079429
 845.0 0.000083286
 846.0 0.000087143
 847.0 0.000091000
 848.0 0.000094856
 849.0 0.000098713
 850.0 0.000102570
 851.0 0.000106820
 852.0 0.000111060
 853.0 0.000115310
 854.0 0.000119550
 855.0 0.000123800
 856.0 0.000128050
 857.0 0.000132290
 858.0 0.000136540
 859.0 0.000140780
 860.0 0.000145030
 861.0 0.000139440
 862.0 0.000133850
 863.0 0.000128270
 864.0 0.000122680
 865.0 0.000117090
 866.0 0.000111500
 867.0 0.000105910
 868.0 0.000100320
 869.0 0.000094735
 870.0 0.000089147
 871.0 0.000084740
 872.0 0.000080334
 873.0 0.000075927
 874.0 0.000071520
 875.0 0.000067113
 876.0 0.000062707
 877.0 0.000058300
 878.0 0.000053893
 879.0 0.000049487
 880.0 0.000045080
 881.0 0.000042116
 882.0 0.000039153
 883.0 0.000036189
 884.0 0.000033225
 885.0 0.000030261
 886.0 0.000027298
 887.0 0.000024334
 888.0 0.000021370
 889.0 0.000018407
 890.0 0.000015443
 891.0 0.000015607
 892.0 0.000015771
 893.0 0.000015936
 894.0 0.000016100
 895.0 0.000016264
 896.0 0.000016428
 897.0 0.000016592
 898.0 0.000016757
 899.0 0.000016921
 900.0 0.000017085
 901.0 0.000016624
 902.0 0.000016162
 903.0 0.000015701
 904.0 0.000015239
 905.0 0.000014778
 906.0 0.000014317
 907.0 0.000013855
 908.0 0.000013394
 909.0 0.000012932
 910.0 0.000012471
 911.0 0.000012299
 912.0 0.000012128
 913.0 0.000011956
 914.0 0.000011785
 915.0 0.000011613
 916.0 0.000011441
 917.0 0.000011270
 918.0 0.000011098
 919.0 0.000010927
 920.0 0.000010755
 921.0 0.000010533
 922.0 0.000010311
 923.0 0.000010089
 924.0 0.000009866
 925.0 0.000009644
 926.0 0.000009422
 927.0 0.000009200
 928.0 0.000008978
 929.0 0.000008756
 930.0 0.000008533
 931.0 0.000010416
 932.0 0.000012299
 933.0 0.000014182
 934.0 0.000016065
 935.0 0.000017948
 936.0 0.000019831
 937.0 0.000021714
 938.0 0.000023597
 939.0 0.000025480
 940.0 0.000027363
 941.0 0.000027326
 942.0 0.000027289
 943.0 0.000027252
 944.0 0.000027215
 945.0 0.000027178
 946.0 0.000027141
 947.0 0.000027104
 948.0 0.000027067
 949.0 0.000027030
 950.0 0.000026993
 951.0 0.000026712
 952.0 0.000026431
 953.0 0.000026150
 954.0 0.000025869
 955.0 0.000025589
 956.0 0.000025308
 957.0 0.000025027
 958.0 0.000024746
 959.0 0.000024465
 960.0 0.000024184
 961.0 0.000024438
 962.0 0.000024692
 963.0 0.000024946
 964.0 0.000025200
 965.0 0.000025455
 966.0 0.000025709
 967.0 0.000025963
 968.0 0.000026217
 969.0 0.000026471
 970.0 0.000026725
 971.0 0.000027142
 972.0 0.000027559
 973.0 0.000027976
 974.0 0.000028393
 975.0 0.000028811
 976.0 0.000029228
 977.0 0.000029645
 978.0 0.000030062
 979.0 0.000030479
 980.0 0.000030896
 981.0 0.000029271
 982.0 0.000027645
 983.0 0.000026020
 984.0 0.000024395
 985.0 0.000022769
 986.0 0.000021144
 987.0 0.000019519
 988.0 0.000017894
 989.0 0.000016268
 990.0 0.000014643
 991.0 0.000014848
 992.0 0.000015053
 993.0 0.000015259
 994.0 0.000015464
 995.0 0.000015669
 996.0 0.000015874
 997.0 0.000016079
 998.0 0.000016285
 999.0 0.000016490
1000.0 0.000016695
1001.0 0.000015774
1002.0 0.000014852
1003.0 0.000013931
1004.0 0.000013009
1005.0 0.000012088
1006.0 0.000011166
1007.0 0.000010245
1008.0 0.000009323
1009.0 0.000008402
1010.0 0.000007481
1011.0 0.000009791
1012.0 0.000012102
1013.0 0.000014413
1014.0 0.000016724
1015.0 0.000019035
1016.0 0.000021346
1017.0 0.000023656
1018.0 0.000025967
1019.0 0.000028278
1020.0 0.000030589
1021.0 0.000028470
1022.0 0.000026351
1023.0 0.000024232
1024.0 0.000022113
1025.0 0.000019994
1026.0 0.000017874
1027.0 0.000015755
1028.0 0.000013636
1029.0 0.000011517
1030.0 0.000009398
1031.0 0.000009605
1032.0 0.000009813
1033.0 0.000010020
1034.0 0.000010227
1035.0 0.000010435
1036.0 0.000010642
1037.0 0.000010849
1038.0 0.000011056
1039.0 0.000011264
1040.0 0.000011471
1041.0 0.000013658
1042.0 0.000015846
1043.0 0.000018033
1044.0 0.000020221
1045.0 0.000022408
1046.0 0.000024595
1047.0 0.000026783
1048.0 0.000028970
1049.0 0.000031158
1050.0 0.000033345
1051.0 0.000032055
1052.0 0.000030765
1053.0 0.000029475
1054.0 0.000028185
1055.0 0.000026895
1056.0 0.000025604
1057.0 0.000024314
1058.0 0.000023024
1059.0 0.000021734
1060.0 0.000020444
1061.0 0.000022044
1062.0 0.000023645
1063.0 0.000025245
1064.0 0.000026845
1065.0 0.000028445
1066.0 0.000030046
1067.0 0.000031646
1068.0 0.000033246
1069.0 0.000034847
1070.0 0.000036447
1071.0 0.000035257
1072.0 0.000034066
1073.0 0.000032876
1074.0 0.000031685
1075.0 0.000030495
1076.0 0.000029305
1077.0 0.000028114
1078.0 0.000026924
1079.0 0.000025733
1080.0 0.000024543
1081.0 0.000027316
1082.0 0.000030088
1083.0 0.000032861
1084.0 0.000035633
1085.0 0.000038406
1086.0 0.000041179
1087.0 0.000043951
1088.0 0.000046724
1089.0 0.000049496
1090.0 0.000052269
1091.0 0.000057047
1092.0 0.000061825
1093.0 0.000066603
1094.0 0.000071381
1095.0 0.000076160
1096.0 0.000080938
1097.0 0.000085716
1098.0 0.000090494
1099.0 0.000095272
1100.0 0.000100050
