68 TERMOD:Band1
614.0 0.015080000
615.0 0.028070000
616.0 0.073010000
617.0 0.117950000
618.0 0.171190000
619.0 0.273890000
620.0 0.376990000
621.0 0.482960000
622.0 0.588940000
623.0 0.686030000
624.0 0.730670000
625.0 0.769900000
626.0 0.774290000
627.0 0.778690000
628.0 0.782790000
629.0 0.784930000
630.0 0.786950000
631.0 0.788290000
632.0 0.789640000
633.0 0.791200000
634.0 0.794250000
635.0 0.797570000
636.0 0.802530000
637.0 0.807490000
638.0 0.812570000
639.0 0.818310000
640.0 0.823980000
641.0 0.829230000
642.0 0.834480000
643.0 0.840210000
644.0 0.849100000
645.0 0.858650000
646.0 0.872100000
647.0 0.885550000
648.0 0.898530000
649.0 0.908550000
650.0 0.919520000
651.0 0.937150000
652.0 0.954790000
653.0 0.971710000
654.0 0.983440000
655.0 0.993800000
656.0 0.995960000
657.0 0.998130000
658.0 0.997510000
659.0 0.979050000
660.0 0.956840000
661.0 0.907510000
662.0 0.858190000
663.0 0.809850000
664.0 0.767390000
665.0 0.722710000
666.0 0.664880000
667.0 0.607040000
668.0 0.546960000
669.0 0.472700000
670.0 0.398790000
671.0 0.327170000
672.0 0.255550000
673.0 0.187460000
674.0 0.141450000
675.0 0.098470000
676.0 0.076460000
677.0 0.054460000
678.0 0.034000000
679.0 0.024440000
680.0 0.015640000
681.0 0.011950000
