721 TERMOD:Band12
 380.0 0.000010840
 381.0 0.000011706
 382.0 0.000012572
 383.0 0.000013439
 384.0 0.000014305
 385.0 0.000015171
 386.0 0.000016037
 387.0 0.000016903
 388.0 0.000017770
 389.0 0.000018636
 390.0 0.000019502
 391.0 0.000030272
 392.0 0.000041042
 393.0 0.000051811
 394.0 0.000062581
 395.0 0.000073351
 396.0 0.000084121
 397.0 0.000094891
 398.0 0.000105660
 399.0 0.000116430
 400.0 0.000127200
 401.0 0.000119410
 402.0 0.000111630
 403.0 0.000103840
 404.0 0.000096060
 405.0 0.000088275
 406.0 0.000080490
 407.0 0.000072705
 408.0 0.000064920
 409.0 0.000057135
 410.0 0.000049350
 411.0 0.000051581
 412.0 0.000053812
 413.0 0.000056042
 414.0 0.000058273
 415.0 0.000060504
 416.0 0.000062735
 417.0 0.000064966
 418.0 0.000067196
 419.0 0.000069427
 420.0 0.000071658
 421.0 0.000072824
 422.0 0.000073990
 423.0 0.000075156
 424.0 0.000076322
 425.0 0.000077488
 426.0 0.000078653
 427.0 0.000079819
 428.0 0.000080985
 429.0 0.000082151
 430.0 0.000083317
 431.0 0.000078981
 432.0 0.000074645
 433.0 0.000070309
 434.0 0.000065973
 435.0 0.000061636
 436.0 0.000057300
 437.0 0.000052964
 438.0 0.000048628
 439.0 0.000044292
 440.0 0.000039956
 441.0 0.000038922
 442.0 0.000037888
 443.0 0.000036854
 444.0 0.000035820
 445.0 0.000034786
 446.0 0.000033751
 447.0 0.000032717
 448.0 0.000031683
 449.0 0.000030649
 450.0 0.000029615
 451.0 0.000033209
 452.0 0.000036804
 453.0 0.000040398
 454.0 0.000043993
 455.0 0.000047587
 456.0 0.000051181
 457.0 0.000054776
 458.0 0.000058370
 459.0 0.000061965
 460.0 0.000065559
 461.0 0.000080415
 462.0 0.000095271
 463.0 0.000110130
 464.0 0.000124980
 465.0 0.000139840
 466.0 0.000154700
 467.0 0.000169550
 468.0 0.000184410
 469.0 0.000199260
 470.0 0.000214120
 471.0 0.000209210
 472.0 0.000204310
 473.0 0.000199400
 474.0 0.000194500
 475.0 0.000189590
 476.0 0.000184690
 477.0 0.000179780
 478.0 0.000174880
 479.0 0.000169970
 480.0 0.000165070
 481.0 0.000178350
 482.0 0.000191640
 483.0 0.000204920
 484.0 0.000218200
 485.0 0.000231480
 486.0 0.000244770
 487.0 0.000258050
 488.0 0.000271330
 489.0 0.000284620
 490.0 0.000297900
 491.0 0.000308130
 492.0 0.000318360
 493.0 0.000328590
 494.0 0.000338820
 495.0 0.000349050
 496.0 0.000359270
 497.0 0.000369500
 498.0 0.000379730
 499.0 0.000389960
 500.0 0.000400190
 501.0 0.000419860
 502.0 0.000439520
 503.0 0.000459190
 504.0 0.000478850
 505.0 0.000498510
 506.0 0.000518180
 507.0 0.000537850
 508.0 0.000557510
 509.0 0.000577180
 510.0 0.000596840
 511.0 0.000625420
 512.0 0.000654010
 513.0 0.000682590
 514.0 0.000711180
 515.0 0.000739760
 516.0 0.000768340
 517.0 0.000796930
 518.0 0.000825510
 519.0 0.000854100
 520.0 0.000882680
 521.0 0.000952480
 522.0 0.001022300
 523.0 0.001092100
 524.0 0.001161900
 525.0 0.001231700
 526.0 0.001301500
 527.0 0.001371300
 528.0 0.001441100
 529.0 0.001510900
 530.0 0.001580700
 531.0 0.001670000
 532.0 0.001759300
 533.0 0.001848600
 534.0 0.001937900
 535.0 0.002027100
 536.0 0.002245600
 537.0 0.005796900
 538.0 0.023610000
 539.0 0.077403000
 540.0 0.179680000
 541.0 0.333780000
 542.0 0.537560000
 543.0 0.758370000
 544.0 0.919720000
 545.0 0.980820000
 546.0 0.997440000
 547.0 0.999810000
 548.0 0.989400000
 549.0 0.952780000
 550.0 0.863910000
 551.0 0.720670000
 552.0 0.530840000
 553.0 0.318960000
 554.0 0.137970000
 555.0 0.042145000
 556.0 0.012221000
 557.0 0.004238600
 558.0 0.001884500
 559.0 0.001093000
 560.0 0.000689990
 561.0 0.000487920
 562.0 0.000414850
 563.0 0.000381190
 564.0 0.000234550
 565.0 0.000166350
 566.0 0.000121350
 567.0 0.000225650
 568.0 0.000411580
 569.0 0.000600710
 570.0 0.000789850
 571.0 0.000775190
 572.0 0.000760530
 573.0 0.000745870
 574.0 0.000731210
 575.0 0.000716560
 576.0 0.000701900
 577.0 0.000687240
 578.0 0.000672580
 579.0 0.000657920
 580.0 0.000643260
 581.0 0.000599440
 582.0 0.000555620
 583.0 0.000511790
 584.0 0.000467970
 585.0 0.000424150
 586.0 0.000380330
 587.0 0.000336510
 588.0 0.000292680
 589.0 0.000248860
 590.0 0.000205040
 591.0 0.000188260
 592.0 0.000171480
 593.0 0.000154700
 594.0 0.000137910
 595.0 0.000121130
 596.0 0.000104350
 597.0 0.000087569
 598.0 0.000070788
 599.0 0.000054006
 600.0 0.000037225
 601.0 0.000035381
 602.0 0.000033536
 603.0 0.000031692
 604.0 0.000029848
 605.0 0.000028004
 606.0 0.000026159
 607.0 0.000024315
 608.0 0.000022471
 609.0 0.000020626
 610.0 0.000018782
 611.0 0.000018904
 612.0 0.000019026
 613.0 0.000019148
 614.0 0.000019270
 615.0 0.000019392
 616.0 0.000019513
 617.0 0.000019635
 618.0 0.000019757
 619.0 0.000019879
 620.0 0.000020001
 621.0 0.000018910
 622.0 0.000017820
 623.0 0.000016729
 624.0 0.000015639
 625.0 0.000014548
 626.0 0.000013457
 627.0 0.000012367
 628.0 0.000011276
 629.0 0.000010186
 630.0 0.000009095
 631.0 0.000008500
 632.0 0.000007905
 633.0 0.000007309
 634.0 0.000006714
 635.0 0.000006119
 636.0 0.000005523
 637.0 0.000004928
 638.0 0.000004333
 639.0 0.000003738
 640.0 0.000003142
 641.0 0.000003264
 642.0 0.000003384
 643.0 0.000003505
 644.0 0.000003626
 645.0 0.000003747
 646.0 0.000003868
 647.0 0.000003989
 648.0 0.000004110
 649.0 0.000004231
 650.0 0.000004352
 651.0 0.000005245
 652.0 0.000006137
 653.0 0.000007029
 654.0 0.000007922
 655.0 0.000008814
 656.0 0.000009706
 657.0 0.000010599
 658.0 0.000011491
 659.0 0.000012384
 660.0 0.000013276
 661.0 0.000013136
 662.0 0.000012996
 663.0 0.000012857
 664.0 0.000012717
 665.0 0.000012577
 666.0 0.000012437
 667.0 0.000012297
 668.0 0.000012158
 669.0 0.000012018
 670.0 0.000011878
 671.0 0.000011204
 672.0 0.000010530
 673.0 0.000009855
 674.0 0.000009181
 675.0 0.000008507
 676.0 0.000007833
 677.0 0.000007159
 678.0 0.000006485
 679.0 0.000005810
 680.0 0.000005136
 681.0 0.000004783
 682.0 0.000004431
 683.0 0.000004078
 684.0 0.000003725
 685.0 0.000003372
 686.0 0.000003020
 687.0 0.000002667
 688.0 0.000002314
 689.0 0.000001962
 690.0 0.000001609
 691.0 0.000001702
 692.0 0.000001795
 693.0 0.000001888
 694.0 0.000001981
 695.0 0.000002074
 696.0 0.000002167
 697.0 0.000002260
 698.0 0.000002353
 699.0 0.000002446
 700.0 0.000002538
 701.0 0.000002665
 702.0 0.000002791
 703.0 0.000002918
 704.0 0.000003044
 705.0 0.000003171
 706.0 0.000003297
 707.0 0.000003424
 708.0 0.000003550
 709.0 0.000003676
 710.0 0.000003803
 711.0 0.000003612
 712.0 0.000003421
 713.0 0.000003230
 714.0 0.000003038
 715.0 0.000002847
 716.0 0.000002656
 717.0 0.000002465
 718.0 0.000002274
 719.0 0.000002083
 720.0 0.000001892
 721.0 0.000001936
 722.0 0.000001980
 723.0 0.000002024
 724.0 0.000002068
 725.0 0.000002112
 726.0 0.000002156
 727.0 0.000002200
 728.0 0.000002244
 729.0 0.000002288
 730.0 0.000002332
 731.0 0.000002387
 732.0 0.000002442
 733.0 0.000002498
 734.0 0.000002553
 735.0 0.000002608
 736.0 0.000002663
 737.0 0.000002718
 738.0 0.000002774
 739.0 0.000002829
 740.0 0.000002884
 741.0 0.000002737
 742.0 0.000002590
 743.0 0.000002443
 744.0 0.000002296
 745.0 0.000002149
 746.0 0.000002002
 747.0 0.000001855
 748.0 0.000001708
 749.0 0.000001561
 750.0 0.000001414
 751.0 0.000001658
 752.0 0.000001901
 753.0 0.000002143
 754.0 0.000002386
 755.0 0.000002629
 756.0 0.000002872
 757.0 0.000003115
 758.0 0.000003358
 759.0 0.000003601
 760.0 0.000003844
 761.0 0.000004146
 762.0 0.000004447
 763.0 0.000004749
 764.0 0.000005050
 765.0 0.000005351
 766.0 0.000005653
 767.0 0.000005954
 768.0 0.000006256
 769.0 0.000006557
 770.0 0.000006858
 771.0 0.000006537
 772.0 0.000006215
 773.0 0.000005893
 774.0 0.000005571
 775.0 0.000005249
 776.0 0.000004927
 777.0 0.000004606
 778.0 0.000004284
 779.0 0.000003962
 780.0 0.000003640
 781.0 0.000003807
 782.0 0.000003973
 783.0 0.000004140
 784.0 0.000004307
 785.0 0.000004474
 786.0 0.000004640
 787.0 0.000004807
 788.0 0.000004974
 789.0 0.000005141
 790.0 0.000005307
 791.0 0.000005340
 792.0 0.000005374
 793.0 0.000005407
 794.0 0.000005440
 795.0 0.000005473
 796.0 0.000005506
 797.0 0.000005539
 798.0 0.000005572
 799.0 0.000005605
 800.0 0.000005638
 801.0 0.000006147
 802.0 0.000006656
 803.0 0.000007165
 804.0 0.000007673
 805.0 0.000008182
 806.0 0.000008691
 807.0 0.000009200
 808.0 0.000009709
 809.0 0.000010217
 810.0 0.000010726
 811.0 0.000010993
 812.0 0.000011259
 813.0 0.000011526
 814.0 0.000011792
 815.0 0.000012059
 816.0 0.000012326
 817.0 0.000012592
 818.0 0.000012859
 819.0 0.000013125
 820.0 0.000013392
 821.0 0.000013297
 822.0 0.000013203
 823.0 0.000013108
 824.0 0.000013014
 825.0 0.000012919
 826.0 0.000012824
 827.0 0.000012730
 828.0 0.000012635
 829.0 0.000012541
 830.0 0.000012446
 831.0 0.000011921
 832.0 0.000011395
 833.0 0.000010870
 834.0 0.000010345
 835.0 0.000009819
 836.0 0.000009294
 837.0 0.000008769
 838.0 0.000008243
 839.0 0.000007718
 840.0 0.000007193
 841.0 0.000007927
 842.0 0.000008661
 843.0 0.000009396
 844.0 0.000010130
 845.0 0.000010864
 846.0 0.000011599
 847.0 0.000012333
 848.0 0.000013067
 849.0 0.000013802
 850.0 0.000014536
 851.0 0.000014074
 852.0 0.000013612
 853.0 0.000013149
 854.0 0.000012687
 855.0 0.000012225
 856.0 0.000011763
 857.0 0.000011300
 858.0 0.000010838
 859.0 0.000010376
 860.0 0.000009914
 861.0 0.000009478
 862.0 0.000009042
 863.0 0.000008607
 864.0 0.000008171
 865.0 0.000007735
 866.0 0.000007300
 867.0 0.000006864
 868.0 0.000006429
 869.0 0.000005993
 870.0 0.000005557
 871.0 0.000005953
 872.0 0.000006349
 873.0 0.000006744
 874.0 0.000007140
 875.0 0.000007536
 876.0 0.000007932
 877.0 0.000008327
 878.0 0.000008723
 879.0 0.000009119
 880.0 0.000009515
 881.0 0.000009086
 882.0 0.000008657
 883.0 0.000008229
 884.0 0.000007800
 885.0 0.000007371
 886.0 0.000006943
 887.0 0.000006514
 888.0 0.000006085
 889.0 0.000005657
 890.0 0.000005228
 891.0 0.000005161
 892.0 0.000005093
 893.0 0.000005025
 894.0 0.000004957
 895.0 0.000004890
 896.0 0.000004822
 897.0 0.000004754
 898.0 0.000004686
 899.0 0.000004619
 900.0 0.000004551
 901.0 0.000005126
 902.0 0.000005700
 903.0 0.000006275
 904.0 0.000006849
 905.0 0.000007424
 906.0 0.000007999
 907.0 0.000008573
 908.0 0.000009148
 909.0 0.000009722
 910.0 0.000010297
 911.0 0.000010550
 912.0 0.000010804
 913.0 0.000011058
 914.0 0.000011311
 915.0 0.000011564
 916.0 0.000011818
 917.0 0.000012071
 918.0 0.000012325
 919.0 0.000012578
 920.0 0.000012832
 921.0 0.000012676
 922.0 0.000012521
 923.0 0.000012365
 924.0 0.000012209
 925.0 0.000012054
 926.0 0.000011898
 927.0 0.000011742
 928.0 0.000011586
 929.0 0.000011431
 930.0 0.000011275
 931.0 0.000011821
 932.0 0.000012366
 933.0 0.000012912
 934.0 0.000013458
 935.0 0.000014003
 936.0 0.000014549
 937.0 0.000015095
 938.0 0.000015641
 939.0 0.000016186
 940.0 0.000016732
 941.0 0.000016040
 942.0 0.000015347
 943.0 0.000014655
 944.0 0.000013963
 945.0 0.000013271
 946.0 0.000012578
 947.0 0.000011886
 948.0 0.000011194
 949.0 0.000010502
 950.0 0.000009809
 951.0 0.000009733
 952.0 0.000009656
 953.0 0.000009579
 954.0 0.000009502
 955.0 0.000009425
 956.0 0.000009348
 957.0 0.000009271
 958.0 0.000009194
 959.0 0.000009117
 960.0 0.000009040
 961.0 0.000008604
 962.0 0.000008168
 963.0 0.000007731
 964.0 0.000007295
 965.0 0.000006859
 966.0 0.000006422
 967.0 0.000005986
 968.0 0.000005549
 969.0 0.000005113
 970.0 0.000004677
 971.0 0.000004786
 972.0 0.000004894
 973.0 0.000005003
 974.0 0.000005112
 975.0 0.000005221
 976.0 0.000005330
 977.0 0.000005438
 978.0 0.000005547
 979.0 0.000005656
 980.0 0.000005765
 981.0 0.000005665
 982.0 0.000005564
 983.0 0.000005464
 984.0 0.000005364
 985.0 0.000005263
 986.0 0.000005163
 987.0 0.000005063
 988.0 0.000004962
 989.0 0.000004862
 990.0 0.000004762
 991.0 0.000004678
 992.0 0.000004595
 993.0 0.000004512
 994.0 0.000004429
 995.0 0.000004345
 996.0 0.000004262
 997.0 0.000004179
 998.0 0.000004096
 999.0 0.000004012
1000.0 0.000003929
1001.0 0.000004241
1002.0 0.000004552
1003.0 0.000004864
1004.0 0.000005175
1005.0 0.000005487
1006.0 0.000005798
1007.0 0.000006110
1008.0 0.000006421
1009.0 0.000006733
1010.0 0.000007044
1011.0 0.000006899
1012.0 0.000006755
1013.0 0.000006610
1014.0 0.000006465
1015.0 0.000006320
1016.0 0.000006176
1017.0 0.000006031
1018.0 0.000005886
1019.0 0.000005741
1020.0 0.000005596
1021.0 0.000005435
1022.0 0.000005274
1023.0 0.000005112
1024.0 0.000004951
1025.0 0.000004790
1026.0 0.000004628
1027.0 0.000004467
1028.0 0.000004305
1029.0 0.000004144
1030.0 0.000003983
1031.0 0.000003909
1032.0 0.000003836
1033.0 0.000003762
1034.0 0.000003689
1035.0 0.000003615
1036.0 0.000003542
1037.0 0.000003469
1038.0 0.000003395
1039.0 0.000003322
1040.0 0.000003248
1041.0 0.000003790
1042.0 0.000004331
1043.0 0.000004872
1044.0 0.000005414
1045.0 0.000005955
1046.0 0.000006497
1047.0 0.000007038
1048.0 0.000007579
1049.0 0.000008121
1050.0 0.000008662
1051.0 0.000008398
1052.0 0.000008133
1053.0 0.000007869
1054.0 0.000007604
1055.0 0.000007340
1056.0 0.000007075
1057.0 0.000006811
1058.0 0.000006546
1059.0 0.000006282
1060.0 0.000006017
1061.0 0.000006345
1062.0 0.000006673
1063.0 0.000007001
1064.0 0.000007329
1065.0 0.000007657
1066.0 0.000007985
1067.0 0.000008313
1068.0 0.000008641
1069.0 0.000008969
1070.0 0.000009297
1071.0 0.000008953
1072.0 0.000008609
1073.0 0.000008265
1074.0 0.000007920
1075.0 0.000007576
1076.0 0.000007232
1077.0 0.000006888
1078.0 0.000006543
1079.0 0.000006199
1080.0 0.000005855
1081.0 0.000006424
1082.0 0.000006994
1083.0 0.000007563
1084.0 0.000008133
1085.0 0.000008703
1086.0 0.000009272
1087.0 0.000009842
1088.0 0.000010411
1089.0 0.000010980
1090.0 0.000011550
1091.0 0.000013423
1092.0 0.000015296
1093.0 0.000017169
1094.0 0.000019042
1095.0 0.000020915
1096.0 0.000022788
1097.0 0.000024661
1098.0 0.000026534
1099.0 0.000028407
1100.0 0.000030280
