31 TERMOD:Band4
539.0 0.016330000
540.0 0.040110000
541.0 0.090070000
542.0 0.178390000
543.0 0.309280000
544.0 0.472990000
545.0 0.651950000
546.0 0.807490000
547.0 0.918240000
548.0 0.973270000
549.0 0.990810000
550.0 0.996060000
551.0 0.999690000
552.0 0.994330000
553.0 0.986950000
554.0 0.986030000
555.0 0.985720000
556.0 0.984050000
557.0 0.980850000
558.0 0.975820000
559.0 0.960460000
560.0 0.932100000
561.0 0.870250000
562.0 0.771340000
563.0 0.640280000
564.0 0.484690000
565.0 0.315670000
566.0 0.170970000
567.0 0.075200000
568.0 0.028390000
569.0 0.010440000
