721 TERMOD:Band16
 380.0 0.000037203
 381.0 0.000034635
 382.0 0.000032067
 383.0 0.000029499
 384.0 0.000026931
 385.0 0.000024363
 386.0 0.000021795
 387.0 0.000019227
 388.0 0.000016659
 389.0 0.000014091
 390.0 0.000011523
 391.0 0.000012171
 392.0 0.000012819
 393.0 0.000013467
 394.0 0.000014115
 395.0 0.000014762
 396.0 0.000015410
 397.0 0.000016058
 398.0 0.000016706
 399.0 0.000017354
 400.0 0.000018002
 401.0 0.000018798
 402.0 0.000019593
 403.0 0.000020388
 404.0 0.000021184
 405.0 0.000021980
 406.0 0.000022775
 407.0 0.000023571
 408.0 0.000024366
 409.0 0.000025162
 410.0 0.000025957
 411.0 0.000025022
 412.0 0.000024088
 413.0 0.000023153
 414.0 0.000022219
 415.0 0.000021284
 416.0 0.000020349
 417.0 0.000019415
 418.0 0.000018480
 419.0 0.000017546
 420.0 0.000016611
 421.0 0.000015639
 422.0 0.000014668
 423.0 0.000013696
 424.0 0.000012725
 425.0 0.000011753
 426.0 0.000010781
 427.0 0.000009810
 428.0 0.000008838
 429.0 0.000007866
 430.0 0.000006895
 431.0 0.000006920
 432.0 0.000006945
 433.0 0.000006970
 434.0 0.000006995
 435.0 0.000007020
 436.0 0.000007045
 437.0 0.000007070
 438.0 0.000007095
 439.0 0.000007120
 440.0 0.000007145
 441.0 0.000006979
 442.0 0.000006813
 443.0 0.000006647
 444.0 0.000006480
 445.0 0.000006314
 446.0 0.000006148
 447.0 0.000005982
 448.0 0.000005816
 449.0 0.000005650
 450.0 0.000005483
 451.0 0.000005469
 452.0 0.000005455
 453.0 0.000005441
 454.0 0.000005426
 455.0 0.000005412
 456.0 0.000005398
 457.0 0.000005383
 458.0 0.000005369
 459.0 0.000005355
 460.0 0.000005341
 461.0 0.000005617
 462.0 0.000005894
 463.0 0.000006171
 464.0 0.000006448
 465.0 0.000006725
 466.0 0.000007001
 467.0 0.000007278
 468.0 0.000007555
 469.0 0.000007832
 470.0 0.000008109
 471.0 0.000007653
 472.0 0.000007197
 473.0 0.000006741
 474.0 0.000006284
 475.0 0.000005828
 476.0 0.000005372
 477.0 0.000004916
 478.0 0.000004460
 479.0 0.000004004
 480.0 0.000003548
 481.0 0.000003736
 482.0 0.000003923
 483.0 0.000004110
 484.0 0.000004298
 485.0 0.000004485
 486.0 0.000004673
 487.0 0.000004860
 488.0 0.000005048
 489.0 0.000005235
 490.0 0.000005423
 491.0 0.000005519
 492.0 0.000005615
 493.0 0.000005712
 494.0 0.000005808
 495.0 0.000005905
 496.0 0.000006001
 497.0 0.000006097
 498.0 0.000006194
 499.0 0.000006290
 500.0 0.000006386
 501.0 0.000006287
 502.0 0.000006187
 503.0 0.000006088
 504.0 0.000005989
 505.0 0.000005889
 506.0 0.000005790
 507.0 0.000005690
 508.0 0.000005591
 509.0 0.000005491
 510.0 0.000005392
 511.0 0.000005238
 512.0 0.000005084
 513.0 0.000004930
 514.0 0.000004776
 515.0 0.000004622
 516.0 0.000004468
 517.0 0.000004314
 518.0 0.000004159
 519.0 0.000004006
 520.0 0.000003851
 521.0 0.000004091
 522.0 0.000004330
 523.0 0.000004569
 524.0 0.000004808
 525.0 0.000005047
 526.0 0.000005287
 527.0 0.000005526
 528.0 0.000005765
 529.0 0.000006004
 530.0 0.000006243
 531.0 0.000005915
 532.0 0.000005587
 533.0 0.000005259
 534.0 0.000004931
 535.0 0.000004603
 536.0 0.000004275
 537.0 0.000003947
 538.0 0.000003619
 539.0 0.000003291
 540.0 0.000002963
 541.0 0.000003028
 542.0 0.000003092
 543.0 0.000003156
 544.0 0.000003220
 545.0 0.000003285
 546.0 0.000003349
 547.0 0.000003413
 548.0 0.000003477
 549.0 0.000003541
 550.0 0.000003606
 551.0 0.000003634
 552.0 0.000003663
 553.0 0.000003691
 554.0 0.000003720
 555.0 0.000003749
 556.0 0.000003777
 557.0 0.000003806
 558.0 0.000003835
 559.0 0.000003863
 560.0 0.000003892
 561.0 0.000003841
 562.0 0.000003791
 563.0 0.000003741
 564.0 0.000003690
 565.0 0.000003640
 566.0 0.000003589
 567.0 0.000003539
 568.0 0.000003488
 569.0 0.000003438
 570.0 0.000003387
 571.0 0.000003238
 572.0 0.000003088
 573.0 0.000002939
 574.0 0.000002789
 575.0 0.000002639
 576.0 0.000002490
 577.0 0.000002340
 578.0 0.000002191
 579.0 0.000002041
 580.0 0.000001891
 581.0 0.000002976
 582.0 0.000004060
 583.0 0.000005145
 584.0 0.000006230
 585.0 0.000007314
 586.0 0.000008399
 587.0 0.000009483
 588.0 0.000010568
 589.0 0.000011652
 590.0 0.000012737
 591.0 0.000020393
 592.0 0.000028049
 593.0 0.000035705
 594.0 0.000043361
 595.0 0.000051017
 596.0 0.000058672
 597.0 0.000066328
 598.0 0.000073984
 599.0 0.000081640
 600.0 0.000089296
 601.0 0.000086467
 602.0 0.000083637
 603.0 0.000080808
 604.0 0.000077978
 605.0 0.000075149
 606.0 0.000072320
 607.0 0.000069490
 608.0 0.000066661
 609.0 0.000063831
 610.0 0.000061002
 611.0 0.000063135
 612.0 0.000065267
 613.0 0.000067400
 614.0 0.000069533
 615.0 0.000071666
 616.0 0.000073798
 617.0 0.000075931
 618.0 0.000078064
 619.0 0.000080196
 620.0 0.000082329
 621.0 0.000083177
 622.0 0.000084025
 623.0 0.000084873
 624.0 0.000085721
 625.0 0.000086569
 626.0 0.000087417
 627.0 0.000088265
 628.0 0.000089113
 629.0 0.000089961
 630.0 0.000090809
 631.0 0.000091192
 632.0 0.000091575
 633.0 0.000091958
 634.0 0.000092341
 635.0 0.000092724
 636.0 0.000093106
 637.0 0.000093489
 638.0 0.000093872
 639.0 0.000094255
 640.0 0.000094638
 641.0 0.000087779
 642.0 0.000080919
 643.0 0.000074060
 644.0 0.000067201
 645.0 0.000060342
 646.0 0.000053482
 647.0 0.000046623
 648.0 0.000039764
 649.0 0.000032904
 650.0 0.000026045
 651.0 0.000031938
 652.0 0.000037830
 653.0 0.000043723
 654.0 0.000049615
 655.0 0.000055508
 656.0 0.000061401
 657.0 0.000067293
 658.0 0.000073186
 659.0 0.000079078
 660.0 0.000084971
 661.0 0.000079950
 662.0 0.000074930
 663.0 0.000069909
 664.0 0.000064889
 665.0 0.000059868
 666.0 0.000054847
 667.0 0.000049827
 668.0 0.000044806
 669.0 0.000039786
 670.0 0.000034765
 671.0 0.000032359
 672.0 0.000029954
 673.0 0.000027548
 674.0 0.000025142
 675.0 0.000022736
 676.0 0.000020331
 677.0 0.000017925
 678.0 0.000015519
 679.0 0.000013114
 680.0 0.000010708
 681.0 0.000010501
 682.0 0.000010294
 683.0 0.000010086
 684.0 0.000009879
 685.0 0.000009672
 686.0 0.000009465
 687.0 0.000009258
 688.0 0.000009050
 689.0 0.000008843
 690.0 0.000008636
 691.0 0.000008899
 692.0 0.000009163
 693.0 0.000009426
 694.0 0.000009690
 695.0 0.000009953
 696.0 0.000010216
 697.0 0.000010480
 698.0 0.000010743
 699.0 0.000011007
 700.0 0.000011270
 701.0 0.000011477
 702.0 0.000011684
 703.0 0.000011890
 704.0 0.000012097
 705.0 0.000012304
 706.0 0.000012511
 707.0 0.000012718
 708.0 0.000012924
 709.0 0.000013131
 710.0 0.000013338
 711.0 0.000013040
 712.0 0.000012742
 713.0 0.000012444
 714.0 0.000012146
 715.0 0.000011849
 716.0 0.000011551
 717.0 0.000011253
 718.0 0.000010955
 719.0 0.000010657
 720.0 0.000010359
 721.0 0.000010582
 722.0 0.000010805
 723.0 0.000011027
 724.0 0.000011250
 725.0 0.000011473
 726.0 0.000011696
 727.0 0.000011919
 728.0 0.000012141
 729.0 0.000012364
 730.0 0.000012587
 731.0 0.000027451
 732.0 0.000042316
 733.0 0.000057180
 734.0 0.000072044
 735.0 0.000086908
 736.0 0.000101770
 737.0 0.000116640
 738.0 0.000131500
 739.0 0.000146370
 740.0 0.000161230
 741.0 0.000192510
 742.0 0.000223780
 743.0 0.000255060
 744.0 0.000286330
 745.0 0.000317610
 746.0 0.000348890
 747.0 0.000380160
 748.0 0.000411440
 749.0 0.000442710
 750.0 0.000473990
 751.0 0.000460470
 752.0 0.000446950
 753.0 0.000433440
 754.0 0.000419920
 755.0 0.000406400
 756.0 0.000392880
 757.0 0.000379360
 758.0 0.000365850
 759.0 0.000352330
 760.0 0.000338810
 761.0 0.000325270
 762.0 0.000311730
 763.0 0.000298200
 764.0 0.000284660
 765.0 0.000271120
 766.0 0.000257580
 767.0 0.000244040
 768.0 0.000230510
 769.0 0.000216970
 770.0 0.000203430
 771.0 0.000200630
 772.0 0.000197840
 773.0 0.000195040
 774.0 0.000192250
 775.0 0.000189450
 776.0 0.000186660
 777.0 0.000183870
 778.0 0.000181070
 779.0 0.000178280
 780.0 0.000175480
 781.0 0.000173890
 782.0 0.000172300
 783.0 0.000170720
 784.0 0.000169130
 785.0 0.000167540
 786.0 0.000165950
 787.0 0.000164360
 788.0 0.000162780
 789.0 0.000161190
 790.0 0.000159600
 791.0 0.000159130
 792.0 0.000158670
 793.0 0.000158200
 794.0 0.000157740
 795.0 0.000157270
 796.0 0.000156800
 797.0 0.000156340
 798.0 0.000155870
 799.0 0.000155410
 800.0 0.000154940
 801.0 0.000157720
 802.0 0.000160500
 803.0 0.000163270
 804.0 0.000166050
 805.0 0.000168830
 806.0 0.000171610
 807.0 0.000174390
 808.0 0.000177160
 809.0 0.000179940
 810.0 0.000182720
 811.0 0.000187840
 812.0 0.000192950
 813.0 0.000198070
 814.0 0.000203180
 815.0 0.000208300
 816.0 0.000213420
 817.0 0.000218530
 818.0 0.000223650
 819.0 0.000228760
 820.0 0.000233880
 821.0 0.000240720
 822.0 0.000247570
 823.0 0.000254410
 824.0 0.000261250
 825.0 0.000268090
 826.0 0.000274940
 827.0 0.000281780
 828.0 0.000288620
 829.0 0.000295470
 830.0 0.000302310
 831.0 0.000338410
 832.0 0.000374520
 833.0 0.000410620
 834.0 0.000446730
 835.0 0.000482830
 836.0 0.000518930
 837.0 0.000555040
 838.0 0.000591140
 839.0 0.000627250
 840.0 0.000663350
 841.0 0.000686020
 842.0 0.000708690
 843.0 0.000731360
 844.0 0.000754030
 845.0 0.000776700
 846.0 0.000799370
 847.0 0.000886380
 848.0 0.001724700
 849.0 0.003540300
 850.0 0.006077900
 851.0 0.009760700
 852.0 0.018960000
 853.0 0.036441000
 854.0 0.067231000
 855.0 0.116930000
 856.0 0.188920000
 857.0 0.285350000
 858.0 0.402290000
 859.0 0.533750000
 860.0 0.666720000
 861.0 0.788200000
 862.0 0.884480000
 863.0 0.949900000
 864.0 0.986950000
 865.0 0.999060000
 866.0 0.994700000
 867.0 0.986380000
 868.0 0.976070000
 869.0 0.953890000
 870.0 0.913500000
 871.0 0.846870000
 872.0 0.756200000
 873.0 0.655750000
 874.0 0.545600000
 875.0 0.418040000
 876.0 0.271790000
 877.0 0.142380000
 878.0 0.068784000
 879.0 0.035518000
 880.0 0.020561000
 881.0 0.013103000
 882.0 0.009364000
 883.0 0.006826800
 884.0 0.004885200
 885.0 0.003742700
 886.0 0.002666000
 887.0 0.001657700
 888.0 0.000965450
 889.0 0.000597780
 890.0 0.000389000
 891.0 0.000299920
 892.0 0.000299170
 893.0 0.000298430
 894.0 0.000297680
 895.0 0.000296940
 896.0 0.000296190
 897.0 0.000295450
 898.0 0.000294700
 899.0 0.000293960
 900.0 0.000293210
 901.0 0.000282920
 902.0 0.000272640
 903.0 0.000262350
 904.0 0.000252070
 905.0 0.000241780
 906.0 0.000231490
 907.0 0.000221210
 908.0 0.000210920
 909.0 0.000200640
 910.0 0.000190350
 911.0 0.000181840
 912.0 0.000173330
 913.0 0.000164820
 914.0 0.000156310
 915.0 0.000147800
 916.0 0.000139290
 917.0 0.000130780
 918.0 0.000122270
 919.0 0.000113760
 920.0 0.000105250
 921.0 0.000100350
 922.0 0.000095451
 923.0 0.000090552
 924.0 0.000085653
 925.0 0.000080753
 926.0 0.000075854
 927.0 0.000070955
 928.0 0.000066056
 929.0 0.000061156
 930.0 0.000056257
 931.0 0.000054775
 932.0 0.000053293
 933.0 0.000051812
 934.0 0.000050330
 935.0 0.000048848
 936.0 0.000047366
 937.0 0.000045884
 938.0 0.000044403
 939.0 0.000042921
 940.0 0.000041439
 941.0 0.000045307
 942.0 0.000049176
 943.0 0.000053044
 944.0 0.000056913
 945.0 0.000060781
 946.0 0.000064649
 947.0 0.000068518
 948.0 0.000072386
 949.0 0.000076255
 950.0 0.000080123
 951.0 0.000080933
 952.0 0.000081743
 953.0 0.000082553
 954.0 0.000083363
 955.0 0.000084174
 956.0 0.000084984
 957.0 0.000085794
 958.0 0.000086604
 959.0 0.000087414
 960.0 0.000088224
 961.0 0.000094845
 962.0 0.000101470
 963.0 0.000108090
 964.0 0.000114710
 965.0 0.000121330
 966.0 0.000127950
 967.0 0.000134570
 968.0 0.000141190
 969.0 0.000147810
 970.0 0.000154430
 971.0 0.000160850
 972.0 0.000167270
 973.0 0.000173690
 974.0 0.000180110
 975.0 0.000186520
 976.0 0.000192940
 977.0 0.000199360
 978.0 0.000205780
 979.0 0.000212200
 980.0 0.000218620
 981.0 0.000209910
 982.0 0.000201200
 983.0 0.000192480
 984.0 0.000183770
 985.0 0.000175060
 986.0 0.000166350
 987.0 0.000157640
 988.0 0.000148920
 989.0 0.000140210
 990.0 0.000131500
 991.0 0.000128690
 992.0 0.000125880
 993.0 0.000123070
 994.0 0.000120260
 995.0 0.000117450
 996.0 0.000114640
 997.0 0.000111830
 998.0 0.000109020
 999.0 0.000106210
1000.0 0.000103400
1001.0 0.000106610
1002.0 0.000109820
1003.0 0.000113030
1004.0 0.000116240
1005.0 0.000119450
1006.0 0.000122660
1007.0 0.000125870
1008.0 0.000129080
1009.0 0.000132290
1010.0 0.000135500
1011.0 0.000150920
1012.0 0.000166340
1013.0 0.000181760
1014.0 0.000197180
1015.0 0.000212600
1016.0 0.000228010
1017.0 0.000243430
1018.0 0.000258850
1019.0 0.000274270
1020.0 0.000289690
1021.0 0.000277420
1022.0 0.000265150
1023.0 0.000252880
1024.0 0.000240610
1025.0 0.000228340
1026.0 0.000216070
1027.0 0.000203800
1028.0 0.000191530
1029.0 0.000179260
1030.0 0.000166990
1031.0 0.000182150
1032.0 0.000197310
1033.0 0.000212470
1034.0 0.000227630
1035.0 0.000242790
1036.0 0.000257950
1037.0 0.000273110
1038.0 0.000288270
1039.0 0.000303430
1040.0 0.000318590
1041.0 0.000308720
1042.0 0.000298860
1043.0 0.000289000
1044.0 0.000279130
1045.0 0.000269270
1046.0 0.000259400
1047.0 0.000249540
1048.0 0.000239670
1049.0 0.000229810
1050.0 0.000219940
1051.0 0.000217400
1052.0 0.000214870
1053.0 0.000212330
1054.0 0.000209800
1055.0 0.000207260
1056.0 0.000204720
1057.0 0.000202190
1058.0 0.000199650
1059.0 0.000197120
1060.0 0.000194580
1061.0 0.000194590
1062.0 0.000194590
1063.0 0.000194600
1064.0 0.000194600
1065.0 0.000194610
1066.0 0.000194610
1067.0 0.000194620
1068.0 0.000194620
1069.0 0.000194620
1070.0 0.000194630
1071.0 0.000214690
1072.0 0.000234750
1073.0 0.000254810
1074.0 0.000274870
1075.0 0.000294930
1076.0 0.000314980
1077.0 0.000335040
1078.0 0.000355100
1079.0 0.000375160
1080.0 0.000395220
1081.0 0.000426750
1082.0 0.000458290
1083.0 0.000489830
1084.0 0.000521360
1085.0 0.000552900
1086.0 0.000584430
1087.0 0.000615960
1088.0 0.000647500
1089.0 0.000679040
1090.0 0.000710570
1091.0 0.000670830
1092.0 0.000631090
1093.0 0.000591350
1094.0 0.000551610
1095.0 0.000511870
1096.0 0.000472120
1097.0 0.000432380
1098.0 0.000392640
1099.0 0.000352900
1100.0 0.000313160
