721 TERMOD:Band10
 380.0 0.000019743
 381.0 0.000019009
 382.0 0.000018276
 383.0 0.000017542
 384.0 0.000016809
 385.0 0.000016075
 386.0 0.000015342
 387.0 0.000014609
 388.0 0.000013875
 389.0 0.000013141
 390.0 0.000012408
 391.0 0.000025553
 392.0 0.000038698
 393.0 0.000051844
 394.0 0.000064989
 395.0 0.000078134
 396.0 0.000091279
 397.0 0.000104420
 398.0 0.000117570
 399.0 0.000130710
 400.0 0.000143860
 401.0 0.000282800
 402.0 0.000421750
 403.0 0.000560690
 404.0 0.000699640
 405.0 0.000838580
 406.0 0.000977520
 407.0 0.001116500
 408.0 0.001255400
 409.0 0.001394400
 410.0 0.001533300
 411.0 0.001754200
 412.0 0.001975200
 413.0 0.002196100
 414.0 0.002417100
 415.0 0.002638000
 416.0 0.002858900
 417.0 0.003079900
 418.0 0.003300800
 419.0 0.003521800
 420.0 0.003742700
 421.0 0.003477400
 422.0 0.003212100
 423.0 0.002946800
 424.0 0.002681500
 425.0 0.002416100
 426.0 0.002150800
 427.0 0.001885500
 428.0 0.001620200
 429.0 0.001354900
 430.0 0.001089600
 431.0 0.001047700
 432.0 0.001005800
 433.0 0.000963920
 434.0 0.000922030
 435.0 0.000880140
 436.0 0.000838250
 437.0 0.000796360
 438.0 0.000754460
 439.0 0.000712570
 440.0 0.000670680
 441.0 0.000701360
 442.0 0.000732040
 443.0 0.000762710
 444.0 0.000793390
 445.0 0.000824070
 446.0 0.000854750
 447.0 0.000885430
 448.0 0.000916100
 449.0 0.000946780
 450.0 0.000977460
 451.0 0.001037600
 452.0 0.001097800
 453.0 0.001158000
 454.0 0.001218200
 455.0 0.001278400
 456.0 0.001338600
 457.0 0.001398700
 458.0 0.001458900
 459.0 0.001519100
 460.0 0.001579300
 461.0 0.001711200
 462.0 0.001843000
 463.0 0.001974900
 464.0 0.002106800
 465.0 0.002238600
 466.0 0.002370500
 467.0 0.002502400
 468.0 0.002634300
 469.0 0.002766100
 470.0 0.002898000
 471.0 0.002650400
 472.0 0.002402800
 473.0 0.002157000
 474.0 0.002406200
 475.0 0.002711300
 476.0 0.003838100
 477.0 0.007414100
 478.0 0.020897000
 479.0 0.066021000
 480.0 0.159560000
 481.0 0.320600000
 482.0 0.555180000
 483.0 0.781340000
 484.0 0.900120000
 485.0 0.948060000
 486.0 0.974280000
 487.0 0.989580000
 488.0 0.998650000
 489.0 0.998600000
 490.0 0.954850000
 491.0 0.835470000
 492.0 0.613810000
 493.0 0.323660000
 494.0 0.101390000
 495.0 0.022323000
 496.0 0.004747200
 497.0 0.001315700
 498.0 0.000477800
 499.0 0.000243170
 500.0 0.000081288
 501.0 0.000100910
 502.0 0.000068400
 503.0 0.000088400
 504.0 0.000096693
 505.0 0.000103970
 506.0 0.000111240
 507.0 0.000118520
 508.0 0.000125790
 509.0 0.000133070
 510.0 0.000140340
 511.0 0.000138560
 512.0 0.000136770
 513.0 0.000134990
 514.0 0.000133200
 515.0 0.000131420
 516.0 0.000129640
 517.0 0.000127850
 518.0 0.000126070
 519.0 0.000124280
 520.0 0.000122500
 521.0 0.000124350
 522.0 0.000126200
 523.0 0.000128050
 524.0 0.000129900
 525.0 0.000131750
 526.0 0.000133590
 527.0 0.000135440
 528.0 0.000137290
 529.0 0.000139140
 530.0 0.000140990
 531.0 0.000146880
 532.0 0.000152780
 533.0 0.000158670
 534.0 0.000164560
 535.0 0.000170460
 536.0 0.000176350
 537.0 0.000182240
 538.0 0.000188130
 539.0 0.000194030
 540.0 0.000199920
 541.0 0.000208600
 542.0 0.000217280
 543.0 0.000225970
 544.0 0.000234650
 545.0 0.000243330
 546.0 0.000252010
 547.0 0.000260690
 548.0 0.000269380
 549.0 0.000278060
 550.0 0.000286740
 551.0 0.000296590
 552.0 0.000306430
 553.0 0.000316280
 554.0 0.000326120
 555.0 0.000335970
 556.0 0.000345820
 557.0 0.000355660
 558.0 0.000365510
 559.0 0.000375350
 560.0 0.000385200
 561.0 0.000407650
 562.0 0.000430090
 563.0 0.000452540
 564.0 0.000474980
 565.0 0.000497430
 566.0 0.000519880
 567.0 0.000542320
 568.0 0.000564770
 569.0 0.000587210
 570.0 0.000609660
 571.0 0.000629930
 572.0 0.000650210
 573.0 0.000670480
 574.0 0.000690750
 575.0 0.000711030
 576.0 0.000731300
 577.0 0.000751570
 578.0 0.000771840
 579.0 0.000792120
 580.0 0.000812390
 581.0 0.000816500
 582.0 0.000820620
 583.0 0.000824730
 584.0 0.000828850
 585.0 0.000832960
 586.0 0.000837070
 587.0 0.000841190
 588.0 0.000845300
 589.0 0.000849420
 590.0 0.000853530
 591.0 0.000793060
 592.0 0.000732590
 593.0 0.000672110
 594.0 0.000611640
 595.0 0.000551170
 596.0 0.000490700
 597.0 0.000430230
 598.0 0.000369750
 599.0 0.000309280
 600.0 0.000248810
 601.0 0.000228130
 602.0 0.000207450
 603.0 0.000186770
 604.0 0.000166090
 605.0 0.000145410
 606.0 0.000124730
 607.0 0.000104050
 608.0 0.000083369
 609.0 0.000062689
 610.0 0.000042009
 611.0 0.000052755
 612.0 0.000063501
 613.0 0.000074247
 614.0 0.000084993
 615.0 0.000095739
 616.0 0.000106490
 617.0 0.000117230
 618.0 0.000127980
 619.0 0.000138720
 620.0 0.000149470
 621.0 0.000137010
 622.0 0.000124550
 623.0 0.000112080
 624.0 0.000099622
 625.0 0.000087159
 626.0 0.000074697
 627.0 0.000062235
 628.0 0.000049773
 629.0 0.000037311
 630.0 0.000024849
 631.0 0.000023043
 632.0 0.000021238
 633.0 0.000019432
 634.0 0.000017626
 635.0 0.000015820
 636.0 0.000014015
 637.0 0.000012209
 638.0 0.000010403
 639.0 0.000008597
 640.0 0.000006792
 641.0 0.000006733
 642.0 0.000006675
 643.0 0.000006617
 644.0 0.000006559
 645.0 0.000006501
 646.0 0.000006442
 647.0 0.000006384
 648.0 0.000006326
 649.0 0.000006268
 650.0 0.000006210
 651.0 0.000006233
 652.0 0.000006256
 653.0 0.000006280
 654.0 0.000006303
 655.0 0.000006326
 656.0 0.000006350
 657.0 0.000006373
 658.0 0.000006396
 659.0 0.000006420
 660.0 0.000006443
 661.0 0.000006405
 662.0 0.000006367
 663.0 0.000006329
 664.0 0.000006291
 665.0 0.000006252
 666.0 0.000006214
 667.0 0.000006176
 668.0 0.000006138
 669.0 0.000006100
 670.0 0.000006062
 671.0 0.000005766
 672.0 0.000005470
 673.0 0.000005174
 674.0 0.000004878
 675.0 0.000004582
 676.0 0.000004285
 677.0 0.000003989
 678.0 0.000003693
 679.0 0.000003397
 680.0 0.000003101
 681.0 0.000003023
 682.0 0.000002946
 683.0 0.000002868
 684.0 0.000002790
 685.0 0.000002712
 686.0 0.000002634
 687.0 0.000002556
 688.0 0.000002478
 689.0 0.000002400
 690.0 0.000002322
 691.0 0.000002498
 692.0 0.000002675
 693.0 0.000002851
 694.0 0.000003028
 695.0 0.000003204
 696.0 0.000003381
 697.0 0.000003557
 698.0 0.000003733
 699.0 0.000003910
 700.0 0.000004086
 701.0 0.000003973
 702.0 0.000003859
 703.0 0.000003745
 704.0 0.000003631
 705.0 0.000003518
 706.0 0.000003404
 707.0 0.000003290
 708.0 0.000003176
 709.0 0.000003063
 710.0 0.000002949
 711.0 0.000003049
 712.0 0.000003150
 713.0 0.000003250
 714.0 0.000003350
 715.0 0.000003450
 716.0 0.000003551
 717.0 0.000003651
 718.0 0.000003751
 719.0 0.000003852
 720.0 0.000003952
 721.0 0.000003693
 722.0 0.000003435
 723.0 0.000003176
 724.0 0.000002918
 725.0 0.000002659
 726.0 0.000002401
 727.0 0.000002142
 728.0 0.000001884
 729.0 0.000001625
 730.0 0.000001366
 731.0 0.000001503
 732.0 0.000001639
 733.0 0.000001776
 734.0 0.000001912
 735.0 0.000002048
 736.0 0.000002185
 737.0 0.000002321
 738.0 0.000002458
 739.0 0.000002594
 740.0 0.000002730
 741.0 0.000002800
 742.0 0.000002869
 743.0 0.000002938
 744.0 0.000003008
 745.0 0.000003077
 746.0 0.000003146
 747.0 0.000003216
 748.0 0.000003285
 749.0 0.000003354
 750.0 0.000003424
 751.0 0.000004131
 752.0 0.000004838
 753.0 0.000005545
 754.0 0.000006252
 755.0 0.000006959
 756.0 0.000007666
 757.0 0.000008373
 758.0 0.000009080
 759.0 0.000009787
 760.0 0.000010494
 761.0 0.000010148
 762.0 0.000009802
 763.0 0.000009455
 764.0 0.000009109
 765.0 0.000008763
 766.0 0.000008417
 767.0 0.000008071
 768.0 0.000007725
 769.0 0.000007379
 770.0 0.000007032
 771.0 0.000006889
 772.0 0.000006746
 773.0 0.000006603
 774.0 0.000006459
 775.0 0.000006316
 776.0 0.000006173
 777.0 0.000006030
 778.0 0.000005886
 779.0 0.000005743
 780.0 0.000005600
 781.0 0.000006249
 782.0 0.000006899
 783.0 0.000007548
 784.0 0.000008198
 785.0 0.000008847
 786.0 0.000009496
 787.0 0.000010146
 788.0 0.000010795
 789.0 0.000011445
 790.0 0.000012094
 791.0 0.000012027
 792.0 0.000011960
 793.0 0.000011894
 794.0 0.000011827
 795.0 0.000011760
 796.0 0.000011693
 797.0 0.000011626
 798.0 0.000011560
 799.0 0.000011493
 800.0 0.000011426
 801.0 0.000011079
 802.0 0.000010731
 803.0 0.000010384
 804.0 0.000010037
 805.0 0.000009690
 806.0 0.000009343
 807.0 0.000008995
 808.0 0.000008648
 809.0 0.000008301
 810.0 0.000007953
 811.0 0.000008567
 812.0 0.000009180
 813.0 0.000009794
 814.0 0.000010407
 815.0 0.000011021
 816.0 0.000011634
 817.0 0.000012248
 818.0 0.000012861
 819.0 0.000013475
 820.0 0.000014088
 821.0 0.000013906
 822.0 0.000013724
 823.0 0.000013541
 824.0 0.000013359
 825.0 0.000013177
 826.0 0.000012995
 827.0 0.000012813
 828.0 0.000012630
 829.0 0.000012448
 830.0 0.000012266
 831.0 0.000012096
 832.0 0.000011927
 833.0 0.000011757
 834.0 0.000011588
 835.0 0.000011418
 836.0 0.000011248
 837.0 0.000011079
 838.0 0.000010909
 839.0 0.000010740
 840.0 0.000010570
 841.0 0.000010952
 842.0 0.000011335
 843.0 0.000011717
 844.0 0.000012099
 845.0 0.000012481
 846.0 0.000012864
 847.0 0.000013246
 848.0 0.000013628
 849.0 0.000014011
 850.0 0.000014393
 851.0 0.000014818
 852.0 0.000015242
 853.0 0.000015667
 854.0 0.000016092
 855.0 0.000016517
 856.0 0.000016941
 857.0 0.000017366
 858.0 0.000017791
 859.0 0.000018215
 860.0 0.000018640
 861.0 0.000018770
 862.0 0.000018901
 863.0 0.000019032
 864.0 0.000019162
 865.0 0.000019292
 866.0 0.000019423
 867.0 0.000019553
 868.0 0.000019684
 869.0 0.000019815
 870.0 0.000019945
 871.0 0.000020508
 872.0 0.000021071
 873.0 0.000021634
 874.0 0.000022197
 875.0 0.000022760
 876.0 0.000023323
 877.0 0.000023886
 878.0 0.000024449
 879.0 0.000025012
 880.0 0.000025575
 881.0 0.000026350
 882.0 0.000027125
 883.0 0.000027901
 884.0 0.000028676
 885.0 0.000029451
 886.0 0.000030226
 887.0 0.000031001
 888.0 0.000031777
 889.0 0.000032552
 890.0 0.000033327
 891.0 0.000033246
 892.0 0.000033166
 893.0 0.000033085
 894.0 0.000033004
 895.0 0.000032924
 896.0 0.000032843
 897.0 0.000032762
 898.0 0.000032681
 899.0 0.000032601
 900.0 0.000032520
 901.0 0.000032938
 902.0 0.000033355
 903.0 0.000033772
 904.0 0.000034190
 905.0 0.000034608
 906.0 0.000035025
 907.0 0.000035442
 908.0 0.000035860
 909.0 0.000036278
 910.0 0.000036695
 911.0 0.000035839
 912.0 0.000034983
 913.0 0.000034127
 914.0 0.000033271
 915.0 0.000032416
 916.0 0.000031560
 917.0 0.000030704
 918.0 0.000029848
 919.0 0.000028992
 920.0 0.000028136
 921.0 0.000026768
 922.0 0.000025401
 923.0 0.000024033
 924.0 0.000022666
 925.0 0.000021298
 926.0 0.000019930
 927.0 0.000018563
 928.0 0.000017195
 929.0 0.000015828
 930.0 0.000014460
 931.0 0.000014529
 932.0 0.000014597
 933.0 0.000014666
 934.0 0.000014734
 935.0 0.000014803
 936.0 0.000014872
 937.0 0.000014940
 938.0 0.000015009
 939.0 0.000015077
 940.0 0.000015146
 941.0 0.000014253
 942.0 0.000013361
 943.0 0.000012468
 944.0 0.000011575
 945.0 0.000010683
 946.0 0.000009790
 947.0 0.000008897
 948.0 0.000008005
 949.0 0.000007112
 950.0 0.000006219
 951.0 0.000006447
 952.0 0.000006674
 953.0 0.000006901
 954.0 0.000007128
 955.0 0.000007355
 956.0 0.000007582
 957.0 0.000007809
 958.0 0.000008037
 959.0 0.000008264
 960.0 0.000008491
 961.0 0.000008350
 962.0 0.000008208
 963.0 0.000008067
 964.0 0.000007925
 965.0 0.000007784
 966.0 0.000007642
 967.0 0.000007501
 968.0 0.000007359
 969.0 0.000007218
 970.0 0.000007077
 971.0 0.000007016
 972.0 0.000006955
 973.0 0.000006894
 974.0 0.000006833
 975.0 0.000006772
 976.0 0.000006711
 977.0 0.000006650
 978.0 0.000006589
 979.0 0.000006528
 980.0 0.000006467
 981.0 0.000006508
 982.0 0.000006549
 983.0 0.000006589
 984.0 0.000006630
 985.0 0.000006670
 986.0 0.000006711
 987.0 0.000006752
 988.0 0.000006792
 989.0 0.000006833
 990.0 0.000006874
 991.0 0.000006708
 992.0 0.000006542
 993.0 0.000006376
 994.0 0.000006210
 995.0 0.000006044
 996.0 0.000005878
 997.0 0.000005712
 998.0 0.000005547
 999.0 0.000005381
1000.0 0.000005215
1001.0 0.000005267
1002.0 0.000005319
1003.0 0.000005371
1004.0 0.000005423
1005.0 0.000005475
1006.0 0.000005527
1007.0 0.000005579
1008.0 0.000005631
1009.0 0.000005683
1010.0 0.000005735
1011.0 0.000005506
1012.0 0.000005277
1013.0 0.000005048
1014.0 0.000004818
1015.0 0.000004589
1016.0 0.000004360
1017.0 0.000004131
1018.0 0.000003902
1019.0 0.000003673
1020.0 0.000003444
1021.0 0.000004010
1022.0 0.000004577
1023.0 0.000005143
1024.0 0.000005710
1025.0 0.000006276
1026.0 0.000006843
1027.0 0.000007409
1028.0 0.000007976
1029.0 0.000008542
1030.0 0.000009108
1031.0 0.000009265
1032.0 0.000009421
1033.0 0.000009577
1034.0 0.000009734
1035.0 0.000009890
1036.0 0.000010047
1037.0 0.000010203
1038.0 0.000010359
1039.0 0.000010516
1040.0 0.000010672
1041.0 0.000010797
1042.0 0.000010922
1043.0 0.000011047
1044.0 0.000011172
1045.0 0.000011296
1046.0 0.000011421
1047.0 0.000011546
1048.0 0.000011671
1049.0 0.000011796
1050.0 0.000011921
1051.0 0.000011658
1052.0 0.000011395
1053.0 0.000011132
1054.0 0.000010869
1055.0 0.000010605
1056.0 0.000010342
1057.0 0.000010079
1058.0 0.000009816
1059.0 0.000009553
1060.0 0.000009290
1061.0 0.000009469
1062.0 0.000009649
1063.0 0.000009828
1064.0 0.000010008
1065.0 0.000010187
1066.0 0.000010367
1067.0 0.000010546
1068.0 0.000010726
1069.0 0.000010905
1070.0 0.000011085
1071.0 0.000011746
1072.0 0.000012406
1073.0 0.000013067
1074.0 0.000013728
1075.0 0.000014388
1076.0 0.000015049
1077.0 0.000015710
1078.0 0.000016371
1079.0 0.000017031
1080.0 0.000017692
1081.0 0.000018150
1082.0 0.000018609
1083.0 0.000019067
1084.0 0.000019525
1085.0 0.000019984
1086.0 0.000020442
1087.0 0.000020900
1088.0 0.000021358
1089.0 0.000021817
1090.0 0.000022275
1091.0 0.000023160
1092.0 0.000024045
1093.0 0.000024930
1094.0 0.000025815
1095.0 0.000026700
1096.0 0.000027585
1097.0 0.000028470
1098.0 0.000029355
1099.0 0.000030240
1100.0 0.000031125
