30 TERMOD:Band3
452.0 0.016200000
453.0 0.038110000
454.0 0.091520000
455.0 0.196560000
456.0 0.360740000
457.0 0.566730000
458.0 0.764150000
459.0 0.914030000
460.0 0.986280000
461.0 0.999400000
462.0 0.963750000
463.0 0.910300000
464.0 0.868040000
465.0 0.853920000
466.0 0.857400000
467.0 0.866300000
468.0 0.881400000
469.0 0.905400000
470.0 0.921270000
471.0 0.919110000
472.0 0.889620000
473.0 0.827680000
474.0 0.724680000
475.0 0.590290000
476.0 0.431090000
477.0 0.277010000
478.0 0.150920000
479.0 0.070360000
480.0 0.029980000
481.0 0.012990000
