721 TERMOD:Band9
 380.0 0.000041006
 381.0 0.000039872
 382.0 0.000038739
 383.0 0.000037605
 384.0 0.000036472
 385.0 0.000035339
 386.0 0.000034205
 387.0 0.000033071
 388.0 0.000031938
 389.0 0.000030804
 390.0 0.000029671
 391.0 0.000033282
 392.0 0.000036894
 393.0 0.000040505
 394.0 0.000044116
 395.0 0.000047728
 396.0 0.000051339
 397.0 0.000054950
 398.0 0.000058561
 399.0 0.000062173
 400.0 0.000065784
 401.0 0.000076177
 402.0 0.000086569
 403.0 0.000096962
 404.0 0.000107350
 405.0 0.000117750
 406.0 0.000128140
 407.0 0.000138530
 408.0 0.000148920
 409.0 0.000159320
 410.0 0.000169710
 411.0 0.000214320
 412.0 0.000258940
 413.0 0.000303550
 414.0 0.000348170
 415.0 0.000392780
 416.0 0.000437390
 417.0 0.000482010
 418.0 0.000526620
 419.0 0.000571240
 420.0 0.000615850
 421.0 0.000655250
 422.0 0.000694650
 423.0 0.000734040
 424.0 0.000773440
 425.0 0.000812840
 426.0 0.000852240
 427.0 0.000891630
 428.0 0.000903370
 429.0 0.000950000
 430.0 0.001275900
 431.0 0.001962800
 432.0 0.004805200
 433.0 0.010311000
 434.0 0.039032000
 435.0 0.114650000
 436.0 0.263660000
 437.0 0.453520000
 438.0 0.602580000
 439.0 0.776390000
 440.0 0.946260000
 441.0 0.996610000
 442.0 0.996940000
 443.0 0.994110000
 444.0 0.979800000
 445.0 0.919250000
 446.0 0.756480000
 447.0 0.500820000
 448.0 0.239720000
 449.0 0.095229000
 450.0 0.038308000
 451.0 0.011290000
 452.0 0.003258800
 453.0 0.000987330
 454.0 0.000668220
 455.0 0.000176500
 456.0 0.000201500
 457.0 0.000238570
 458.0 0.000264440
 459.0 0.000173150
 460.0 0.000081866
 461.0 0.000076553
 462.0 0.000071241
 463.0 0.000065928
 464.0 0.000060615
 465.0 0.000055302
 466.0 0.000049990
 467.0 0.000044677
 468.0 0.000039364
 469.0 0.000034052
 470.0 0.000028739
 471.0 0.000031801
 472.0 0.000034864
 473.0 0.000037926
 474.0 0.000040989
 475.0 0.000044051
 476.0 0.000047113
 477.0 0.000050176
 478.0 0.000053238
 479.0 0.000056301
 480.0 0.000059363
 481.0 0.000065442
 482.0 0.000071520
 483.0 0.000077599
 484.0 0.000083678
 485.0 0.000089756
 486.0 0.000095835
 487.0 0.000101910
 488.0 0.000107990
 489.0 0.000114070
 490.0 0.000120150
 491.0 0.000123000
 492.0 0.000125850
 493.0 0.000128690
 494.0 0.000131540
 495.0 0.000134390
 496.0 0.000137240
 497.0 0.000140090
 498.0 0.000142930
 499.0 0.000145780
 500.0 0.000148630
 501.0 0.000155910
 502.0 0.000163190
 503.0 0.000170460
 504.0 0.000177740
 505.0 0.000185020
 506.0 0.000192300
 507.0 0.000199580
 508.0 0.000206850
 509.0 0.000214130
 510.0 0.000221410
 511.0 0.000244090
 512.0 0.000266780
 513.0 0.000289470
 514.0 0.000312150
 515.0 0.000334840
 516.0 0.000357520
 517.0 0.000380200
 518.0 0.000402890
 519.0 0.000425580
 520.0 0.000448260
 521.0 0.000451500
 522.0 0.000454740
 523.0 0.000457980
 524.0 0.000461220
 525.0 0.000464450
 526.0 0.000467690
 527.0 0.000470930
 528.0 0.000474170
 529.0 0.000477410
 530.0 0.000480650
 531.0 0.000489740
 532.0 0.000498840
 533.0 0.000507930
 534.0 0.000517030
 535.0 0.000526120
 536.0 0.000535210
 537.0 0.000544310
 538.0 0.000553400
 539.0 0.000562500
 540.0 0.000571590
 541.0 0.000565190
 542.0 0.000558780
 543.0 0.000552380
 544.0 0.000545980
 545.0 0.000539580
 546.0 0.000533170
 547.0 0.000526770
 548.0 0.000520370
 549.0 0.000513960
 550.0 0.000507560
 551.0 0.000470160
 552.0 0.000432760
 553.0 0.000395350
 554.0 0.000357950
 555.0 0.000320550
 556.0 0.000283150
 557.0 0.000245750
 558.0 0.000208340
 559.0 0.000170940
 560.0 0.000133540
 561.0 0.000122870
 562.0 0.000112200
 563.0 0.000101520
 564.0 0.000090850
 565.0 0.000080178
 566.0 0.000069506
 567.0 0.000058833
 568.0 0.000048161
 569.0 0.000037488
 570.0 0.000026816
 571.0 0.000025798
 572.0 0.000024779
 573.0 0.000023760
 574.0 0.000022742
 575.0 0.000021723
 576.0 0.000020705
 577.0 0.000019687
 578.0 0.000018668
 579.0 0.000017649
 580.0 0.000016631
 581.0 0.000016199
 582.0 0.000015767
 583.0 0.000015335
 584.0 0.000014903
 585.0 0.000014470
 586.0 0.000014038
 587.0 0.000013606
 588.0 0.000013174
 589.0 0.000012742
 590.0 0.000012310
 591.0 0.000011925
 592.0 0.000011540
 593.0 0.000011156
 594.0 0.000010771
 595.0 0.000010386
 596.0 0.000010001
 597.0 0.000009616
 598.0 0.000009231
 599.0 0.000008847
 600.0 0.000008462
 601.0 0.000008199
 602.0 0.000007936
 603.0 0.000007673
 604.0 0.000007410
 605.0 0.000007147
 606.0 0.000006884
 607.0 0.000006622
 608.0 0.000006359
 609.0 0.000006096
 610.0 0.000005833
 611.0 0.000005994
 612.0 0.000006155
 613.0 0.000006317
 614.0 0.000006478
 615.0 0.000006639
 616.0 0.000006801
 617.0 0.000006962
 618.0 0.000007123
 619.0 0.000007285
 620.0 0.000007446
 621.0 0.000007718
 622.0 0.000007991
 623.0 0.000008263
 624.0 0.000008535
 625.0 0.000008808
 626.0 0.000009080
 627.0 0.000009353
 628.0 0.000009625
 629.0 0.000009898
 630.0 0.000010170
 631.0 0.000010839
 632.0 0.000011508
 633.0 0.000012177
 634.0 0.000012846
 635.0 0.000013516
 636.0 0.000014185
 637.0 0.000014854
 638.0 0.000015523
 639.0 0.000016192
 640.0 0.000016861
 641.0 0.000015938
 642.0 0.000015015
 643.0 0.000014092
 644.0 0.000013168
 645.0 0.000012245
 646.0 0.000011322
 647.0 0.000010399
 648.0 0.000009476
 649.0 0.000008553
 650.0 0.000007630
 651.0 0.000008355
 652.0 0.000009081
 653.0 0.000009807
 654.0 0.000010533
 655.0 0.000011259
 656.0 0.000011985
 657.0 0.000012710
 658.0 0.000013436
 659.0 0.000014162
 660.0 0.000014888
 661.0 0.000015813
 662.0 0.000016739
 663.0 0.000017664
 664.0 0.000018589
 665.0 0.000019515
 666.0 0.000020440
 667.0 0.000021365
 668.0 0.000022290
 669.0 0.000023216
 670.0 0.000024141
 671.0 0.000023537
 672.0 0.000022933
 673.0 0.000022329
 674.0 0.000021725
 675.0 0.000021122
 676.0 0.000020518
 677.0 0.000019914
 678.0 0.000019310
 679.0 0.000018706
 680.0 0.000018102
 681.0 0.000016858
 682.0 0.000015615
 683.0 0.000014371
 684.0 0.000013128
 685.0 0.000011884
 686.0 0.000010640
 687.0 0.000009397
 688.0 0.000008153
 689.0 0.000006910
 690.0 0.000005666
 691.0 0.000005476
 692.0 0.000005287
 693.0 0.000005097
 694.0 0.000004908
 695.0 0.000004718
 696.0 0.000004528
 697.0 0.000004339
 698.0 0.000004149
 699.0 0.000003959
 700.0 0.000003770
 701.0 0.000004225
 702.0 0.000004679
 703.0 0.000005134
 704.0 0.000005589
 705.0 0.000006044
 706.0 0.000006498
 707.0 0.000006953
 708.0 0.000007408
 709.0 0.000007863
 710.0 0.000008317
 711.0 0.000008212
 712.0 0.000008106
 713.0 0.000008000
 714.0 0.000007894
 715.0 0.000007788
 716.0 0.000007682
 717.0 0.000007576
 718.0 0.000007470
 719.0 0.000007365
 720.0 0.000007259
 721.0 0.000007355
 722.0 0.000007452
 723.0 0.000007549
 724.0 0.000007645
 725.0 0.000007742
 726.0 0.000007838
 727.0 0.000007935
 728.0 0.000008032
 729.0 0.000008128
 730.0 0.000008225
 731.0 0.000008601
 732.0 0.000008977
 733.0 0.000009353
 734.0 0.000009728
 735.0 0.000010104
 736.0 0.000010480
 737.0 0.000010856
 738.0 0.000011231
 739.0 0.000011607
 740.0 0.000011983
 741.0 0.000012865
 742.0 0.000013747
 743.0 0.000014629
 744.0 0.000015511
 745.0 0.000016394
 746.0 0.000017276
 747.0 0.000018158
 748.0 0.000019040
 749.0 0.000019922
 750.0 0.000020804
 751.0 0.000019730
 752.0 0.000018657
 753.0 0.000017583
 754.0 0.000016510
 755.0 0.000015436
 756.0 0.000014362
 757.0 0.000013289
 758.0 0.000012215
 759.0 0.000011142
 760.0 0.000010068
 761.0 0.000010452
 762.0 0.000010835
 763.0 0.000011218
 764.0 0.000011602
 765.0 0.000011985
 766.0 0.000012369
 767.0 0.000012752
 768.0 0.000013136
 769.0 0.000013520
 770.0 0.000013903
 771.0 0.000014369
 772.0 0.000014834
 773.0 0.000015300
 774.0 0.000015766
 775.0 0.000016232
 776.0 0.000016697
 777.0 0.000017163
 778.0 0.000017629
 779.0 0.000018094
 780.0 0.000018560
 781.0 0.000018301
 782.0 0.000018043
 783.0 0.000017784
 784.0 0.000017526
 785.0 0.000017267
 786.0 0.000017009
 787.0 0.000016751
 788.0 0.000016492
 789.0 0.000016233
 790.0 0.000015975
 791.0 0.000016093
 792.0 0.000016210
 793.0 0.000016328
 794.0 0.000016445
 795.0 0.000016563
 796.0 0.000016681
 797.0 0.000016798
 798.0 0.000016916
 799.0 0.000017033
 800.0 0.000017151
 801.0 0.000017700
 802.0 0.000018249
 803.0 0.000018798
 804.0 0.000019347
 805.0 0.000019896
 806.0 0.000020446
 807.0 0.000020995
 808.0 0.000021544
 809.0 0.000022093
 810.0 0.000022642
 811.0 0.000024400
 812.0 0.000026157
 813.0 0.000027915
 814.0 0.000029672
 815.0 0.000031430
 816.0 0.000033188
 817.0 0.000034945
 818.0 0.000036703
 819.0 0.000038460
 820.0 0.000040218
 821.0 0.000039054
 822.0 0.000037889
 823.0 0.000036725
 824.0 0.000035560
 825.0 0.000034395
 826.0 0.000033231
 827.0 0.000032066
 828.0 0.000030902
 829.0 0.000029738
 830.0 0.000028573
 831.0 0.000027084
 832.0 0.000025595
 833.0 0.000024106
 834.0 0.000022617
 835.0 0.000021129
 836.0 0.000019640
 837.0 0.000018151
 838.0 0.000016662
 839.0 0.000015173
 840.0 0.000013684
 841.0 0.000014896
 842.0 0.000016107
 843.0 0.000017319
 844.0 0.000018530
 845.0 0.000019742
 846.0 0.000020954
 847.0 0.000022165
 848.0 0.000023377
 849.0 0.000024588
 850.0 0.000025800
 851.0 0.000026845
 852.0 0.000027891
 853.0 0.000028936
 854.0 0.000029982
 855.0 0.000031027
 856.0 0.000032072
 857.0 0.000033118
 858.0 0.000034163
 859.0 0.000035209
 860.0 0.000036254
 861.0 0.000037222
 862.0 0.000038190
 863.0 0.000039157
 864.0 0.000040125
 865.0 0.000041093
 866.0 0.000042061
 867.0 0.000043029
 868.0 0.000043996
 869.0 0.000044964
 870.0 0.000045932
 871.0 0.000043945
 872.0 0.000041959
 873.0 0.000039972
 874.0 0.000037986
 875.0 0.000035999
 876.0 0.000034013
 877.0 0.000032026
 878.0 0.000030040
 879.0 0.000028054
 880.0 0.000026067
 881.0 0.000024690
 882.0 0.000023313
 883.0 0.000021937
 884.0 0.000020560
 885.0 0.000019183
 886.0 0.000017806
 887.0 0.000016429
 888.0 0.000015053
 889.0 0.000013676
 890.0 0.000012299
 891.0 0.000012743
 892.0 0.000013186
 893.0 0.000013630
 894.0 0.000014073
 895.0 0.000014517
 896.0 0.000014960
 897.0 0.000015404
 898.0 0.000015847
 899.0 0.000016291
 900.0 0.000016734
 901.0 0.000016832
 902.0 0.000016930
 903.0 0.000017029
 904.0 0.000017127
 905.0 0.000017225
 906.0 0.000017323
 907.0 0.000017421
 908.0 0.000017520
 909.0 0.000017618
 910.0 0.000017716
 911.0 0.000017418
 912.0 0.000017120
 913.0 0.000016822
 914.0 0.000016524
 915.0 0.000016226
 916.0 0.000015928
 917.0 0.000015630
 918.0 0.000015332
 919.0 0.000015034
 920.0 0.000014736
 921.0 0.000014841
 922.0 0.000014946
 923.0 0.000015050
 924.0 0.000015155
 925.0 0.000015260
 926.0 0.000015365
 927.0 0.000015470
 928.0 0.000015574
 929.0 0.000015679
 930.0 0.000015784
 931.0 0.000015957
 932.0 0.000016130
 933.0 0.000016303
 934.0 0.000016476
 935.0 0.000016649
 936.0 0.000016821
 937.0 0.000016994
 938.0 0.000017167
 939.0 0.000017340
 940.0 0.000017513
 941.0 0.000016642
 942.0 0.000015770
 943.0 0.000014899
 944.0 0.000014028
 945.0 0.000013157
 946.0 0.000012285
 947.0 0.000011414
 948.0 0.000010543
 949.0 0.000009672
 950.0 0.000008800
 951.0 0.000009659
 952.0 0.000010519
 953.0 0.000011378
 954.0 0.000012237
 955.0 0.000013096
 956.0 0.000013955
 957.0 0.000014814
 958.0 0.000015673
 959.0 0.000016532
 960.0 0.000017391
 961.0 0.000017151
 962.0 0.000016911
 963.0 0.000016671
 964.0 0.000016431
 965.0 0.000016191
 966.0 0.000015951
 967.0 0.000015711
 968.0 0.000015471
 969.0 0.000015231
 970.0 0.000014991
 971.0 0.000014633
 972.0 0.000014274
 973.0 0.000013916
 974.0 0.000013558
 975.0 0.000013200
 976.0 0.000012841
 977.0 0.000012483
 978.0 0.000012125
 979.0 0.000011766
 980.0 0.000011408
 981.0 0.000011271
 982.0 0.000011133
 983.0 0.000010995
 984.0 0.000010858
 985.0 0.000010720
 986.0 0.000010583
 987.0 0.000010446
 988.0 0.000010308
 989.0 0.000010170
 990.0 0.000010033
 991.0 0.000009994
 992.0 0.000009955
 993.0 0.000009916
 994.0 0.000009877
 995.0 0.000009838
 996.0 0.000009799
 997.0 0.000009760
 998.0 0.000009720
 999.0 0.000009682
1000.0 0.000009642
1001.0 0.000010312
1002.0 0.000010981
1003.0 0.000011650
1004.0 0.000012320
1005.0 0.000012989
1006.0 0.000013659
1007.0 0.000014328
1008.0 0.000014997
1009.0 0.000015667
1010.0 0.000016336
1011.0 0.000016136
1012.0 0.000015935
1013.0 0.000015735
1014.0 0.000015534
1015.0 0.000015334
1016.0 0.000015134
1017.0 0.000014933
1018.0 0.000014733
1019.0 0.000014532
1020.0 0.000014332
1021.0 0.000014259
1022.0 0.000014187
1023.0 0.000014115
1024.0 0.000014042
1025.0 0.000013970
1026.0 0.000013897
1027.0 0.000013825
1028.0 0.000013752
1029.0 0.000013680
1030.0 0.000013607
1031.0 0.000014093
1032.0 0.000014580
1033.0 0.000015066
1034.0 0.000015553
1035.0 0.000016039
1036.0 0.000016525
1037.0 0.000017012
1038.0 0.000017498
1039.0 0.000017985
1040.0 0.000018471
1041.0 0.000019851
1042.0 0.000021231
1043.0 0.000022610
1044.0 0.000023990
1045.0 0.000025370
1046.0 0.000026750
1047.0 0.000028130
1048.0 0.000029509
1049.0 0.000030889
1050.0 0.000032269
1051.0 0.000031205
1052.0 0.000030142
1053.0 0.000029078
1054.0 0.000028014
1055.0 0.000026950
1056.0 0.000025887
1057.0 0.000024823
1058.0 0.000023759
1059.0 0.000022696
1060.0 0.000021632
1061.0 0.000020866
1062.0 0.000020101
1063.0 0.000019335
1064.0 0.000018569
1065.0 0.000017804
1066.0 0.000017038
1067.0 0.000016272
1068.0 0.000015506
1069.0 0.000014741
1070.0 0.000013975
1071.0 0.000015165
1072.0 0.000016356
1073.0 0.000017546
1074.0 0.000018737
1075.0 0.000019927
1076.0 0.000021117
1077.0 0.000022308
1078.0 0.000023498
1079.0 0.000024689
1080.0 0.000025879
1081.0 0.000028461
1082.0 0.000031042
1083.0 0.000033624
1084.0 0.000036206
1085.0 0.000038788
1086.0 0.000041369
1087.0 0.000043951
1088.0 0.000046533
1089.0 0.000049114
1090.0 0.000051696
1091.0 0.000052730
1092.0 0.000053764
1093.0 0.000054798
1094.0 0.000055832
1095.0 0.000056866
1096.0 0.000057901
1097.0 0.000058935
1098.0 0.000059969
1099.0 0.000061003
1100.0 0.000062037
