721 TERMOD:Band13
 380.0 0.000044812
 381.0 0.000041093
 382.0 0.000037373
 383.0 0.000033654
 384.0 0.000029934
 385.0 0.000026215
 386.0 0.000022496
 387.0 0.000018776
 388.0 0.000015057
 389.0 0.000011337
 390.0 0.000007618
 391.0 0.000008344
 392.0 0.000009070
 393.0 0.000009796
 394.0 0.000010522
 395.0 0.000011248
 396.0 0.000011975
 397.0 0.000012701
 398.0 0.000013427
 399.0 0.000014153
 400.0 0.000014879
 401.0 0.000014534
 402.0 0.000014190
 403.0 0.000013845
 404.0 0.000013500
 405.0 0.000013156
 406.0 0.000012811
 407.0 0.000012466
 408.0 0.000012121
 409.0 0.000011777
 410.0 0.000011432
 411.0 0.000011538
 412.0 0.000011644
 413.0 0.000011749
 414.0 0.000011855
 415.0 0.000011961
 416.0 0.000012067
 417.0 0.000012173
 418.0 0.000012278
 419.0 0.000012384
 420.0 0.000012490
 421.0 0.000012366
 422.0 0.000012243
 423.0 0.000012119
 424.0 0.000011996
 425.0 0.000011873
 426.0 0.000011749
 427.0 0.000011625
 428.0 0.000011502
 429.0 0.000011378
 430.0 0.000011255
 431.0 0.000011192
 432.0 0.000011129
 433.0 0.000011067
 434.0 0.000011004
 435.0 0.000010941
 436.0 0.000010878
 437.0 0.000010815
 438.0 0.000010753
 439.0 0.000010690
 440.0 0.000010627
 441.0 0.000010233
 442.0 0.000009839
 443.0 0.000009445
 444.0 0.000009051
 445.0 0.000008658
 446.0 0.000008264
 447.0 0.000007870
 448.0 0.000007476
 449.0 0.000007082
 450.0 0.000006688
 451.0 0.000006754
 452.0 0.000006820
 453.0 0.000006887
 454.0 0.000006952
 455.0 0.000007018
 456.0 0.000007085
 457.0 0.000007151
 458.0 0.000007217
 459.0 0.000007283
 460.0 0.000007349
 461.0 0.000007501
 462.0 0.000007654
 463.0 0.000007807
 464.0 0.000007959
 465.0 0.000008112
 466.0 0.000008264
 467.0 0.000008417
 468.0 0.000008569
 469.0 0.000008722
 470.0 0.000008874
 471.0 0.000008485
 472.0 0.000008096
 473.0 0.000007707
 474.0 0.000007318
 475.0 0.000006929
 476.0 0.000006540
 477.0 0.000006151
 478.0 0.000005762
 479.0 0.000005373
 480.0 0.000004984
 481.0 0.000005130
 482.0 0.000005277
 483.0 0.000005424
 484.0 0.000005571
 485.0 0.000005718
 486.0 0.000005864
 487.0 0.000006011
 488.0 0.000006158
 489.0 0.000006305
 490.0 0.000006451
 491.0 0.000006910
 492.0 0.000007368
 493.0 0.000007826
 494.0 0.000008285
 495.0 0.000008743
 496.0 0.000009201
 497.0 0.000009659
 498.0 0.000010118
 499.0 0.000010576
 500.0 0.000011034
 501.0 0.000010293
 502.0 0.000009553
 503.0 0.000008812
 504.0 0.000008071
 505.0 0.000007331
 506.0 0.000006590
 507.0 0.000005849
 508.0 0.000005109
 509.0 0.000004368
 510.0 0.000003627
 511.0 0.000003901
 512.0 0.000004174
 513.0 0.000004448
 514.0 0.000004722
 515.0 0.000004995
 516.0 0.000005269
 517.0 0.000005543
 518.0 0.000005816
 519.0 0.000006090
 520.0 0.000006364
 521.0 0.000006162
 522.0 0.000005961
 523.0 0.000005760
 524.0 0.000005558
 525.0 0.000005357
 526.0 0.000005156
 527.0 0.000004954
 528.0 0.000004753
 529.0 0.000004552
 530.0 0.000004351
 531.0 0.000004284
 532.0 0.000004217
 533.0 0.000004151
 534.0 0.000004084
 535.0 0.000004018
 536.0 0.000003951
 537.0 0.000003885
 538.0 0.000003818
 539.0 0.000003752
 540.0 0.000003685
 541.0 0.000003638
 542.0 0.000003590
 543.0 0.000003543
 544.0 0.000003495
 545.0 0.000003448
 546.0 0.000003400
 547.0 0.000003353
 548.0 0.000003305
 549.0 0.000003257
 550.0 0.000003210
 551.0 0.000003109
 552.0 0.000003008
 553.0 0.000002907
 554.0 0.000002806
 555.0 0.000002704
 556.0 0.000002603
 557.0 0.000002502
 558.0 0.000002401
 559.0 0.000002300
 560.0 0.000002199
 561.0 0.000002428
 562.0 0.000002657
 563.0 0.000002887
 564.0 0.000003116
 565.0 0.000003345
 566.0 0.000003574
 567.0 0.000003804
 568.0 0.000004033
 569.0 0.000004262
 570.0 0.000004491
 571.0 0.000004579
 572.0 0.000004666
 573.0 0.000004753
 574.0 0.000004840
 575.0 0.000004928
 576.0 0.000005015
 577.0 0.000005102
 578.0 0.000005190
 579.0 0.000005277
 580.0 0.000005364
 581.0 0.000006124
 582.0 0.000006883
 583.0 0.000007643
 584.0 0.000008402
 585.0 0.000009162
 586.0 0.000009922
 587.0 0.000010681
 588.0 0.000011441
 589.0 0.000012200
 590.0 0.000012960
 591.0 0.000017071
 592.0 0.000021181
 593.0 0.000025292
 594.0 0.000029403
 595.0 0.000033514
 596.0 0.000037624
 597.0 0.000041735
 598.0 0.000045846
 599.0 0.000049956
 600.0 0.000054067
 601.0 0.000060527
 602.0 0.000066988
 603.0 0.000073448
 604.0 0.000079908
 605.0 0.000086368
 606.0 0.000092829
 607.0 0.000099289
 608.0 0.000105750
 609.0 0.000112210
 610.0 0.000118670
 611.0 0.000105510
 612.0 0.000092360
 613.0 0.000079204
 614.0 0.000066049
 615.0 0.000052894
 616.0 0.000055672
 617.0 0.000049403
 618.0 0.000051717
 619.0 0.000048593
 620.0 0.000049652
 621.0 0.000050000
 622.0 0.000073367
 623.0 0.000091144
 624.0 0.000069851
 625.0 0.000068507
 626.0 0.000078856
 627.0 0.000112190
 628.0 0.000090101
 629.0 0.000070000
 630.0 0.000062140
 631.0 0.000060050
 632.0 0.000084750
 633.0 0.000101100
 634.0 0.000107940
 635.0 0.000100000
 636.0 0.000099505
 637.0 0.000092010
 638.0 0.000112110
 639.0 0.000139250
 640.0 0.000140650
 641.0 0.000165520
 642.0 0.000164850
 643.0 0.000179150
 644.0 0.000175000
 645.0 0.000163640
 646.0 0.000208600
 647.0 0.000245950
 648.0 0.000274550
 649.0 0.000289050
 650.0 0.000341100
 651.0 0.000424000
 652.0 0.000498220
 653.0 0.000579360
 654.0 0.001148700
 655.0 0.001844200
 656.0 0.011257000
 657.0 0.023074000
 658.0 0.103690000
 659.0 0.201620000
 660.0 0.377240000
 661.0 0.566990000
 662.0 0.739250000
 663.0 0.897990000
 664.0 0.958480000
 665.0 0.996040000
 666.0 0.962190000
 667.0 0.915510000
 668.0 0.851850000
 669.0 0.776560000
 670.0 0.626290000
 671.0 0.456090000
 672.0 0.317550000
 673.0 0.184970000
 674.0 0.096756000
 675.0 0.013711000
 676.0 0.002375600
 677.0 0.000337780
 678.0 0.000124780
 679.0 0.000080000
 680.0 0.000064279
 681.0 0.000075248
 682.0 0.000063199
 683.0 0.000049702
 684.0 0.000044221
 685.0 0.000031105
 686.0 0.000034875
 687.0 0.000040000
 688.0 0.000036030
 689.0 0.000040000
 690.0 0.000038259
 691.0 0.000043283
 692.0 0.000043939
 693.0 0.000048990
 694.0 0.000045473
 695.0 0.000049254
 696.0 0.000040000
 697.0 0.000050000
 698.0 0.000036784
 699.0 0.000036985
 700.0 0.000040000
 701.0 0.000048995
 702.0 0.000046119
 703.0 0.000057910
 704.0 0.000050000
 705.0 0.000039598
 706.0 0.000040000
 707.0 0.000040000
 708.0 0.000038010
 709.0 0.000039950
 710.0 0.000040000
 711.0 0.000047750
 712.0 0.000048900
 713.0 0.000041650
 714.0 0.000055601
 715.0 0.000050000
 716.0 0.000055000
 717.0 0.000060000
 718.0 0.000060000
 719.0 0.000047241
 720.0 0.000043448
 721.0 0.000047921
 722.0 0.000048121
 723.0 0.000045680
 724.0 0.000043239
 725.0 0.000040799
 726.0 0.000038358
 727.0 0.000035917
 728.0 0.000033476
 729.0 0.000031036
 730.0 0.000028595
 731.0 0.000039468
 732.0 0.000050340
 733.0 0.000061213
 734.0 0.000072085
 735.0 0.000082958
 736.0 0.000093830
 737.0 0.000104700
 738.0 0.000115580
 739.0 0.000126450
 740.0 0.000137320
 741.0 0.000139110
 742.0 0.000140900
 743.0 0.000142700
 744.0 0.000144490
 745.0 0.000146280
 746.0 0.000148070
 747.0 0.000149860
 748.0 0.000151660
 749.0 0.000153450
 750.0 0.000155240
 751.0 0.000158130
 752.0 0.000161030
 753.0 0.000163920
 754.0 0.000166820
 755.0 0.000169710
 756.0 0.000172600
 757.0 0.000175500
 758.0 0.000178390
 759.0 0.000181290
 760.0 0.000184180
 761.0 0.000200020
 762.0 0.000215860
 763.0 0.000231700
 764.0 0.000247540
 765.0 0.000263370
 766.0 0.000279210
 767.0 0.000295050
 768.0 0.000310890
 769.0 0.000326730
 770.0 0.000342570
 771.0 0.000378940
 772.0 0.000415310
 773.0 0.000451670
 774.0 0.000488040
 775.0 0.000524410
 776.0 0.000560780
 777.0 0.000597150
 778.0 0.000633510
 779.0 0.000669880
 780.0 0.000706250
 781.0 0.000691760
 782.0 0.000677270
 783.0 0.000662790
 784.0 0.000648300
 785.0 0.000633810
 786.0 0.000619320
 787.0 0.000604830
 788.0 0.000590350
 789.0 0.000575860
 790.0 0.000561370
 791.0 0.000608350
 792.0 0.000655340
 793.0 0.000702320
 794.0 0.000749300
 795.0 0.000796280
 796.0 0.000843270
 797.0 0.000890250
 798.0 0.000937230
 799.0 0.000984220
 800.0 0.001031200
 801.0 0.000991220
 802.0 0.000951250
 803.0 0.000911270
 804.0 0.000871300
 805.0 0.000831320
 806.0 0.000791340
 807.0 0.000751370
 808.0 0.000711390
 809.0 0.000671420
 810.0 0.000631440
 811.0 0.000628630
 812.0 0.000625810
 813.0 0.000623000
 814.0 0.000620180
 815.0 0.000617370
 816.0 0.000614550
 817.0 0.000611730
 818.0 0.000608920
 819.0 0.000606100
 820.0 0.000603290
 821.0 0.000627500
 822.0 0.000651710
 823.0 0.000675910
 824.0 0.000700120
 825.0 0.000724330
 826.0 0.000748540
 827.0 0.000772750
 828.0 0.000796950
 829.0 0.000821160
 830.0 0.000845370
 831.0 0.000957240
 832.0 0.001069100
 833.0 0.001181000
 834.0 0.001292900
 835.0 0.001404700
 836.0 0.001516600
 837.0 0.001628500
 838.0 0.001740400
 839.0 0.001852200
 840.0 0.001964100
 841.0 0.001940100
 842.0 0.001916100
 843.0 0.001892100
 844.0 0.001868100
 845.0 0.001844200
 846.0 0.001820200
 847.0 0.001796200
 848.0 0.001772200
 849.0 0.001748200
 850.0 0.001724200
 851.0 0.001852200
 852.0 0.001980200
 853.0 0.002108300
 854.0 0.002236300
 855.0 0.002364300
 856.0 0.002492300
 857.0 0.002620300
 858.0 0.002748400
 859.0 0.002876400
 860.0 0.003004400
 861.0 0.002768300
 862.0 0.002532300
 863.0 0.002296200
 864.0 0.002060100
 865.0 0.001824100
 866.0 0.001588000
 867.0 0.001352000
 868.0 0.001115900
 869.0 0.000879830
 870.0 0.000643770
 871.0 0.000620620
 872.0 0.000597460
 873.0 0.000574310
 874.0 0.000551150
 875.0 0.000528000
 876.0 0.000504850
 877.0 0.000481690
 878.0 0.000458540
 879.0 0.000435380
 880.0 0.000412230
 881.0 0.000408780
 882.0 0.000405330
 883.0 0.000401880
 884.0 0.000398430
 885.0 0.000394990
 886.0 0.000391540
 887.0 0.000388090
 888.0 0.000384640
 889.0 0.000381190
 890.0 0.000377740
 891.0 0.000371080
 892.0 0.000364420
 893.0 0.000357760
 894.0 0.000351100
 895.0 0.000344440
 896.0 0.000337790
 897.0 0.000331130
 898.0 0.000324470
 899.0 0.000317810
 900.0 0.000311150
 901.0 0.000318830
 902.0 0.000326500
 903.0 0.000334180
 904.0 0.000341850
 905.0 0.000349530
 906.0 0.000357200
 907.0 0.000364880
 908.0 0.000372550
 909.0 0.000380230
 910.0 0.000387900
 911.0 0.000420290
 912.0 0.000452680
 913.0 0.000485070
 914.0 0.000517460
 915.0 0.000549850
 916.0 0.000582240
 917.0 0.000614630
 918.0 0.000647020
 919.0 0.000679410
 920.0 0.000711800
 921.0 0.000674280
 922.0 0.000636770
 923.0 0.000599250
 924.0 0.000561740
 925.0 0.000524220
 926.0 0.000486700
 927.0 0.000449190
 928.0 0.000411670
 929.0 0.000374160
 930.0 0.000336640
 931.0 0.000330550
 932.0 0.000324450
 933.0 0.000318360
 934.0 0.000312260
 935.0 0.000306170
 936.0 0.000300080
 937.0 0.000293980
 938.0 0.000287890
 939.0 0.000281790
 940.0 0.000275700
 941.0 0.000276770
 942.0 0.000277850
 943.0 0.000278920
 944.0 0.000280000
 945.0 0.000281070
 946.0 0.000282140
 947.0 0.000283220
 948.0 0.000284290
 949.0 0.000285370
 950.0 0.000286440
 951.0 0.000293230
 952.0 0.000300020
 953.0 0.000306810
 954.0 0.000313600
 955.0 0.000320390
 956.0 0.000327180
 957.0 0.000333970
 958.0 0.000340760
 959.0 0.000347550
 960.0 0.000354340
 961.0 0.000337240
 962.0 0.000320140
 963.0 0.000303040
 964.0 0.000285940
 965.0 0.000268850
 966.0 0.000251750
 967.0 0.000234650
 968.0 0.000217550
 969.0 0.000200450
 970.0 0.000183350
 971.0 0.000179990
 972.0 0.000176630
 973.0 0.000173270
 974.0 0.000169910
 975.0 0.000166550
 976.0 0.000163200
 977.0 0.000159840
 978.0 0.000156480
 979.0 0.000153120
 980.0 0.000149760
 981.0 0.000150240
 982.0 0.000150730
 983.0 0.000151210
 984.0 0.000151700
 985.0 0.000152180
 986.0 0.000152660
 987.0 0.000153150
 988.0 0.000153630
 989.0 0.000154120
 990.0 0.000154600
 991.0 0.000165860
 992.0 0.000177130
 993.0 0.000188400
 994.0 0.000199660
 995.0 0.000210930
 996.0 0.000222190
 997.0 0.000233460
 998.0 0.000244720
 999.0 0.000255990
1000.0 0.000267250
1001.0 0.000248090
1002.0 0.000228930
1003.0 0.000209760
1004.0 0.000190600
1005.0 0.000171440
1006.0 0.000152280
1007.0 0.000133120
1008.0 0.000113960
1009.0 0.000094794
1010.0 0.000075632
1011.0 0.000074735
1012.0 0.000073837
1013.0 0.000072940
1014.0 0.000072042
1015.0 0.000071145
1016.0 0.000070248
1017.0 0.000069350
1018.0 0.000068453
1019.0 0.000067555
1020.0 0.000066658
1021.0 0.000087329
1022.0 0.000108000
1023.0 0.000128670
1024.0 0.000149340
1025.0 0.000170010
1026.0 0.000190690
1027.0 0.000211360
1028.0 0.000232030
1029.0 0.000252700
1030.0 0.000273370
1031.0 0.000254260
1032.0 0.000235160
1033.0 0.000216050
1034.0 0.000196940
1035.0 0.000177830
1036.0 0.000158730
1037.0 0.000139620
1038.0 0.000120510
1039.0 0.000101410
1040.0 0.000082299
1041.0 0.000079938
1042.0 0.000077577
1043.0 0.000075216
1044.0 0.000072855
1045.0 0.000070494
1046.0 0.000068132
1047.0 0.000065771
1048.0 0.000063410
1049.0 0.000061049
1050.0 0.000058688
1051.0 0.000057658
1052.0 0.000056627
1053.0 0.000055597
1054.0 0.000054566
1055.0 0.000053536
1056.0 0.000052506
1057.0 0.000051475
1058.0 0.000050445
1059.0 0.000049414
1060.0 0.000048384
1061.0 0.000050216
1062.0 0.000052048
1063.0 0.000053880
1064.0 0.000055712
1065.0 0.000057544
1066.0 0.000059376
1067.0 0.000061208
1068.0 0.000063040
1069.0 0.000064872
1070.0 0.000066704
1071.0 0.000069113
1072.0 0.000071522
1073.0 0.000073931
1074.0 0.000076340
1075.0 0.000078749
1076.0 0.000081158
1077.0 0.000083567
1078.0 0.000085976
1079.0 0.000088385
1080.0 0.000090794
1081.0 0.000091909
1082.0 0.000093023
1083.0 0.000094138
1084.0 0.000095252
1085.0 0.000096367
1086.0 0.000097482
1087.0 0.000098596
1088.0 0.000099711
1089.0 0.000100830
1090.0 0.000101940
1091.0 0.000097800
1092.0 0.000093661
1093.0 0.000089521
1094.0 0.000085382
1095.0 0.000081242
1096.0 0.000077103
1097.0 0.000072963
1098.0 0.000068824
1099.0 0.000064685
1100.0 0.000060545
