721 TERMOD:Band14
 380.0 0.000023625
 381.0 0.000023280
 382.0 0.000022936
 383.0 0.000022591
 384.0 0.000022246
 385.0 0.000021902
 386.0 0.000021557
 387.0 0.000021212
 388.0 0.000020867
 389.0 0.000020523
 390.0 0.000020178
 391.0 0.000019713
 392.0 0.000019249
 393.0 0.000018784
 394.0 0.000018320
 395.0 0.000017856
 396.0 0.000017391
 397.0 0.000016927
 398.0 0.000016462
 399.0 0.000015997
 400.0 0.000015533
 401.0 0.000015221
 402.0 0.000014910
 403.0 0.000014598
 404.0 0.000014287
 405.0 0.000013975
 406.0 0.000013663
 407.0 0.000013352
 408.0 0.000013040
 409.0 0.000012729
 410.0 0.000012417
 411.0 0.000012542
 412.0 0.000012668
 413.0 0.000012793
 414.0 0.000012918
 415.0 0.000013044
 416.0 0.000013169
 417.0 0.000013294
 418.0 0.000013419
 419.0 0.000013545
 420.0 0.000013670
 421.0 0.000013129
 422.0 0.000012589
 423.0 0.000012048
 424.0 0.000011507
 425.0 0.000010967
 426.0 0.000010426
 427.0 0.000009886
 428.0 0.000009345
 429.0 0.000008804
 430.0 0.000008264
 431.0 0.000008599
 432.0 0.000008935
 433.0 0.000009270
 434.0 0.000009605
 435.0 0.000009941
 436.0 0.000010276
 437.0 0.000010612
 438.0 0.000010947
 439.0 0.000011283
 440.0 0.000011618
 441.0 0.000011106
 442.0 0.000010594
 443.0 0.000010083
 444.0 0.000009571
 445.0 0.000009059
 446.0 0.000008547
 447.0 0.000008035
 448.0 0.000007524
 449.0 0.000007012
 450.0 0.000006500
 451.0 0.000006788
 452.0 0.000007076
 453.0 0.000007364
 454.0 0.000007652
 455.0 0.000007940
 456.0 0.000008228
 457.0 0.000008516
 458.0 0.000008804
 459.0 0.000009092
 460.0 0.000009380
 461.0 0.000008975
 462.0 0.000008570
 463.0 0.000008165
 464.0 0.000007760
 465.0 0.000007355
 466.0 0.000006950
 467.0 0.000006545
 468.0 0.000006140
 469.0 0.000005735
 470.0 0.000005330
 471.0 0.000005085
 472.0 0.000004840
 473.0 0.000004595
 474.0 0.000004350
 475.0 0.000004105
 476.0 0.000003860
 477.0 0.000003615
 478.0 0.000003370
 479.0 0.000003125
 480.0 0.000002880
 481.0 0.000003068
 482.0 0.000003256
 483.0 0.000003444
 484.0 0.000003633
 485.0 0.000003821
 486.0 0.000004009
 487.0 0.000004197
 488.0 0.000004385
 489.0 0.000004573
 490.0 0.000004761
 491.0 0.000004965
 492.0 0.000005168
 493.0 0.000005372
 494.0 0.000005576
 495.0 0.000005779
 496.0 0.000005983
 497.0 0.000006186
 498.0 0.000006390
 499.0 0.000006593
 500.0 0.000006797
 501.0 0.000006802
 502.0 0.000006806
 503.0 0.000006811
 504.0 0.000006816
 505.0 0.000006820
 506.0 0.000006825
 507.0 0.000006829
 508.0 0.000006834
 509.0 0.000006839
 510.0 0.000006843
 511.0 0.000006565
 512.0 0.000006286
 513.0 0.000006007
 514.0 0.000005728
 515.0 0.000005450
 516.0 0.000005171
 517.0 0.000004892
 518.0 0.000004613
 519.0 0.000004335
 520.0 0.000004056
 521.0 0.000004057
 522.0 0.000004059
 523.0 0.000004060
 524.0 0.000004061
 525.0 0.000004063
 526.0 0.000004064
 527.0 0.000004065
 528.0 0.000004067
 529.0 0.000004068
 530.0 0.000004069
 531.0 0.000004154
 532.0 0.000004239
 533.0 0.000004323
 534.0 0.000004408
 535.0 0.000004493
 536.0 0.000004577
 537.0 0.000004662
 538.0 0.000004747
 539.0 0.000004831
 540.0 0.000004916
 541.0 0.000004948
 542.0 0.000004980
 543.0 0.000005012
 544.0 0.000005045
 545.0 0.000005077
 546.0 0.000005109
 547.0 0.000005141
 548.0 0.000005173
 549.0 0.000005206
 550.0 0.000005238
 551.0 0.000005152
 552.0 0.000005066
 553.0 0.000004980
 554.0 0.000004895
 555.0 0.000004809
 556.0 0.000004723
 557.0 0.000004637
 558.0 0.000004551
 559.0 0.000004465
 560.0 0.000004380
 561.0 0.000004715
 562.0 0.000005051
 563.0 0.000005386
 564.0 0.000005722
 565.0 0.000006057
 566.0 0.000006393
 567.0 0.000006728
 568.0 0.000007064
 569.0 0.000007399
 570.0 0.000007735
 571.0 0.000007131
 572.0 0.000006528
 573.0 0.000005924
 574.0 0.000005321
 575.0 0.000004717
 576.0 0.000004114
 577.0 0.000003511
 578.0 0.000002907
 579.0 0.000002304
 580.0 0.000001700
 581.0 0.000004120
 582.0 0.000006541
 583.0 0.000008961
 584.0 0.000011381
 585.0 0.000013802
 586.0 0.000016222
 587.0 0.000018642
 588.0 0.000021062
 589.0 0.000023483
 590.0 0.000025903
 591.0 0.000041911
 592.0 0.000057918
 593.0 0.000073926
 594.0 0.000089934
 595.0 0.000105940
 596.0 0.000121950
 597.0 0.000137960
 598.0 0.000153960
 599.0 0.000169970
 600.0 0.000185980
 601.0 0.000195020
 602.0 0.000204060
 603.0 0.000213100
 604.0 0.000222140
 605.0 0.000231180
 606.0 0.000240220
 607.0 0.000249260
 608.0 0.000258300
 609.0 0.000267340
 610.0 0.000276380
 611.0 0.000302270
 612.0 0.000328160
 613.0 0.000354050
 614.0 0.000379940
 615.0 0.000405830
 616.0 0.000431720
 617.0 0.000457610
 618.0 0.000483500
 619.0 0.000509390
 620.0 0.000535280
 621.0 0.000551900
 622.0 0.000568520
 623.0 0.000585150
 624.0 0.000601770
 625.0 0.000618390
 626.0 0.000635010
 627.0 0.000651630
 628.0 0.000668260
 629.0 0.000684880
 630.0 0.000701500
 631.0 0.000726900
 632.0 0.000752300
 633.0 0.000777710
 634.0 0.000803110
 635.0 0.000828510
 636.0 0.000853910
 637.0 0.000879310
 638.0 0.000904720
 639.0 0.000930120
 640.0 0.000955520
 641.0 0.000902710
 642.0 0.000849900
 643.0 0.000797100
 644.0 0.000744290
 645.0 0.000691480
 646.0 0.000638670
 647.0 0.000585860
 648.0 0.000533060
 649.0 0.000480250
 650.0 0.000427440
 651.0 0.000490590
 652.0 0.000553730
 653.0 0.000616880
 654.0 0.000680020
 655.0 0.000743170
 656.0 0.000806310
 657.0 0.000869460
 658.0 0.000932600
 659.0 0.000995750
 660.0 0.001058900
 661.0 0.001122000
 662.0 0.001185200
 663.0 0.001248300
 664.0 0.003330800
 665.0 0.007859600
 666.0 0.017214000
 667.0 0.036635000
 668.0 0.075727000
 669.0 0.152410000
 670.0 0.276890000
 671.0 0.435590000
 672.0 0.602370000
 673.0 0.760470000
 674.0 0.891110000
 675.0 0.973410000
 676.0 0.997480000
 677.0 0.992260000
 678.0 0.977510000
 679.0 0.944350000
 680.0 0.866960000
 681.0 0.747060000
 682.0 0.609510000
 683.0 0.463130000
 684.0 0.293730000
 685.0 0.141280000
 686.0 0.054569000
 687.0 0.021852000
 688.0 0.009716900
 689.0 0.004931900
 690.0 0.002471200
 691.0 0.001314600
 692.0 0.000615990
 693.0 0.000511320
 694.0 0.000487870
 695.0 0.000464420
 696.0 0.000440960
 697.0 0.000417510
 698.0 0.000394050
 699.0 0.000370600
 700.0 0.000347150
 701.0 0.000323690
 702.0 0.000300240
 703.0 0.000276790
 704.0 0.000253330
 705.0 0.000229880
 706.0 0.000206420
 707.0 0.000182970
 708.0 0.000159520
 709.0 0.000136060
 710.0 0.000112610
 711.0 0.000111860
 712.0 0.000111110
 713.0 0.000110360
 714.0 0.000109610
 715.0 0.000108860
 716.0 0.000108110
 717.0 0.000107360
 718.0 0.000106610
 719.0 0.000105860
 720.0 0.000105110
 721.0 0.000098643
 722.0 0.000092177
 723.0 0.000085710
 724.0 0.000079244
 725.0 0.000072777
 726.0 0.000066310
 727.0 0.000059844
 728.0 0.000053377
 729.0 0.000046911
 730.0 0.000040444
 731.0 0.000073739
 732.0 0.000107030
 733.0 0.000140330
 734.0 0.000173620
 735.0 0.000206920
 736.0 0.000240210
 737.0 0.000273510
 738.0 0.000306800
 739.0 0.000340100
 740.0 0.000373390
 741.0 0.000389110
 742.0 0.000404820
 743.0 0.000420540
 744.0 0.000436250
 745.0 0.000451970
 746.0 0.000467690
 747.0 0.000483400
 748.0 0.000499120
 749.0 0.000514830
 750.0 0.000530550
 751.0 0.000530030
 752.0 0.000529510
 753.0 0.000528990
 754.0 0.000528470
 755.0 0.000527940
 756.0 0.000527420
 757.0 0.000526900
 758.0 0.000526380
 759.0 0.000525860
 760.0 0.000525340
 761.0 0.000526410
 762.0 0.000527470
 763.0 0.000528540
 764.0 0.000529610
 765.0 0.000530670
 766.0 0.000531740
 767.0 0.000532810
 768.0 0.000533880
 769.0 0.000534940
 770.0 0.000536010
 771.0 0.000533120
 772.0 0.000530230
 773.0 0.000527340
 774.0 0.000524450
 775.0 0.000521560
 776.0 0.000518680
 777.0 0.000515790
 778.0 0.000512900
 779.0 0.000510010
 780.0 0.000507120
 781.0 0.000526890
 782.0 0.000546670
 783.0 0.000566450
 784.0 0.000586220
 785.0 0.000606000
 786.0 0.000625770
 787.0 0.000645540
 788.0 0.000665320
 789.0 0.000685090
 790.0 0.000704870
 791.0 0.000726280
 792.0 0.000747700
 793.0 0.000769110
 794.0 0.000790530
 795.0 0.000811940
 796.0 0.000833350
 797.0 0.000854770
 798.0 0.000876180
 799.0 0.000897600
 800.0 0.000919010
 801.0 0.000914860
 802.0 0.000910710
 803.0 0.000906550
 804.0 0.000902400
 805.0 0.000898250
 806.0 0.000894100
 807.0 0.000889950
 808.0 0.000885790
 809.0 0.000881640
 810.0 0.000877490
 811.0 0.000876410
 812.0 0.000875320
 813.0 0.000874240
 814.0 0.000873150
 815.0 0.000872070
 816.0 0.000870990
 817.0 0.000869900
 818.0 0.000868820
 819.0 0.000867730
 820.0 0.000866650
 821.0 0.000885130
 822.0 0.000903600
 823.0 0.000922080
 824.0 0.000940550
 825.0 0.000959020
 826.0 0.000977500
 827.0 0.000995970
 828.0 0.001014400
 829.0 0.001032900
 830.0 0.001051400
 831.0 0.001089700
 832.0 0.001128000
 833.0 0.001166300
 834.0 0.001204600
 835.0 0.001242900
 836.0 0.001281200
 837.0 0.001319500
 838.0 0.001357800
 839.0 0.001396100
 840.0 0.001434400
 841.0 0.001530800
 842.0 0.001627300
 843.0 0.001723700
 844.0 0.001820200
 845.0 0.001916600
 846.0 0.002013000
 847.0 0.002109500
 848.0 0.002205900
 849.0 0.002302400
 850.0 0.002398800
 851.0 0.002427200
 852.0 0.002455500
 853.0 0.002483900
 854.0 0.002512200
 855.0 0.002540600
 856.0 0.002568900
 857.0 0.002597300
 858.0 0.002625600
 859.0 0.002654000
 860.0 0.002682300
 861.0 0.002910800
 862.0 0.003139300
 863.0 0.003367800
 864.0 0.003596300
 865.0 0.003824900
 866.0 0.004053400
 867.0 0.004281900
 868.0 0.004510400
 869.0 0.004738900
 870.0 0.004967400
 871.0 0.004524500
 872.0 0.004081600
 873.0 0.003638700
 874.0 0.003195800
 875.0 0.002752900
 876.0 0.002309900
 877.0 0.001867000
 878.0 0.001424100
 879.0 0.000981220
 880.0 0.000538310
 881.0 0.000527320
 882.0 0.000516320
 883.0 0.000505330
 884.0 0.000494330
 885.0 0.000483340
 886.0 0.000472350
 887.0 0.000461350
 888.0 0.000450360
 889.0 0.000439360
 890.0 0.000428370
 891.0 0.000421700
 892.0 0.000415020
 893.0 0.000408350
 894.0 0.000401680
 895.0 0.000395000
 896.0 0.000388330
 897.0 0.000381660
 898.0 0.000374990
 899.0 0.000368310
 900.0 0.000361640
 901.0 0.000365200
 902.0 0.000368770
 903.0 0.000372330
 904.0 0.000375900
 905.0 0.000379460
 906.0 0.000383020
 907.0 0.000386590
 908.0 0.000390150
 909.0 0.000393720
 910.0 0.000397280
 911.0 0.000404480
 912.0 0.000411690
 913.0 0.000418890
 914.0 0.000426090
 915.0 0.000433300
 916.0 0.000440500
 917.0 0.000447700
 918.0 0.000454900
 919.0 0.000462110
 920.0 0.000469310
 921.0 0.000468780
 922.0 0.000468250
 923.0 0.000467720
 924.0 0.000467190
 925.0 0.000466670
 926.0 0.000466140
 927.0 0.000465610
 928.0 0.000465080
 929.0 0.000464550
 930.0 0.000464020
 931.0 0.000458050
 932.0 0.000452090
 933.0 0.000446120
 934.0 0.000440160
 935.0 0.000434190
 936.0 0.000428220
 937.0 0.000422260
 938.0 0.000416290
 939.0 0.000410330
 940.0 0.000404360
 941.0 0.000398410
 942.0 0.000392450
 943.0 0.000386490
 944.0 0.000380540
 945.0 0.000374580
 946.0 0.000368630
 947.0 0.000362670
 948.0 0.000356720
 949.0 0.000350760
 950.0 0.000344810
 951.0 0.000343500
 952.0 0.000342200
 953.0 0.000340890
 954.0 0.000339580
 955.0 0.000338270
 956.0 0.000336970
 957.0 0.000335660
 958.0 0.000334350
 959.0 0.000333050
 960.0 0.000331740
 961.0 0.000324390
 962.0 0.000317030
 963.0 0.000309680
 964.0 0.000302320
 965.0 0.000294960
 966.0 0.000287610
 967.0 0.000280260
 968.0 0.000272900
 969.0 0.000265550
 970.0 0.000258190
 971.0 0.000254120
 972.0 0.000250050
 973.0 0.000245980
 974.0 0.000241910
 975.0 0.000237840
 976.0 0.000233760
 977.0 0.000229690
 978.0 0.000225620
 979.0 0.000221550
 980.0 0.000217480
 981.0 0.000216630
 982.0 0.000215770
 983.0 0.000214910
 984.0 0.000214060
 985.0 0.000213200
 986.0 0.000212350
 987.0 0.000211500
 988.0 0.000210640
 989.0 0.000209780
 990.0 0.000208930
 991.0 0.000207000
 992.0 0.000205070
 993.0 0.000203140
 994.0 0.000201210
 995.0 0.000199280
 996.0 0.000197340
 997.0 0.000195410
 998.0 0.000193480
 999.0 0.000191550
1000.0 0.000189620
1001.0 0.000184220
1002.0 0.000178810
1003.0 0.000173410
1004.0 0.000168010
1005.0 0.000162610
1006.0 0.000157200
1007.0 0.000151800
1008.0 0.000146400
1009.0 0.000140990
1010.0 0.000135590
1011.0 0.000134730
1012.0 0.000133860
1013.0 0.000133000
1014.0 0.000132130
1015.0 0.000131260
1016.0 0.000130400
1017.0 0.000129530
1018.0 0.000128670
1019.0 0.000127800
1020.0 0.000126940
1021.0 0.000137940
1022.0 0.000148950
1023.0 0.000159960
1024.0 0.000170960
1025.0 0.000181970
1026.0 0.000192970
1027.0 0.000203970
1028.0 0.000214980
1029.0 0.000225990
1030.0 0.000236990
1031.0 0.000226920
1032.0 0.000216850
1033.0 0.000206770
1034.0 0.000196700
1035.0 0.000186630
1036.0 0.000176560
1037.0 0.000166490
1038.0 0.000156410
1039.0 0.000146340
1040.0 0.000136270
1041.0 0.000140640
1042.0 0.000145010
1043.0 0.000149370
1044.0 0.000153740
1045.0 0.000158110
1046.0 0.000162480
1047.0 0.000166850
1048.0 0.000171210
1049.0 0.000175580
1050.0 0.000179950
1051.0 0.000240590
1052.0 0.000301230
1053.0 0.000361870
1054.0 0.000422510
1055.0 0.000483150
1056.0 0.000543790
1057.0 0.000604430
1058.0 0.000665070
1059.0 0.000725710
1060.0 0.000786350
1061.0 0.000714650
1062.0 0.000642940
1063.0 0.000571240
1064.0 0.000499540
1065.0 0.000427830
1066.0 0.000356130
1067.0 0.000284430
1068.0 0.000212720
1069.0 0.000141020
1070.0 0.000069318
1071.0 0.000068279
1072.0 0.000067240
1073.0 0.000066200
1074.0 0.000065161
1075.0 0.000064122
1076.0 0.000063083
1077.0 0.000062044
1078.0 0.000061004
1079.0 0.000059965
1080.0 0.000058926
1081.0 0.000060388
1082.0 0.000061849
1083.0 0.000063311
1084.0 0.000064773
1085.0 0.000066234
1086.0 0.000067696
1087.0 0.000069158
1088.0 0.000070620
1089.0 0.000072081
1090.0 0.000073543
1091.0 0.000083062
1092.0 0.000092580
1093.0 0.000102100
1094.0 0.000111620
1095.0 0.000121140
1096.0 0.000130660
1097.0 0.000140170
1098.0 0.000149690
1099.0 0.000159210
1100.0 0.000168730
