58 TERMOD:Band5
1214.0 0.012220000
1215.0 0.015810000
1216.0 0.020430000
1217.0 0.026530000
1218.0 0.033870000
1219.0 0.043050000
1220.0 0.055870000
1221.0 0.071880000
1222.0 0.093040000
1223.0 0.121450000
1224.0 0.154710000
1225.0 0.194860000
1226.0 0.246580000
1227.0 0.304100000
1228.0 0.368720000
1229.0 0.435230000
1230.0 0.504750000
1231.0 0.580950000
1232.0 0.662120000
1233.0 0.738940000
1234.0 0.802300000
1235.0 0.847400000
1236.0 0.888050000
1237.0 0.930820000
1238.0 0.961140000
1239.0 0.981600000
1240.0 0.985400000
1241.0 0.986750000
1242.0 0.989650000
1243.0 0.998210000
1244.0 0.991410000
1245.0 0.974630000
1246.0 0.944540000
1247.0 0.909270000
1248.0 0.869870000
1249.0 0.824560000
1250.0 0.760610000
1251.0 0.689450000
1252.0 0.612270000
1253.0 0.524060000
1254.0 0.433370000
1255.0 0.343270000
1256.0 0.276870000
1257.0 0.222880000
1258.0 0.182130000
1259.0 0.141960000
1260.0 0.105110000
1261.0 0.075920000
1262.0 0.059400000
1263.0 0.048380000
1264.0 0.041270000
1265.0 0.034780000
1266.0 0.028270000
1267.0 0.021280000
1268.0 0.016920000
1269.0 0.013840000
1270.0 0.012060000
1271.0 0.010470000
