721 TERMOD:Band11
 380.0 0.000018167
 381.0 0.000017532
 382.0 0.000016897
 383.0 0.000016263
 384.0 0.000015628
 385.0 0.000014993
 386.0 0.000014358
 387.0 0.000013723
 388.0 0.000013089
 389.0 0.000012454
 390.0 0.000011819
 391.0 0.000011794
 392.0 0.000011769
 393.0 0.000011743
 394.0 0.000011718
 395.0 0.000011693
 396.0 0.000011668
 397.0 0.000011643
 398.0 0.000011617
 399.0 0.000011592
 400.0 0.000011567
 401.0 0.000011244
 402.0 0.000010922
 403.0 0.000010599
 404.0 0.000010277
 405.0 0.000009954
 406.0 0.000009632
 407.0 0.000009309
 408.0 0.000008987
 409.0 0.000008664
 410.0 0.000008341
 411.0 0.000008807
 412.0 0.000009272
 413.0 0.000009737
 414.0 0.000010203
 415.0 0.000010668
 416.0 0.000011134
 417.0 0.000011599
 418.0 0.000012064
 419.0 0.000012530
 420.0 0.000012995
 421.0 0.000012349
 422.0 0.000011704
 423.0 0.000011058
 424.0 0.000010413
 425.0 0.000009767
 426.0 0.000009121
 427.0 0.000008476
 428.0 0.000007830
 429.0 0.000007184
 430.0 0.000006539
 431.0 0.000010652
 432.0 0.000014765
 433.0 0.000018878
 434.0 0.000022991
 435.0 0.000027104
 436.0 0.000031218
 437.0 0.000035331
 438.0 0.000039444
 439.0 0.000043557
 440.0 0.000047670
 441.0 0.000051660
 442.0 0.000055650
 443.0 0.000059639
 444.0 0.000063629
 445.0 0.000067619
 446.0 0.000071609
 447.0 0.000075599
 448.0 0.000079588
 449.0 0.000083578
 450.0 0.000087568
 451.0 0.000092885
 452.0 0.000098202
 453.0 0.000103520
 454.0 0.000108840
 455.0 0.000114150
 456.0 0.000119470
 457.0 0.000124790
 458.0 0.000130110
 459.0 0.000135420
 460.0 0.000140740
 461.0 0.000146940
 462.0 0.000153150
 463.0 0.000159350
 464.0 0.000165560
 465.0 0.000171770
 466.0 0.000177970
 467.0 0.000184180
 468.0 0.000190380
 469.0 0.000196580
 470.0 0.000202790
 471.0 0.000218890
 472.0 0.000234990
 473.0 0.000251090
 474.0 0.000267190
 475.0 0.000283290
 476.0 0.000299400
 477.0 0.000315500
 478.0 0.000331600
 479.0 0.000347700
 480.0 0.000363800
 481.0 0.000375880
 482.0 0.000387960
 483.0 0.000400040
 484.0 0.000412120
 485.0 0.000424190
 486.0 0.000436270
 487.0 0.000448350
 488.0 0.000460430
 489.0 0.000472510
 490.0 0.000484590
 491.0 0.000504160
 492.0 0.000523730
 493.0 0.000543300
 494.0 0.000562870
 495.0 0.000582430
 496.0 0.000602000
 497.0 0.000621570
 498.0 0.000641140
 499.0 0.000660710
 500.0 0.000680280
 501.0 0.000732180
 502.0 0.000784080
 503.0 0.000835990
 504.0 0.000887890
 505.0 0.000939790
 506.0 0.000991690
 507.0 0.001043600
 508.0 0.001095500
 509.0 0.001147400
 510.0 0.001199300
 511.0 0.001041100
 512.0 0.000882870
 513.0 0.000724650
 514.0 0.000566430
 515.0 0.000408220
 516.0 0.000250000
 517.0 0.000798410
 518.0 0.001599000
 519.0 0.004500000
 520.0 0.014796000
 521.0 0.056382000
 522.0 0.157260000
 523.0 0.325640000
 524.0 0.543940000
 525.0 0.762500000
 526.0 0.932990000
 527.0 0.976230000
 528.0 0.971760000
 529.0 0.988580000
 530.0 0.999010000
 531.0 0.981760000
 532.0 0.939330000
 533.0 0.867540000
 534.0 0.770420000
 535.0 0.636430000
 536.0 0.458500000
 537.0 0.256280000
 538.0 0.104110000
 539.0 0.036269000
 540.0 0.014350000
 541.0 0.005963700
 542.0 0.002757400
 543.0 0.001458000
 544.0 0.000638640
 545.0 0.000352860
 546.0 0.000503250
 547.0 0.000671660
 548.0 0.000840080
 549.0 0.001008500
 550.0 0.001176900
 551.0 0.001141800
 552.0 0.001106600
 553.0 0.001071500
 554.0 0.001036400
 555.0 0.001001200
 556.0 0.000966100
 557.0 0.000930970
 558.0 0.000895840
 559.0 0.000860700
 560.0 0.000825570
 561.0 0.000822890
 562.0 0.000820200
 563.0 0.000817520
 564.0 0.000814830
 565.0 0.000812150
 566.0 0.000809470
 567.0 0.000806780
 568.0 0.000804100
 569.0 0.000801410
 570.0 0.000798730
 571.0 0.000827250
 572.0 0.000855760
 573.0 0.000884280
 574.0 0.000912800
 575.0 0.000941310
 576.0 0.000969830
 577.0 0.000998350
 578.0 0.001026900
 579.0 0.001055400
 580.0 0.001083900
 581.0 0.001009700
 582.0 0.000935510
 583.0 0.000861310
 584.0 0.000787120
 585.0 0.000712920
 586.0 0.000638720
 587.0 0.000564530
 588.0 0.000490330
 589.0 0.000416140
 590.0 0.000341940
 591.0 0.000315160
 592.0 0.000288390
 593.0 0.000261610
 594.0 0.000234830
 595.0 0.000208060
 596.0 0.000181280
 597.0 0.000154500
 598.0 0.000127730
 599.0 0.000100950
 600.0 0.000074172
 601.0 0.000071197
 602.0 0.000068222
 603.0 0.000065247
 604.0 0.000062272
 605.0 0.000059297
 606.0 0.000056323
 607.0 0.000053348
 608.0 0.000050373
 609.0 0.000047398
 610.0 0.000044423
 611.0 0.000040933
 612.0 0.000037442
 613.0 0.000033952
 614.0 0.000030462
 615.0 0.000026972
 616.0 0.000023481
 617.0 0.000019991
 618.0 0.000016501
 619.0 0.000013011
 620.0 0.000009520
 621.0 0.000009386
 622.0 0.000009251
 623.0 0.000009116
 624.0 0.000008982
 625.0 0.000008847
 626.0 0.000008712
 627.0 0.000008578
 628.0 0.000008443
 629.0 0.000008308
 630.0 0.000008174
 631.0 0.000008118
 632.0 0.000008062
 633.0 0.000008005
 634.0 0.000007949
 635.0 0.000007893
 636.0 0.000007837
 637.0 0.000007781
 638.0 0.000007725
 639.0 0.000007669
 640.0 0.000007613
 641.0 0.000007533
 642.0 0.000007453
 643.0 0.000007373
 644.0 0.000007293
 645.0 0.000007214
 646.0 0.000007134
 647.0 0.000007054
 648.0 0.000006974
 649.0 0.000006895
 650.0 0.000006815
 651.0 0.000007676
 652.0 0.000008538
 653.0 0.000009400
 654.0 0.000010261
 655.0 0.000011123
 656.0 0.000011985
 657.0 0.000012846
 658.0 0.000013708
 659.0 0.000014569
 660.0 0.000015431
 661.0 0.000015140
 662.0 0.000014849
 663.0 0.000014558
 664.0 0.000014267
 665.0 0.000013976
 666.0 0.000013686
 667.0 0.000013395
 668.0 0.000013104
 669.0 0.000012813
 670.0 0.000012522
 671.0 0.000012307
 672.0 0.000012093
 673.0 0.000011878
 674.0 0.000011664
 675.0 0.000011449
 676.0 0.000011234
 677.0 0.000011020
 678.0 0.000010805
 679.0 0.000010591
 680.0 0.000010376
 681.0 0.000009916
 682.0 0.000009457
 683.0 0.000008997
 684.0 0.000008538
 685.0 0.000008078
 686.0 0.000007618
 687.0 0.000007159
 688.0 0.000006699
 689.0 0.000006239
 690.0 0.000005780
 691.0 0.000005774
 692.0 0.000005769
 693.0 0.000005763
 694.0 0.000005758
 695.0 0.000005752
 696.0 0.000005747
 697.0 0.000005741
 698.0 0.000005736
 699.0 0.000005730
 700.0 0.000005725
 701.0 0.000005885
 702.0 0.000006044
 703.0 0.000006204
 704.0 0.000006364
 705.0 0.000006524
 706.0 0.000006683
 707.0 0.000006843
 708.0 0.000007003
 709.0 0.000007162
 710.0 0.000007322
 711.0 0.000007398
 712.0 0.000007473
 713.0 0.000007549
 714.0 0.000007624
 715.0 0.000007700
 716.0 0.000007776
 717.0 0.000007851
 718.0 0.000007927
 719.0 0.000008002
 720.0 0.000008078
 721.0 0.000007630
 722.0 0.000007182
 723.0 0.000006734
 724.0 0.000006286
 725.0 0.000005838
 726.0 0.000005390
 727.0 0.000004942
 728.0 0.000004494
 729.0 0.000004046
 730.0 0.000003598
 731.0 0.000004521
 732.0 0.000005444
 733.0 0.000006367
 734.0 0.000007290
 735.0 0.000008213
 736.0 0.000009135
 737.0 0.000010058
 738.0 0.000010981
 739.0 0.000011904
 740.0 0.000012827
 741.0 0.000012998
 742.0 0.000013169
 743.0 0.000013340
 744.0 0.000013511
 745.0 0.000013682
 746.0 0.000013853
 747.0 0.000014024
 748.0 0.000014195
 749.0 0.000014366
 750.0 0.000014537
 751.0 0.000014334
 752.0 0.000014130
 753.0 0.000013927
 754.0 0.000013723
 755.0 0.000013520
 756.0 0.000013317
 757.0 0.000013113
 758.0 0.000012910
 759.0 0.000012706
 760.0 0.000012503
 761.0 0.000013151
 762.0 0.000013798
 763.0 0.000014446
 764.0 0.000015094
 765.0 0.000015741
 766.0 0.000016389
 767.0 0.000017037
 768.0 0.000017685
 769.0 0.000018332
 770.0 0.000018980
 771.0 0.000018985
 772.0 0.000018989
 773.0 0.000018994
 774.0 0.000018998
 775.0 0.000019003
 776.0 0.000019008
 777.0 0.000019012
 778.0 0.000019017
 779.0 0.000019021
 780.0 0.000019026
 781.0 0.000019115
 782.0 0.000019204
 783.0 0.000019293
 784.0 0.000019382
 785.0 0.000019470
 786.0 0.000019559
 787.0 0.000019648
 788.0 0.000019737
 789.0 0.000019826
 790.0 0.000019915
 791.0 0.000019461
 792.0 0.000019006
 793.0 0.000018552
 794.0 0.000018098
 795.0 0.000017643
 796.0 0.000017189
 797.0 0.000016735
 798.0 0.000016281
 799.0 0.000015826
 800.0 0.000015372
 801.0 0.000016536
 802.0 0.000017700
 803.0 0.000018864
 804.0 0.000020028
 805.0 0.000021191
 806.0 0.000022355
 807.0 0.000023519
 808.0 0.000024683
 809.0 0.000025847
 810.0 0.000027011
 811.0 0.000027237
 812.0 0.000027463
 813.0 0.000027689
 814.0 0.000027915
 815.0 0.000028141
 816.0 0.000028366
 817.0 0.000028592
 818.0 0.000028818
 819.0 0.000029044
 820.0 0.000029270
 821.0 0.000029269
 822.0 0.000029268
 823.0 0.000029267
 824.0 0.000029266
 825.0 0.000029264
 826.0 0.000029263
 827.0 0.000029262
 828.0 0.000029261
 829.0 0.000029260
 830.0 0.000029259
 831.0 0.000029237
 832.0 0.000029216
 833.0 0.000029194
 834.0 0.000029173
 835.0 0.000029151
 836.0 0.000029129
 837.0 0.000029108
 838.0 0.000029086
 839.0 0.000029065
 840.0 0.000029043
 841.0 0.000029874
 842.0 0.000030706
 843.0 0.000031537
 844.0 0.000032368
 845.0 0.000033199
 846.0 0.000034031
 847.0 0.000034862
 848.0 0.000035693
 849.0 0.000036525
 850.0 0.000037356
 851.0 0.000036176
 852.0 0.000034997
 853.0 0.000033817
 854.0 0.000032638
 855.0 0.000031458
 856.0 0.000030278
 857.0 0.000029099
 858.0 0.000027919
 859.0 0.000026740
 860.0 0.000025560
 861.0 0.000026179
 862.0 0.000026799
 863.0 0.000027418
 864.0 0.000028038
 865.0 0.000028657
 866.0 0.000029276
 867.0 0.000029896
 868.0 0.000030515
 869.0 0.000031135
 870.0 0.000031754
 871.0 0.000030439
 872.0 0.000029124
 873.0 0.000027809
 874.0 0.000026494
 875.0 0.000025178
 876.0 0.000023863
 877.0 0.000022548
 878.0 0.000021233
 879.0 0.000019918
 880.0 0.000018603
 881.0 0.000018603
 882.0 0.000018604
 883.0 0.000018604
 884.0 0.000018605
 885.0 0.000018606
 886.0 0.000018606
 887.0 0.000018606
 888.0 0.000018607
 889.0 0.000018607
 890.0 0.000018608
 891.0 0.000018594
 892.0 0.000018579
 893.0 0.000018565
 894.0 0.000018551
 895.0 0.000018536
 896.0 0.000018522
 897.0 0.000018508
 898.0 0.000018494
 899.0 0.000018479
 900.0 0.000018465
 901.0 0.000018645
 902.0 0.000018826
 903.0 0.000019006
 904.0 0.000019187
 905.0 0.000019367
 906.0 0.000019547
 907.0 0.000019728
 908.0 0.000019908
 909.0 0.000020089
 910.0 0.000020269
 911.0 0.000020381
 912.0 0.000020493
 913.0 0.000020605
 914.0 0.000020717
 915.0 0.000020830
 916.0 0.000020942
 917.0 0.000021054
 918.0 0.000021166
 919.0 0.000021278
 920.0 0.000021390
 921.0 0.000020347
 922.0 0.000019303
 923.0 0.000018260
 924.0 0.000017216
 925.0 0.000016173
 926.0 0.000015130
 927.0 0.000014086
 928.0 0.000013043
 929.0 0.000011999
 930.0 0.000010956
 931.0 0.000011919
 932.0 0.000012883
 933.0 0.000013846
 934.0 0.000014809
 935.0 0.000015772
 936.0 0.000016736
 937.0 0.000017699
 938.0 0.000018662
 939.0 0.000019626
 940.0 0.000020589
 941.0 0.000020046
 942.0 0.000019504
 943.0 0.000018961
 944.0 0.000018419
 945.0 0.000017876
 946.0 0.000017333
 947.0 0.000016791
 948.0 0.000016248
 949.0 0.000015706
 950.0 0.000015163
 951.0 0.000014719
 952.0 0.000014274
 953.0 0.000013829
 954.0 0.000013385
 955.0 0.000012940
 956.0 0.000012496
 957.0 0.000012051
 958.0 0.000011607
 959.0 0.000011163
 960.0 0.000010718
 961.0 0.000010978
 962.0 0.000011238
 963.0 0.000011498
 964.0 0.000011758
 965.0 0.000012018
 966.0 0.000012277
 967.0 0.000012537
 968.0 0.000012797
 969.0 0.000013057
 970.0 0.000013317
 971.0 0.000012942
 972.0 0.000012566
 973.0 0.000012191
 974.0 0.000011816
 975.0 0.000011440
 976.0 0.000011065
 977.0 0.000010690
 978.0 0.000010314
 979.0 0.000009939
 980.0 0.000009564
 981.0 0.000009759
 982.0 0.000009955
 983.0 0.000010151
 984.0 0.000010346
 985.0 0.000010542
 986.0 0.000010738
 987.0 0.000010934
 988.0 0.000011129
 989.0 0.000011325
 990.0 0.000011521
 991.0 0.000011099
 992.0 0.000010678
 993.0 0.000010256
 994.0 0.000009835
 995.0 0.000009413
 996.0 0.000008991
 997.0 0.000008570
 998.0 0.000008148
 999.0 0.000007726
1000.0 0.000007305
1001.0 0.000007293
1002.0 0.000007282
1003.0 0.000007271
1004.0 0.000007259
1005.0 0.000007248
1006.0 0.000007237
1007.0 0.000007225
1008.0 0.000007214
1009.0 0.000007203
1010.0 0.000007191
1011.0 0.000007291
1012.0 0.000007390
1013.0 0.000007489
1014.0 0.000007588
1015.0 0.000007687
1016.0 0.000007786
1017.0 0.000007885
1018.0 0.000007984
1019.0 0.000008083
1020.0 0.000008182
1021.0 0.000008400
1022.0 0.000008618
1023.0 0.000008835
1024.0 0.000009053
1025.0 0.000009271
1026.0 0.000009488
1027.0 0.000009706
1028.0 0.000009924
1029.0 0.000010141
1030.0 0.000010359
1031.0 0.000010286
1032.0 0.000010212
1033.0 0.000010139
1034.0 0.000010066
1035.0 0.000009992
1036.0 0.000009919
1037.0 0.000009846
1038.0 0.000009772
1039.0 0.000009699
1040.0 0.000009626
1041.0 0.000009514
1042.0 0.000009402
1043.0 0.000009290
1044.0 0.000009179
1045.0 0.000009067
1046.0 0.000008955
1047.0 0.000008843
1048.0 0.000008731
1049.0 0.000008619
1050.0 0.000008508
1051.0 0.000008552
1052.0 0.000008596
1053.0 0.000008641
1054.0 0.000008685
1055.0 0.000008730
1056.0 0.000008774
1057.0 0.000008818
1058.0 0.000008863
1059.0 0.000008907
1060.0 0.000008952
1061.0 0.000008806
1062.0 0.000008660
1063.0 0.000008515
1064.0 0.000008369
1065.0 0.000008223
1066.0 0.000008078
1067.0 0.000007932
1068.0 0.000007786
1069.0 0.000007641
1070.0 0.000007495
1071.0 0.000008730
1072.0 0.000009964
1073.0 0.000011199
1074.0 0.000012434
1075.0 0.000013669
1076.0 0.000014903
1077.0 0.000016138
1078.0 0.000017373
1079.0 0.000018607
1080.0 0.000019842
1081.0 0.000018875
1082.0 0.000017908
1083.0 0.000016941
1084.0 0.000015974
1085.0 0.000015007
1086.0 0.000014039
1087.0 0.000013072
1088.0 0.000012105
1089.0 0.000011138
1090.0 0.000010171
1091.0 0.000012971
1092.0 0.000015772
1093.0 0.000018572
1094.0 0.000021373
1095.0 0.000024173
1096.0 0.000026973
1097.0 0.000029774
1098.0 0.000032574
1099.0 0.000035375
1100.0 0.000038175
