141    spot5-Band2
600.0000  0.00153 
601.0000  0.00301 
602.0000  0.00501 
603.0000  0.00804 
604.0000  0.01263 
605.0000  0.01930 
606.0000  0.02859 
607.0000  0.04107 
608.0000  0.05736 
609.0000  0.07806 
610.0000  0.10378 
611.0000  0.13487 
612.0000  0.17070 
613.0000  0.21039 
614.0000  0.25305 
615.0000  0.29781 
616.0000  0.34382 
617.0000  0.39036 
618.0000  0.43675 
619.0000  0.48230 
620.0000  0.52635 
621.0000  0.56831 
622.0000  0.60808 
623.0000  0.64569 
624.0000  0.68114 
625.0000  0.71444 
626.0000  0.74560 
627.0000  0.77455 
628.0000  0.80122 
629.0000  0.82554 
630.0000  0.84742 
631.0000  0.86687 
632.0000  0.88415 
633.0000  0.89961 
634.0000  0.91358 
635.0000  0.92640 
636.0000  0.93835 
637.0000  0.94936 
638.0000  0.95930 
639.0000  0.96805 
640.0000  0.97548 
641.0000  0.98150 
642.0000  0.98629 
643.0000  0.99007 
644.0000  0.99305 
645.0000  0.99546 
646.0000  0.99746 
647.0000  0.99901 
648.0000  1.00002 
649.0000  1.00038 
650.0000  1.00000 
651.0000  0.99882 
652.0000  0.99689 
653.0000  0.99430 
654.0000  0.99114 
655.0000  0.98750 
656.0000  0.98344 
657.0000  0.97895 
658.0000  0.97398 
659.0000  0.96850 
660.0000  0.96246 
661.0000  0.95584 
662.0000  0.94864 
663.0000  0.94091 
664.0000  0.93265 
665.0000  0.92390 
666.0000  0.91470 
667.0000  0.90510 
668.0000  0.89516 
669.0000  0.88497 
670.0000  0.87458 
671.0000  0.86401 
672.0000  0.85303 
673.0000  0.84134 
674.0000  0.82867 
675.0000  0.81472 
676.0000  0.79926 
677.0000  0.78227 
678.0000  0.76380 
679.0000  0.74388 
680.0000  0.72255 
681.0000  0.69985 
682.0000  0.67574 
683.0000  0.65022 
684.0000  0.62324 
685.0000  0.59479 
686.0000  0.56491 
687.0000  0.53396 
688.0000  0.50238 
689.0000  0.47061 
690.0000  0.43908 
691.0000  0.40817 
692.0000  0.37804 
693.0000  0.34879 
694.0000  0.32052 
695.0000  0.29334 
696.0000  0.26735 
697.0000  0.24270 
698.0000  0.21954 
699.0000  0.19800 
700.0000  0.17825 
701.0000  0.16036 
702.0000  0.14423 
703.0000  0.12968 
704.0000  0.11651 
705.0000  0.10456 
706.0000  0.09366 
707.0000  0.08376 
708.0000  0.07483 
709.0000  0.06683 
710.0000  0.05972 
711.0000  0.05345 
712.0000  0.04793 
713.0000  0.04305 
714.0000  0.03869 
715.0000  0.03476 
716.0000  0.03115 
717.0000  0.02785 
718.0000  0.02484 
719.0000  0.02214 
720.0000  0.01973 
721.0000  0.01760 
722.0000  0.01573 
723.0000  0.01409 
724.0000  0.01264 
725.0000  0.01137 
726.0000  0.01024 
727.0000  0.00922 
728.0000  0.00830 
729.0000  0.00746 
730.0000  0.00667 
731.0000  0.00592 
732.0000  0.00522 
733.0000  0.00458 
734.0000  0.00401 
735.0000  0.00353 
736.0000  0.00313 
737.0000  0.00282 
738.0000  0.00256 
739.0000  0.00234 
740.0000  0.00214 
