281    spot5-Band4
1520.0000  0.01762 
1521.0000  0.01883 
1522.0000  0.02002 
1523.0000  0.02120 
1524.0000  0.02234 
1525.0000  0.02344 
1526.0000  0.02449 
1527.0000  0.02555 
1528.0000  0.02667 
1529.0000  0.02792 
1530.0000  0.02935 
1531.0000  0.03100 
1532.0000  0.03279 
1533.0000  0.03462 
1534.0000  0.03638 
1535.0000  0.03798 
1536.0000  0.03936 
1537.0000  0.04068 
1538.0000  0.04217 
1539.0000  0.04404 
1540.0000  0.04651 
1541.0000  0.04971 
1542.0000  0.05343 
1543.0000  0.05737 
1544.0000  0.06126 
1545.0000  0.06479 
1546.0000  0.06780 
1547.0000  0.07065 
1548.0000  0.07382 
1549.0000  0.07782 
1550.0000  0.08312 
1551.0000  0.09004 
1552.0000  0.09820 
1553.0000  0.10705 
1554.0000  0.11604 
1555.0000  0.12461 
1556.0000  0.13241 
1557.0000  0.13991 
1558.0000  0.14778 
1559.0000  0.15668 
1560.0000  0.16728 
1561.0000  0.18003 
1562.0000  0.19450 
1563.0000  0.21001 
1564.0000  0.22592 
1565.0000  0.24156 
1566.0000  0.25646 
1567.0000  0.27086 
1568.0000  0.28518 
1569.0000  0.29984 
1570.0000  0.31526 
1571.0000  0.33174 
1572.0000  0.34909 
1573.0000  0.36698 
1574.0000  0.38510 
1575.0000  0.40312 
1576.0000  0.42081 
1577.0000  0.43818 
1578.0000  0.45532 
1579.0000  0.47234 
1580.0000  0.48930 
1581.0000  0.50631 
1582.0000  0.52336 
1583.0000  0.54047 
1584.0000  0.55763 
1585.0000  0.57485 
1586.0000  0.59214 
1587.0000  0.60956 
1588.0000  0.62717 
1589.0000  0.64505 
1590.0000  0.66326 
1591.0000  0.68185 
1592.0000  0.70081 
1593.0000  0.72012 
1594.0000  0.73974 
1595.0000  0.75965 
1596.0000  0.77977 
1597.0000  0.79979 
1598.0000  0.81934 
1599.0000  0.83806 
1600.0000  0.85560 
1601.0000  0.87174 
1602.0000  0.88688 
1603.0000  0.90158 
1604.0000  0.91641 
1605.0000  0.93192 
1606.0000  0.94836 
1607.0000  0.96471 
1608.0000  0.97965 
1609.0000  0.99185 
1610.0000  1.00000 
1611.0000  1.00325 
1612.0000  1.00268 
1613.0000  0.99989 
1614.0000  0.99645 
1615.0000  0.99394 
1616.0000  0.99345 
1617.0000  0.99417 
1618.0000  0.99479 
1619.0000  0.99402 
1620.0000  0.99056 
1621.0000  0.98347 
1622.0000  0.97330 
1623.0000  0.96094 
1624.0000  0.94731 
1625.0000  0.93330 
1626.0000  0.91974 
1627.0000  0.90713 
1628.0000  0.89591 
1629.0000  0.88649 
1630.0000  0.87930 
1631.0000  0.87454 
1632.0000  0.87153 
1633.0000  0.86934 
1634.0000  0.86708 
1635.0000  0.86383 
1636.0000  0.85901 
1637.0000  0.85336 
1638.0000  0.84796 
1639.0000  0.84390 
1640.0000  0.84224 
1641.0000  0.84374 
1642.0000  0.84789 
1643.0000  0.85385 
1644.0000  0.86077 
1645.0000  0.86781 
1646.0000  0.87429 
1647.0000  0.88006 
1648.0000  0.88515 
1649.0000  0.88956 
1650.0000  0.89332 
1651.0000  0.89635 
1652.0000  0.89828 
1653.0000  0.89862 
1654.0000  0.89692 
1655.0000  0.89271 
1656.0000  0.88570 
1657.0000  0.87631 
1658.0000  0.86514 
1659.0000  0.85279 
1660.0000  0.83985 
1661.0000  0.82680 
1662.0000  0.81361 
1663.0000  0.80012 
1664.0000  0.78617 
1665.0000  0.77161 
1666.0000  0.75633 
1667.0000  0.74042 
1668.0000  0.72404 
1669.0000  0.70731 
1670.0000  0.69039 
1671.0000  0.67340 
1672.0000  0.65647 
1673.0000  0.63968 
1674.0000  0.62314 
1675.0000  0.60695 
1676.0000  0.59115 
1677.0000  0.57562 
1678.0000  0.56016 
1679.0000  0.54458 
1680.0000  0.52870 
1681.0000  0.51238 
1682.0000  0.49575 
1683.0000  0.47897 
1684.0000  0.46223 
1685.0000  0.44569 
1686.0000  0.42948 
1687.0000  0.41355 
1688.0000  0.39779 
1689.0000  0.38208 
1690.0000  0.36631 
1691.0000  0.35044 
1692.0000  0.33462 
1693.0000  0.31910 
1694.0000  0.30410 
1695.0000  0.28984 
1696.0000  0.27647 
1697.0000  0.26378 
1698.0000  0.25147 
1699.0000  0.23926 
1700.0000  0.22684 
1701.0000  0.21406 
1702.0000  0.20120 
1703.0000  0.18867 
1704.0000  0.17689 
1705.0000  0.16628 
1706.0000  0.15710 
1707.0000  0.14902 
1708.0000  0.14156 
1709.0000  0.13425 
1710.0000  0.12659 
1711.0000  0.11828 
1712.0000  0.10962 
1713.0000  0.10109 
1714.0000  0.09316 
1715.0000  0.08630 
1716.0000  0.08083 
1717.0000  0.07649 
1718.0000  0.07283 
1719.0000  0.06943 
1720.0000  0.06587 
1721.0000  0.06182 
1722.0000  0.05747 
1723.0000  0.05311 
1724.0000  0.04902 
1725.0000  0.04550 
1726.0000  0.04275 
1727.0000  0.04063 
1728.0000  0.03891 
1729.0000  0.03736 
1730.0000  0.03576 
1731.0000  0.03393 
1732.0000  0.03195 
1733.0000  0.02996 
1734.0000  0.02810 
1735.0000  0.02650 
1736.0000  0.02525 
1737.0000  0.02430 
1738.0000  0.02354 
1739.0000  0.02285 
1740.0000  0.02214 
1741.0000  0.02132 
1742.0000  0.02042 
1743.0000  0.01948 
1744.0000  0.01857 
1745.0000  0.01773 
1746.0000  0.01700 
1747.0000  0.01636 
1748.0000  0.01578 
1749.0000  0.01522 
1750.0000  0.01465 
1751.0000  0.01404 
1752.0000  0.01341 
1753.0000  0.01277 
1754.0000  0.01215 
1755.0000  0.01156 
1756.0000  0.01102 
1757.0000  0.01051 
1758.0000  0.01002 
1759.0000  0.00954 
1760.0000  0.00906 
1761.0000  0.00855 
1762.0000  0.00804 
1763.0000  0.00754 
1764.0000  0.00708 
1765.0000  0.00666 
1766.0000  0.00630 
1767.0000  0.00600 
1768.0000  0.00572 
1769.0000  0.00545 
1770.0000  0.00516 
1771.0000  0.00485 
1772.0000  0.00453 
1773.0000  0.00421 
1774.0000  0.00392 
1775.0000  0.00367 
1776.0000  0.00348 
1777.0000  0.00335 
1778.0000  0.00324 
1779.0000  0.00315 
1780.0000  0.00305 
1781.0000  0.00294 
1782.0000  0.00281 
1783.0000  0.00268 
1784.0000  0.00255 
1785.0000  0.00242 
1786.0000  0.00231 
1787.0000  0.00221 
1788.0000  0.00212 
1789.0000  0.00202 
1790.0000  0.00192 
1791.0000  0.00181 
1792.0000  0.00169 
1793.0000  0.00159 
1794.0000  0.00150 
1795.0000  0.00143 
1796.0000  0.00139 
1797.0000  0.00138 
1798.0000  0.00138 
1799.0000  0.00140 
1800.0000  0.00143 
