271    spot5-PAN
450.0000  0.00746 
451.0000  0.00660 
452.0000  0.00578 
453.0000  0.00505 
454.0000  0.00447 
455.0000  0.00407 
456.0000  0.00389 
457.0000  0.00394 
458.0000  0.00421 
459.0000  0.00470 
460.0000  0.00539 
461.0000  0.00634 
462.0000  0.00775 
463.0000  0.00990 
464.0000  0.01304 
465.0000  0.01744 
466.0000  0.02341 
467.0000  0.03135 
468.0000  0.04172 
469.0000  0.05497 
470.0000  0.07155 
471.0000  0.09170 
472.0000  0.11477 
473.0000  0.13989 
474.0000  0.16622 
475.0000  0.19287 
476.0000  0.21919 
477.0000  0.24523 
478.0000  0.27126 
479.0000  0.29754 
480.0000  0.32431 
481.0000  0.35175 
482.0000  0.37965 
483.0000  0.40772 
484.0000  0.43566 
485.0000  0.46317 
486.0000  0.49003 
487.0000  0.51630 
488.0000  0.54213 
489.0000  0.56766 
490.0000  0.59301 
491.0000  0.61824 
492.0000  0.64299 
493.0000  0.66681 
494.0000  0.68926 
495.0000  0.70989 
496.0000  0.72832 
497.0000  0.74452 
498.0000  0.75853 
499.0000  0.77038 
500.0000  0.78010 
501.0000  0.78781 
502.0000  0.79384 
503.0000  0.79861 
504.0000  0.80252 
505.0000  0.80598 
506.0000  0.80936 
507.0000  0.81284 
508.0000  0.81653 
509.0000  0.82058 
510.0000  0.82511 
511.0000  0.83023 
512.0000  0.83594 
513.0000  0.84222 
514.0000  0.84904 
515.0000  0.85638 
516.0000  0.86422 
517.0000  0.87250 
518.0000  0.88117 
519.0000  0.89018 
520.0000  0.89947 
521.0000  0.90896 
522.0000  0.91835 
523.0000  0.92735 
524.0000  0.93561 
525.0000  0.94284 
526.0000  0.94881 
527.0000  0.95369 
528.0000  0.95775 
529.0000  0.96129 
530.0000  0.96457 
531.0000  0.96780 
532.0000  0.97099 
533.0000  0.97405 
534.0000  0.97694 
535.0000  0.97957 
536.0000  0.98189 
537.0000  0.98385 
538.0000  0.98542 
539.0000  0.98655 
540.0000  0.98720 
541.0000  0.98736 
542.0000  0.98712 
543.0000  0.98662 
544.0000  0.98596 
545.0000  0.98527 
546.0000  0.98463 
547.0000  0.98389 
548.0000  0.98289 
549.0000  0.98143 
550.0000  0.97935 
551.0000  0.97654 
552.0000  0.97326 
553.0000  0.96988 
554.0000  0.96673 
555.0000  0.96419 
556.0000  0.96247 
557.0000  0.96142 
558.0000  0.96074 
559.0000  0.96014 
560.0000  0.95934 
561.0000  0.95813 
562.0000  0.95667 
563.0000  0.95519 
564.0000  0.95393 
565.0000  0.95311 
566.0000  0.95292 
567.0000  0.95329 
568.0000  0.95407 
569.0000  0.95515 
570.0000  0.95638 
571.0000  0.95765 
572.0000  0.95894 
573.0000  0.96022 
574.0000  0.96147 
575.0000  0.96270 
576.0000  0.96386 
577.0000  0.96495 
578.0000  0.96592 
579.0000  0.96674 
580.0000  0.96738 
581.0000  0.96782 
582.0000  0.96805 
583.0000  0.96810 
584.0000  0.96797 
585.0000  0.96767 
586.0000  0.96723 
587.0000  0.96666 
588.0000  0.96599 
589.0000  0.96527 
590.0000  0.96451 
591.0000  0.96375 
592.0000  0.96307 
593.0000  0.96254 
594.0000  0.96225 
595.0000  0.96227 
596.0000  0.96266 
597.0000  0.96345 
598.0000  0.96465 
599.0000  0.96624 
600.0000  0.96825 
601.0000  0.97065 
602.0000  0.97333 
603.0000  0.97618 
604.0000  0.97905 
605.0000  0.98183 
606.0000  0.98440 
607.0000  0.98672 
608.0000  0.98877 
609.0000  0.99055 
610.0000  0.99203 
611.0000  0.99320 
612.0000  0.99415 
613.0000  0.99496 
614.0000  0.99572 
615.0000  0.99653 
616.0000  0.99743 
617.0000  0.99835 
618.0000  0.99916 
619.0000  0.99975 
620.0000  1.00000 
621.0000  0.99982 
622.0000  0.99925 
623.0000  0.99835 
624.0000  0.99719 
625.0000  0.99583 
626.0000  0.99432 
627.0000  0.99269 
628.0000  0.99094 
629.0000  0.98907 
630.0000  0.98710 
631.0000  0.98504 
632.0000  0.98288 
633.0000  0.98064 
634.0000  0.97832 
635.0000  0.97593 
636.0000  0.97346 
637.0000  0.97085 
638.0000  0.96803 
639.0000  0.96493 
640.0000  0.96146 
641.0000  0.95762 
642.0000  0.95360 
643.0000  0.94964 
644.0000  0.94601 
645.0000  0.94295 
646.0000  0.94060 
647.0000  0.93870 
648.0000  0.93686 
649.0000  0.93473 
650.0000  0.93192 
651.0000  0.92817 
652.0000  0.92375 
653.0000  0.91901 
654.0000  0.91432 
655.0000  0.91007 
656.0000  0.90650 
657.0000  0.90346 
658.0000  0.90068 
659.0000  0.89790 
660.0000  0.89483 
661.0000  0.89125 
662.0000  0.88698 
663.0000  0.88189 
664.0000  0.87584 
665.0000  0.86869 
666.0000  0.86026 
667.0000  0.85020 
668.0000  0.83813 
669.0000  0.82365 
670.0000  0.80639 
671.0000  0.78605 
672.0000  0.76276 
673.0000  0.73677 
674.0000  0.70831 
675.0000  0.67760 
676.0000  0.64492 
677.0000  0.61064 
678.0000  0.57517 
679.0000  0.53891 
680.0000  0.50226 
681.0000  0.46563 
682.0000  0.42942 
683.0000  0.39401 
684.0000  0.35980 
685.0000  0.32718 
686.0000  0.29650 
687.0000  0.26787 
688.0000  0.24135 
689.0000  0.21701 
690.0000  0.19490 
691.0000  0.17505 
692.0000  0.15728 
693.0000  0.14137 
694.0000  0.12710 
695.0000  0.11424 
696.0000  0.10261 
697.0000  0.09209 
698.0000  0.08262 
699.0000  0.07412 
700.0000  0.06651 
701.0000  0.05972 
702.0000  0.05368 
703.0000  0.04832 
704.0000  0.04357 
705.0000  0.03935 
706.0000  0.03559 
707.0000  0.03225 
708.0000  0.02928 
709.0000  0.02664 
710.0000  0.02427 
711.0000  0.02215 
712.0000  0.02024 
713.0000  0.01854 
714.0000  0.01703 
715.0000  0.01570 
716.0000  0.01454 
717.0000  0.01350 
718.0000  0.01257 
719.0000  0.01170 
720.0000  0.01087 
