161    spot5-Band1
480.0000  0.00455 
481.0000  0.00897 
482.0000  0.01399 
483.0000  0.02024 
484.0000  0.02833 
485.0000  0.03887 
486.0000  0.05238 
487.0000  0.06896 
488.0000  0.08864 
489.0000  0.11143 
490.0000  0.13734 
491.0000  0.16626 
492.0000  0.19761 
493.0000  0.23068 
494.0000  0.26476 
495.0000  0.29914 
496.0000  0.33320 
497.0000  0.36665 
498.0000  0.39930 
499.0000  0.43096 
500.0000  0.46141 
501.0000  0.49053 
502.0000  0.51837 
503.0000  0.54502 
504.0000  0.57061 
505.0000  0.59523 
506.0000  0.61896 
507.0000  0.64174 
508.0000  0.66348 
509.0000  0.68410 
510.0000  0.70351 
511.0000  0.72168 
512.0000  0.73883 
513.0000  0.75526 
514.0000  0.77125 
515.0000  0.78708 
516.0000  0.80297 
517.0000  0.81874 
518.0000  0.83415 
519.0000  0.84895 
520.0000  0.86290 
521.0000  0.87581 
522.0000  0.88780 
523.0000  0.89904 
524.0000  0.90973 
525.0000  0.92003 
526.0000  0.93009 
527.0000  0.93978 
528.0000  0.94895 
529.0000  0.95744 
530.0000  0.96506 
531.0000  0.97171 
532.0000  0.97745 
533.0000  0.98239 
534.0000  0.98664 
535.0000  0.99030 
536.0000  0.99345 
537.0000  0.99606 
538.0000  0.99807 
539.0000  0.99940 
540.0000  1.00000 
541.0000  0.99981 
542.0000  0.99888 
543.0000  0.99727 
544.0000  0.99504 
545.0000  0.99225 
546.0000  0.98893 
547.0000  0.98501 
548.0000  0.98037 
549.0000  0.97493 
550.0000  0.96856 
551.0000  0.96121 
552.0000  0.95306 
553.0000  0.94429 
554.0000  0.93512 
555.0000  0.92576 
556.0000  0.91637 
557.0000  0.90692 
558.0000  0.89732 
559.0000  0.88748 
560.0000  0.87733 
561.0000  0.86680 
562.0000  0.85583 
563.0000  0.84441 
564.0000  0.83251 
565.0000  0.82009 
566.0000  0.80716 
567.0000  0.79382 
568.0000  0.78023 
569.0000  0.76652 
570.0000  0.75283 
571.0000  0.73926 
572.0000  0.72577 
573.0000  0.71224 
574.0000  0.69858 
575.0000  0.68469 
576.0000  0.67050 
577.0000  0.65605 
578.0000  0.64138 
579.0000  0.62657 
580.0000  0.61167 
581.0000  0.59672 
582.0000  0.58166 
583.0000  0.56642 
584.0000  0.55093 
585.0000  0.53510 
586.0000  0.51886 
587.0000  0.50212 
588.0000  0.48480 
589.0000  0.46680 
590.0000  0.44803 
591.0000  0.42846 
592.0000  0.40829 
593.0000  0.38775 
594.0000  0.36711 
595.0000  0.34662 
596.0000  0.32646 
597.0000  0.30660 
598.0000  0.28694 
599.0000  0.26740 
600.0000  0.24788 
601.0000  0.22835 
602.0000  0.20907 
603.0000  0.19036 
604.0000  0.17254 
605.0000  0.15594 
606.0000  0.14079 
607.0000  0.12700 
608.0000  0.11441 
609.0000  0.10284 
610.0000  0.09213 
611.0000  0.08212 
612.0000  0.07284 
613.0000  0.06432 
614.0000  0.05660 
615.0000  0.04971 
616.0000  0.04369 
617.0000  0.03843 
618.0000  0.03385 
619.0000  0.02982 
620.0000  0.02625 
621.0000  0.02304 
622.0000  0.02017 
623.0000  0.01761 
624.0000  0.01536 
625.0000  0.01338 
626.0000  0.01167 
627.0000  0.01020 
628.0000  0.00894 
629.0000  0.00786 
630.0000  0.00692 
631.0000  0.00611 
632.0000  0.00542 
633.0000  0.00483 
634.0000  0.00433 
635.0000  0.00393 
636.0000  0.00360 
637.0000  0.00333 
638.0000  0.00312 
639.0000  0.00293 
640.0000  0.00277 
