201    spot5-Band3
750.0000  0.00093 
751.0000  0.00133 
752.0000  0.00176 
753.0000  0.00226 
754.0000  0.00287 
755.0000  0.00361 
756.0000  0.00453 
757.0000  0.00568 
758.0000  0.00710 
759.0000  0.00884 
760.0000  0.01096 
761.0000  0.01350 
762.0000  0.01656 
763.0000  0.02023 
764.0000  0.02462 
765.0000  0.02981 
766.0000  0.03590 
767.0000  0.04298 
768.0000  0.05113 
769.0000  0.06046 
770.0000  0.07104 
771.0000  0.08295 
772.0000  0.09614 
773.0000  0.11057 
774.0000  0.12619 
775.0000  0.14293 
776.0000  0.16076 
777.0000  0.17970 
778.0000  0.19979 
779.0000  0.22106 
780.0000  0.24355 
781.0000  0.26725 
782.0000  0.29196 
783.0000  0.31744 
784.0000  0.34345 
785.0000  0.36974 
786.0000  0.39611 
787.0000  0.42252 
788.0000  0.44898 
789.0000  0.47549 
790.0000  0.50207 
791.0000  0.52866 
792.0000  0.55503 
793.0000  0.58089 
794.0000  0.60597 
795.0000  0.62996 
796.0000  0.65268 
797.0000  0.67424 
798.0000  0.69484 
799.0000  0.71467 
800.0000  0.73394 
801.0000  0.75278 
802.0000  0.77107 
803.0000  0.78860 
804.0000  0.80518 
805.0000  0.82063 
806.0000  0.83481 
807.0000  0.84796 
808.0000  0.86036 
809.0000  0.87231 
810.0000  0.88412 
811.0000  0.89596 
812.0000  0.90764 
813.0000  0.91883 
814.0000  0.92922 
815.0000  0.93849 
816.0000  0.94640 
817.0000  0.95309 
818.0000  0.95875 
819.0000  0.96360 
820.0000  0.96784 
821.0000  0.97167 
822.0000  0.97520 
823.0000  0.97855 
824.0000  0.98181 
825.0000  0.98509 
826.0000  0.98844 
827.0000  0.99172 
828.0000  0.99474 
829.0000  0.99731 
830.0000  0.99923 
831.0000  1.00036 
832.0000  1.00084 
833.0000  1.00082 
834.0000  1.00048 
835.0000  1.00000 
836.0000  0.99949 
837.0000  0.99883 
838.0000  0.99784 
839.0000  0.99632 
840.0000  0.99411 
841.0000  0.99106 
842.0000  0.98725 
843.0000  0.98281 
844.0000  0.97785 
845.0000  0.97250 
846.0000  0.96689 
847.0000  0.96112 
848.0000  0.95531 
849.0000  0.94957 
850.0000  0.94400 
851.0000  0.93868 
852.0000  0.93351 
853.0000  0.92835 
854.0000  0.92306 
855.0000  0.91750 
856.0000  0.91159 
857.0000  0.90544 
858.0000  0.89920 
859.0000  0.89302 
860.0000  0.88707 
861.0000  0.88143 
862.0000  0.87584 
863.0000  0.86995 
864.0000  0.86344 
865.0000  0.85597 
866.0000  0.84729 
867.0000  0.83750 
868.0000  0.82679 
869.0000  0.81534 
870.0000  0.80335 
871.0000  0.79094 
872.0000  0.77795 
873.0000  0.76419 
874.0000  0.74944 
875.0000  0.73349 
876.0000  0.71614 
877.0000  0.69728 
878.0000  0.67678 
879.0000  0.65454 
880.0000  0.63045 
881.0000  0.60453 
882.0000  0.57731 
883.0000  0.54945 
884.0000  0.52161 
885.0000  0.49444 
886.0000  0.46845 
887.0000  0.44342 
888.0000  0.41896 
889.0000  0.39471 
890.0000  0.37026 
891.0000  0.34539 
892.0000  0.32037 
893.0000  0.29561 
894.0000  0.27154 
895.0000  0.24857 
896.0000  0.22706 
897.0000  0.20712 
898.0000  0.18879 
899.0000  0.17212 
900.0000  0.15715 
901.0000  0.14389 
902.0000  0.13213 
903.0000  0.12161 
904.0000  0.11209 
905.0000  0.10331 
906.0000  0.09505 
907.0000  0.08726 
908.0000  0.07991 
909.0000  0.07300 
910.0000  0.06648 
911.0000  0.06036 
912.0000  0.05466 
913.0000  0.04945 
914.0000  0.04475 
915.0000  0.04063 
916.0000  0.03709 
917.0000  0.03408 
918.0000  0.03148 
919.0000  0.02920 
920.0000  0.02715 
921.0000  0.02524 
922.0000  0.02344 
923.0000  0.02175 
924.0000  0.02016 
925.0000  0.01866 
926.0000  0.01724 
927.0000  0.01591 
928.0000  0.01467 
929.0000  0.01351 
930.0000  0.01244 
931.0000  0.01147 
932.0000  0.01058 
933.0000  0.00977 
934.0000  0.00903 
935.0000  0.00835 
936.0000  0.00773 
937.0000  0.00716 
938.0000  0.00665 
939.0000  0.00618 
940.0000  0.00575 
941.0000  0.00537 
942.0000  0.00503 
943.0000  0.00472 
944.0000  0.00443 
945.0000  0.00417 
946.0000  0.00391 
947.0000  0.00367 
948.0000  0.00343 
949.0000  0.00320 
950.0000  0.00298 
