721 TERMOD:Band12
 380.0 0.000001470
 381.0 0.000001691
 382.0 0.000001912
 383.0 0.000002133
 384.0 0.000002354
 385.0 0.000002575
 386.0 0.000002796
 387.0 0.000003017
 388.0 0.000003238
 389.0 0.000003459
 390.0 0.000003680
 391.0 0.000005912
 392.0 0.000008144
 393.0 0.000010376
 394.0 0.000012608
 395.0 0.000014840
 396.0 0.000017072
 397.0 0.000019304
 398.0 0.000021536
 399.0 0.000023768
 400.0 0.000026000
 401.0 0.000024820
 402.0 0.000023640
 403.0 0.000022460
 404.0 0.000021280
 405.0 0.000020100
 406.0 0.000018920
 407.0 0.000017740
 408.0 0.000016560
 409.0 0.000015380
 410.0 0.000014200
 411.0 0.000014450
 412.0 0.000014700
 413.0 0.000014950
 414.0 0.000015200
 415.0 0.000015450
 416.0 0.000015700
 417.0 0.000015950
 418.0 0.000016200
 419.0 0.000016450
 420.0 0.000016700
 421.0 0.000017510
 422.0 0.000018320
 423.0 0.000019130
 424.0 0.000019940
 425.0 0.000020750
 426.0 0.000021560
 427.0 0.000022370
 428.0 0.000023180
 429.0 0.000023990
 430.0 0.000024800
 431.0 0.000023450
 432.0 0.000022100
 433.0 0.000020750
 434.0 0.000019400
 435.0 0.000018050
 436.0 0.000016700
 437.0 0.000015350
 438.0 0.000014000
 439.0 0.000012650
 440.0 0.000011300
 441.0 0.000011790
 442.0 0.000012280
 443.0 0.000012770
 444.0 0.000013260
 445.0 0.000013750
 446.0 0.000014240
 447.0 0.000014730
 448.0 0.000015220
 449.0 0.000015710
 450.0 0.000016200
 451.0 0.000018090
 452.0 0.000019980
 453.0 0.000021870
 454.0 0.000023760
 455.0 0.000025650
 456.0 0.000027540
 457.0 0.000029430
 458.0 0.000031320
 459.0 0.000033210
 460.0 0.000035100
 461.0 0.000042790
 462.0 0.000050480
 463.0 0.000058170
 464.0 0.000065860
 465.0 0.000073550
 466.0 0.000081240
 467.0 0.000088930
 468.0 0.000096620
 469.0 0.000104310
 470.0 0.000112000
 471.0 0.000109540
 472.0 0.000107080
 473.0 0.000104620
 474.0 0.000102160
 475.0 0.000099700
 476.0 0.000097240
 477.0 0.000094780
 478.0 0.000092320
 479.0 0.000089860
 480.0 0.000087400
 481.0 0.000097660
 482.0 0.000107920
 483.0 0.000118180
 484.0 0.000128440
 485.0 0.000138700
 486.0 0.000148960
 487.0 0.000159220
 488.0 0.000169480
 489.0 0.000179740
 490.0 0.000190000
 491.0 0.000200700
 492.0 0.000211400
 493.0 0.000222100
 494.0 0.000232800
 495.0 0.000243500
 496.0 0.000254200
 497.0 0.000264900
 498.0 0.000275600
 499.0 0.000286300
 500.0 0.000297000
 501.0 0.000312600
 502.0 0.000328200
 503.0 0.000343800
 504.0 0.000359400
 505.0 0.000375000
 506.0 0.000390600
 507.0 0.000406200
 508.0 0.000421800
 509.0 0.000437400
 510.0 0.000453000
 511.0 0.000485800
 512.0 0.000518600
 513.0 0.000551400
 514.0 0.000584200
 515.0 0.000617000
 516.0 0.000649800
 517.0 0.000682600
 518.0 0.000715400
 519.0 0.000748200
 520.0 0.000781000
 521.0 0.000842900
 522.0 0.000904800
 523.0 0.000966700
 524.0 0.001028600
 525.0 0.001090500
 526.0 0.001152400
 527.0 0.001214300
 528.0 0.001276200
 529.0 0.001338100
 530.0 0.001400000
 531.0 0.001840290
 532.0 0.002671380
 533.0 0.003877800
 534.0 0.005629050
 535.0 0.008171180
 536.0 0.011861400
 537.0 0.017218100
 538.0 0.024993900
 539.0 0.075714100
 540.0 0.162323000
 541.0 0.290771000
 542.0 0.466736000
 543.0 0.676231000
 544.0 0.872681000
 545.0 0.971313000
 546.0 0.996368000
 547.0 0.999756000
 548.0 0.983246000
 549.0 0.944763000
 550.0 0.873596000
 551.0 0.758606000
 552.0 0.602600000
 553.0 0.414749000
 554.0 0.219055000
 555.0 0.077148400
 556.0 0.022735600
 557.0 0.009890680
 558.0 0.008107390
 559.0 0.006645620
 560.0 0.005447420
 561.0 0.004465250
 562.0 0.003660160
 563.0 0.003000230
 564.0 0.002459290
 565.0 0.002015880
 566.0 0.001652420
 567.0 0.001354490
 568.0 0.001110270
 569.0 0.000910089
 570.0 0.000746000
 571.0 0.000681900
 572.0 0.000617800
 573.0 0.000553700
 574.0 0.000489600
 575.0 0.000425500
 576.0 0.000361400
 577.0 0.000297300
 578.0 0.000233200
 579.0 0.000169100
 580.0 0.000105000
 581.0 0.000117300
 582.0 0.000129600
 583.0 0.000141900
 584.0 0.000154200
 585.0 0.000166500
 586.0 0.000178800
 587.0 0.000191100
 588.0 0.000203400
 589.0 0.000215700
 590.0 0.000228000
 591.0 0.000206530
 592.0 0.000185060
 593.0 0.000163590
 594.0 0.000142120
 595.0 0.000120650
 596.0 0.000099180
 597.0 0.000077710
 598.0 0.000056240
 599.0 0.000034770
 600.0 0.000013300
 601.0 0.000013810
 602.0 0.000014320
 603.0 0.000014830
 604.0 0.000015340
 605.0 0.000015850
 606.0 0.000016360
 607.0 0.000016870
 608.0 0.000017380
 609.0 0.000017890
 610.0 0.000018400
 611.0 0.000018700
 612.0 0.000019000
 613.0 0.000019300
 614.0 0.000019600
 615.0 0.000019900
 616.0 0.000020200
 617.0 0.000020500
 618.0 0.000020800
 619.0 0.000021100
 620.0 0.000021400
 621.0 0.000020021
 622.0 0.000018642
 623.0 0.000017263
 624.0 0.000015884
 625.0 0.000014505
 626.0 0.000013126
 627.0 0.000011747
 628.0 0.000010368
 629.0 0.000008989
 630.0 0.000007610
 631.0 0.000007119
 632.0 0.000006628
 633.0 0.000006137
 634.0 0.000005646
 635.0 0.000005155
 636.0 0.000004664
 637.0 0.000004173
 638.0 0.000003682
 639.0 0.000003191
 640.0 0.000002700
 641.0 0.000002688
 642.0 0.000002676
 643.0 0.000002664
 644.0 0.000002652
 645.0 0.000002640
 646.0 0.000002628
 647.0 0.000002616
 648.0 0.000002604
 649.0 0.000002592
 650.0 0.000002580
 651.0 0.000002568
 652.0 0.000002556
 653.0 0.000002544
 654.0 0.000002532
 655.0 0.000002520
 656.0 0.000002508
 657.0 0.000002496
 658.0 0.000002484
 659.0 0.000002472
 660.0 0.000002460
 661.0 0.000002779
 662.0 0.000003098
 663.0 0.000003417
 664.0 0.000003736
 665.0 0.000004055
 666.0 0.000004374
 667.0 0.000004693
 668.0 0.000005012
 669.0 0.000005331
 670.0 0.000005650
 671.0 0.000005232
 672.0 0.000004814
 673.0 0.000004396
 674.0 0.000003978
 675.0 0.000003560
 676.0 0.000003142
 677.0 0.000002724
 678.0 0.000002306
 679.0 0.000001888
 680.0 0.000001470
 681.0 0.000001618
 682.0 0.000001766
 683.0 0.000001914
 684.0 0.000002062
 685.0 0.000002210
 686.0 0.000002358
 687.0 0.000002506
 688.0 0.000002654
 689.0 0.000002802
 690.0 0.000002950
 691.0 0.000002851
 692.0 0.000002752
 693.0 0.000002653
 694.0 0.000002554
 695.0 0.000002455
 696.0 0.000002356
 697.0 0.000002257
 698.0 0.000002158
 699.0 0.000002059
 700.0 0.000001960
 701.0 0.000002034
 702.0 0.000002108
 703.0 0.000002182
 704.0 0.000002256
 705.0 0.000002330
 706.0 0.000002404
 707.0 0.000002478
 708.0 0.000002552
 709.0 0.000002626
 710.0 0.000002700
 711.0 0.000002553
 712.0 0.000002406
 713.0 0.000002259
 714.0 0.000002112
 715.0 0.000001965
 716.0 0.000001818
 717.0 0.000001671
 718.0 0.000001524
 719.0 0.000001377
 720.0 0.000001230
 721.0 0.000001230
 722.0 0.000001230
 723.0 0.000001230
 724.0 0.000001230
 725.0 0.000001230
 726.0 0.000001230
 727.0 0.000001230
 728.0 0.000001230
 729.0 0.000001230
 730.0 0.000001230
 731.0 0.000001475
 732.0 0.000001720
 733.0 0.000001965
 734.0 0.000002210
 735.0 0.000002455
 736.0 0.000002700
 737.0 0.000002945
 738.0 0.000003190
 739.0 0.000003435
 740.0 0.000003680
 741.0 0.000003582
 742.0 0.000003484
 743.0 0.000003386
 744.0 0.000003288
 745.0 0.000003190
 746.0 0.000003092
 747.0 0.000002994
 748.0 0.000002896
 749.0 0.000002798
 750.0 0.000002700
 751.0 0.000002577
 752.0 0.000002454
 753.0 0.000002331
 754.0 0.000002208
 755.0 0.000002085
 756.0 0.000001962
 757.0 0.000001839
 758.0 0.000001716
 759.0 0.000001593
 760.0 0.000001470
 761.0 0.000001519
 762.0 0.000001568
 763.0 0.000001617
 764.0 0.000001666
 765.0 0.000001715
 766.0 0.000001764
 767.0 0.000001813
 768.0 0.000001862
 769.0 0.000001911
 770.0 0.000001960
 771.0 0.000001887
 772.0 0.000001814
 773.0 0.000001741
 774.0 0.000001668
 775.0 0.000001595
 776.0 0.000001522
 777.0 0.000001449
 778.0 0.000001376
 779.0 0.000001303
 780.0 0.000001230
 781.0 0.000001549
 782.0 0.000001868
 783.0 0.000002187
 784.0 0.000002506
 785.0 0.000002825
 786.0 0.000003144
 787.0 0.000003463
 788.0 0.000003782
 789.0 0.000004101
 790.0 0.000004420
 791.0 0.000004248
 792.0 0.000004076
 793.0 0.000003904
 794.0 0.000003732
 795.0 0.000003560
 796.0 0.000003388
 797.0 0.000003216
 798.0 0.000003044
 799.0 0.000002872
 800.0 0.000002700
 801.0 0.000002823
 802.0 0.000002946
 803.0 0.000003069
 804.0 0.000003192
 805.0 0.000003315
 806.0 0.000003438
 807.0 0.000003561
 808.0 0.000003684
 809.0 0.000003807
 810.0 0.000003930
 811.0 0.000003783
 812.0 0.000003636
 813.0 0.000003489
 814.0 0.000003342
 815.0 0.000003195
 816.0 0.000003048
 817.0 0.000002901
 818.0 0.000002754
 819.0 0.000002607
 820.0 0.000002460
 821.0 0.000002337
 822.0 0.000002214
 823.0 0.000002091
 824.0 0.000001968
 825.0 0.000001845
 826.0 0.000001722
 827.0 0.000001599
 828.0 0.000001476
 829.0 0.000001353
 830.0 0.000001230
 831.0 0.000001279
 832.0 0.000001328
 833.0 0.000001377
 834.0 0.000001426
 835.0 0.000001475
 836.0 0.000001524
 837.0 0.000001573
 838.0 0.000001622
 839.0 0.000001671
 840.0 0.000001720
 841.0 0.000001769
 842.0 0.000001818
 843.0 0.000001867
 844.0 0.000001916
 845.0 0.000001965
 846.0 0.000002014
 847.0 0.000002063
 848.0 0.000002112
 849.0 0.000002161
 850.0 0.000002210
 851.0 0.000002177
 852.0 0.000002145
 853.0 0.000002112
 854.0 0.000002079
 855.0 0.000002047
 856.0 0.000002014
 857.0 0.000001981
 858.0 0.000001949
 859.0 0.000001916
 860.0 0.000001883
 861.0 0.000001851
 862.0 0.000001818
 863.0 0.000001785
 864.0 0.000001753
 865.0 0.000001720
 866.0 0.000001687
 867.0 0.000001655
 868.0 0.000001622
 869.0 0.000001589
 870.0 0.000001557
 871.0 0.000001524
 872.0 0.000001491
 873.0 0.000001459
 874.0 0.000001426
 875.0 0.000001393
 876.0 0.000001361
 877.0 0.000001328
 878.0 0.000001295
 879.0 0.000001263
 880.0 0.000001230
 881.0 0.000001267
 882.0 0.000001303
 883.0 0.000001340
 884.0 0.000001376
 885.0 0.000001413
 886.0 0.000001449
 887.0 0.000001486
 888.0 0.000001522
 889.0 0.000001558
 890.0 0.000001595
 891.0 0.000001631
 892.0 0.000001668
 893.0 0.000001704
 894.0 0.000001741
 895.0 0.000001777
 896.0 0.000001814
 897.0 0.000001850
 898.0 0.000001887
 899.0 0.000001923
 900.0 0.000001960
 901.0 0.000001960
 902.0 0.000001960
 903.0 0.000001960
 904.0 0.000001960
 905.0 0.000001960
 906.0 0.000001960
 907.0 0.000001960
 908.0 0.000001960
 909.0 0.000001960
 910.0 0.000001960
 911.0 0.000001960
 912.0 0.000001960
 913.0 0.000001960
 914.0 0.000001960
 915.0 0.000001960
 916.0 0.000001960
 917.0 0.000001960
 918.0 0.000001960
 919.0 0.000001960
 920.0 0.000001960
 921.0 0.000001960
 922.0 0.000001960
 923.0 0.000001960
 924.0 0.000001960
 925.0 0.000001960
 926.0 0.000001960
 927.0 0.000001960
 928.0 0.000001960
 929.0 0.000001960
 930.0 0.000001960
 931.0 0.000001960
 932.0 0.000001960
 933.0 0.000001960
 934.0 0.000001960
 935.0 0.000001960
 936.0 0.000001960
 937.0 0.000001960
 938.0 0.000001960
 939.0 0.000001960
 940.0 0.000001960
 941.0 0.000002034
 942.0 0.000002108
 943.0 0.000002182
 944.0 0.000002256
 945.0 0.000002330
 946.0 0.000002404
 947.0 0.000002478
 948.0 0.000002552
 949.0 0.000002626
 950.0 0.000002700
 951.0 0.000002626
 952.0 0.000002552
 953.0 0.000002478
 954.0 0.000002404
 955.0 0.000002330
 956.0 0.000002256
 957.0 0.000002182
 958.0 0.000002108
 959.0 0.000002034
 960.0 0.000001960
 961.0 0.000001911
 962.0 0.000001862
 963.0 0.000001813
 964.0 0.000001764
 965.0 0.000001715
 966.0 0.000001666
 967.0 0.000001617
 968.0 0.000001568
 969.0 0.000001519
 970.0 0.000001470
 971.0 0.000001446
 972.0 0.000001422
 973.0 0.000001398
 974.0 0.000001374
 975.0 0.000001350
 976.0 0.000001326
 977.0 0.000001302
 978.0 0.000001278
 979.0 0.000001254
 980.0 0.000001230
 981.0 0.000001377
 982.0 0.000001524
 983.0 0.000001671
 984.0 0.000001818
 985.0 0.000001965
 986.0 0.000002112
 987.0 0.000002259
 988.0 0.000002406
 989.0 0.000002553
 990.0 0.000002700
 991.0 0.000002774
 992.0 0.000002848
 993.0 0.000002922
 994.0 0.000002996
 995.0 0.000003070
 996.0 0.000003144
 997.0 0.000003218
 998.0 0.000003292
 999.0 0.000003366
1000.0 0.000003440
1001.0 0.000003514
1002.0 0.000003588
1003.0 0.000003662
1004.0 0.000003736
1005.0 0.000003810
1006.0 0.000003884
1007.0 0.000003958
1008.0 0.000004032
1009.0 0.000004106
1010.0 0.000004180
1011.0 0.000004155
1012.0 0.000004130
1013.0 0.000004105
1014.0 0.000004080
1015.0 0.000004055
1016.0 0.000004030
1017.0 0.000004005
1018.0 0.000003980
1019.0 0.000003955
1020.0 0.000003930
1021.0 0.000003819
1022.0 0.000003709
1023.0 0.000003598
1024.0 0.000003488
1025.0 0.000003377
1026.0 0.000003267
1027.0 0.000003157
1028.0 0.000003046
1029.0 0.000002936
1030.0 0.000002825
1031.0 0.000002715
1032.0 0.000002604
1033.0 0.000002493
1034.0 0.000002383
1035.0 0.000002272
1036.0 0.000002162
1037.0 0.000002052
1038.0 0.000001941
1039.0 0.000001831
1040.0 0.000001720
1041.0 0.000001892
1042.0 0.000002064
1043.0 0.000002236
1044.0 0.000002408
1045.0 0.000002580
1046.0 0.000002752
1047.0 0.000002924
1048.0 0.000003096
1049.0 0.000003268
1050.0 0.000003440
1051.0 0.000003612
1052.0 0.000003784
1053.0 0.000003956
1054.0 0.000004128
1055.0 0.000004300
1056.0 0.000004472
1057.0 0.000004644
1058.0 0.000004816
1059.0 0.000004988
1060.0 0.000005160
1061.0 0.000004840
1062.0 0.000004520
1063.0 0.000004200
1064.0 0.000003880
1065.0 0.000003560
1066.0 0.000003240
1067.0 0.000002920
1068.0 0.000002600
1069.0 0.000002280
1070.0 0.000001960
1071.0 0.000001911
1072.0 0.000001862
1073.0 0.000001813
1074.0 0.000001764
1075.0 0.000001715
1076.0 0.000001666
1077.0 0.000001617
1078.0 0.000001568
1079.0 0.000001519
1080.0 0.000001470
1081.0 0.000001765
1082.0 0.000002060
1083.0 0.000002355
1084.0 0.000002650
1085.0 0.000002945
1086.0 0.000003240
1087.0 0.000003535
1088.0 0.000003830
1089.0 0.000004125
1090.0 0.000004420
1091.0 0.000004346
1092.0 0.000004272
1093.0 0.000004198
1094.0 0.000004124
1095.0 0.000004050
1096.0 0.000003976
1097.0 0.000003902
1098.0 0.000003828
1099.0 0.000003754
1100.0 0.000003680
