80 TERMOD:Band2
820.0 0.010460000
821.0 0.015390000
822.0 0.020620000
823.0 0.025850000
824.0 0.035320000
825.0 0.045270000
826.0 0.060010000
827.0 0.075300000
828.0 0.090580000
829.0 0.111170000
830.0 0.132310000
831.0 0.160310000
832.0 0.188990000
833.0 0.217670000
834.0 0.256970000
835.0 0.297250000
836.0 0.358180000
837.0 0.420940000
838.0 0.483690000
839.0 0.564350000
840.0 0.646680000
841.0 0.718910000
842.0 0.790140000
843.0 0.861360000
844.0 0.915460000
845.0 0.967750000
846.0 0.981070000
847.0 0.990110000
848.0 0.999160000
849.0 0.992920000
850.0 0.985120000
851.0 0.979810000
852.0 0.974740000
853.0 0.969670000
854.0 0.968010000
855.0 0.966650000
856.0 0.967420000
857.0 0.968430000
858.0 0.969430000
859.0 0.967900000
860.0 0.966140000
861.0 0.971890000
862.0 0.978340000
863.0 0.984790000
864.0 0.983360000
865.0 0.981100000
866.0 0.973790000
867.0 0.965970000
868.0 0.958150000
869.0 0.935260000
870.0 0.910740000
871.0 0.865320000
872.0 0.818090000
873.0 0.770860000
874.0 0.702840000
875.0 0.633000000
876.0 0.541590000
877.0 0.448060000
878.0 0.354530000
879.0 0.276940000
880.0 0.201180000
881.0 0.161850000
882.0 0.125990000
883.0 0.090120000
884.0 0.073760000
885.0 0.059180000
886.0 0.051680000
887.0 0.044940000
888.0 0.038200000
889.0 0.034470000
890.0 0.031050000
891.0 0.028490000
892.0 0.025990000
893.0 0.023500000
894.0 0.021290000
895.0 0.019120000
896.0 0.016950000
897.0 0.014780000
898.0 0.012610000
899.0 0.010590000
