721 TERMOD:Band13
 380.0 0.000002960
 381.0 0.000002989
 382.0 0.000003018
 383.0 0.000003047
 384.0 0.000003076
 385.0 0.000003105
 386.0 0.000003134
 387.0 0.000003163
 388.0 0.000003192
 389.0 0.000003221
 390.0 0.000003250
 391.0 0.000003230
 392.0 0.000003211
 393.0 0.000003191
 394.0 0.000003171
 395.0 0.000003152
 396.0 0.000003132
 397.0 0.000003112
 398.0 0.000003093
 399.0 0.000003073
 400.0 0.000003053
 401.0 0.000003034
 402.0 0.000003014
 403.0 0.000002994
 404.0 0.000002975
 405.0 0.000002955
 406.0 0.000002935
 407.0 0.000002916
 408.0 0.000002896
 409.0 0.000002876
 410.0 0.000002857
 411.0 0.000002837
 412.0 0.000002817
 413.0 0.000002798
 414.0 0.000002778
 415.0 0.000002758
 416.0 0.000002739
 417.0 0.000002719
 418.0 0.000002699
 419.0 0.000002680
 420.0 0.000002660
 421.0 0.000002690
 422.0 0.000002719
 423.0 0.000002749
 424.0 0.000002778
 425.0 0.000002808
 426.0 0.000002838
 427.0 0.000002867
 428.0 0.000002897
 429.0 0.000002926
 430.0 0.000002956
 431.0 0.000002986
 432.0 0.000003015
 433.0 0.000003045
 434.0 0.000003074
 435.0 0.000003104
 436.0 0.000003134
 437.0 0.000003163
 438.0 0.000003193
 439.0 0.000003222
 440.0 0.000003252
 441.0 0.000003282
 442.0 0.000003311
 443.0 0.000003341
 444.0 0.000003370
 445.0 0.000003400
 446.0 0.000003430
 447.0 0.000003459
 448.0 0.000003489
 449.0 0.000003518
 450.0 0.000003548
 451.0 0.000003578
 452.0 0.000003607
 453.0 0.000003637
 454.0 0.000003666
 455.0 0.000003696
 456.0 0.000003726
 457.0 0.000003755
 458.0 0.000003785
 459.0 0.000003814
 460.0 0.000003844
 461.0 0.000003874
 462.0 0.000003903
 463.0 0.000003933
 464.0 0.000003962
 465.0 0.000003992
 466.0 0.000004022
 467.0 0.000004051
 468.0 0.000004081
 469.0 0.000004110
 470.0 0.000004140
 471.0 0.000004229
 472.0 0.000004318
 473.0 0.000004407
 474.0 0.000004496
 475.0 0.000004585
 476.0 0.000004674
 477.0 0.000004763
 478.0 0.000004852
 479.0 0.000004941
 480.0 0.000005030
 481.0 0.000004882
 482.0 0.000004734
 483.0 0.000004586
 484.0 0.000004438
 485.0 0.000004290
 486.0 0.000004142
 487.0 0.000003994
 488.0 0.000003846
 489.0 0.000003698
 490.0 0.000003550
 491.0 0.000003564
 492.0 0.000003579
 493.0 0.000003593
 494.0 0.000003608
 495.0 0.000003623
 496.0 0.000003637
 497.0 0.000003652
 498.0 0.000003666
 499.0 0.000003681
 500.0 0.000003695
 501.0 0.000003709
 502.0 0.000003724
 503.0 0.000003738
 504.0 0.000003753
 505.0 0.000003767
 506.0 0.000003782
 507.0 0.000003796
 508.0 0.000003811
 509.0 0.000003826
 510.0 0.000003840
 511.0 0.000003692
 512.0 0.000003544
 513.0 0.000003396
 514.0 0.000003248
 515.0 0.000003100
 516.0 0.000002952
 517.0 0.000002804
 518.0 0.000002656
 519.0 0.000002508
 520.0 0.000002360
 521.0 0.000002272
 522.0 0.000002184
 523.0 0.000002096
 524.0 0.000002008
 525.0 0.000001920
 526.0 0.000001832
 527.0 0.000001744
 528.0 0.000001656
 529.0 0.000001568
 530.0 0.000001480
 531.0 0.000001568
 532.0 0.000001656
 533.0 0.000001744
 534.0 0.000001832
 535.0 0.000001920
 536.0 0.000002008
 537.0 0.000002096
 538.0 0.000002184
 539.0 0.000002272
 540.0 0.000002360
 541.0 0.000002331
 542.0 0.000002302
 543.0 0.000002273
 544.0 0.000002244
 545.0 0.000002215
 546.0 0.000002186
 547.0 0.000002157
 548.0 0.000002128
 549.0 0.000002099
 550.0 0.000002070
 551.0 0.000002306
 552.0 0.000002542
 553.0 0.000002778
 554.0 0.000003014
 555.0 0.000003250
 556.0 0.000003486
 557.0 0.000003722
 558.0 0.000003958
 559.0 0.000004194
 560.0 0.000004430
 561.0 0.000004268
 562.0 0.000004105
 563.0 0.000003942
 564.0 0.000003780
 565.0 0.000003618
 566.0 0.000003455
 567.0 0.000003292
 568.0 0.000003130
 569.0 0.000002967
 570.0 0.000002805
 571.0 0.000002643
 572.0 0.000002480
 573.0 0.000002317
 574.0 0.000002155
 575.0 0.000001992
 576.0 0.000001830
 577.0 0.000001667
 578.0 0.000001505
 579.0 0.000001343
 580.0 0.000001180
 581.0 0.000002302
 582.0 0.000003424
 583.0 0.000004546
 584.0 0.000005668
 585.0 0.000006790
 586.0 0.000007912
 587.0 0.000009034
 588.0 0.000010156
 589.0 0.000011278
 590.0 0.000012400
 591.0 0.000012870
 592.0 0.000013340
 593.0 0.000013810
 594.0 0.000014280
 595.0 0.000014750
 596.0 0.000015220
 597.0 0.000015690
 598.0 0.000016160
 599.0 0.000016630
 600.0 0.000017100
 601.0 0.000028790
 602.0 0.000040480
 603.0 0.000052170
 604.0 0.000063860
 605.0 0.000075550
 606.0 0.000087240
 607.0 0.000098930
 608.0 0.000110620
 609.0 0.000122310
 610.0 0.000134000
 611.0 0.000142900
 612.0 0.000151800
 613.0 0.000160700
 614.0 0.000169600
 615.0 0.000178500
 616.0 0.000187400
 617.0 0.000196300
 618.0 0.000205200
 619.0 0.000214100
 620.0 0.000223000
 621.0 0.000233900
 622.0 0.000244800
 623.0 0.000255700
 624.0 0.000266600
 625.0 0.000277500
 626.0 0.000288400
 627.0 0.000299300
 628.0 0.000310200
 629.0 0.000321100
 630.0 0.000332000
 631.0 0.000341100
 632.0 0.000350200
 633.0 0.000359300
 634.0 0.000368400
 635.0 0.000377500
 636.0 0.000386600
 637.0 0.000395700
 638.0 0.000404800
 639.0 0.000413900
 640.0 0.000423000
 641.0 0.000467300
 642.0 0.000511600
 643.0 0.000555900
 644.0 0.000600200
 645.0 0.000644500
 646.0 0.000688800
 647.0 0.000733100
 648.0 0.000777400
 649.0 0.000821700
 650.0 0.000866000
 651.0 0.001286590
 652.0 0.002014380
 653.0 0.003153850
 654.0 0.004937890
 655.0 0.007731100
 656.0 0.012104400
 657.0 0.018951400
 658.0 0.064544700
 659.0 0.168335000
 660.0 0.326340000
 661.0 0.509811000
 662.0 0.710205000
 663.0 0.872803000
 664.0 0.967468000
 665.0 0.999878000
 666.0 0.990784000
 667.0 0.936737000
 668.0 0.851318000
 669.0 0.791260000
 670.0 0.686707000
 671.0 0.498840000
 672.0 0.339905000
 673.0 0.221893000
 674.0 0.093566900
 675.0 0.014404300
 676.0 0.007414730
 677.0 0.005062800
 678.0 0.003456890
 679.0 0.002360380
 680.0 0.001611670
 681.0 0.001100450
 682.0 0.000751392
 683.0 0.000513053
 684.0 0.000350314
 685.0 0.000239195
 686.0 0.000163323
 687.0 0.000111517
 688.0 0.000076144
 689.0 0.000051992
 690.0 0.000035500
 691.0 0.000034970
 692.0 0.000034440
 693.0 0.000033910
 694.0 0.000033380
 695.0 0.000032850
 696.0 0.000032320
 697.0 0.000031790
 698.0 0.000031260
 699.0 0.000030730
 700.0 0.000030200
 701.0 0.000030700
 702.0 0.000031200
 703.0 0.000031700
 704.0 0.000032200
 705.0 0.000032700
 706.0 0.000033200
 707.0 0.000033700
 708.0 0.000034200
 709.0 0.000034700
 710.0 0.000035200
 711.0 0.000037060
 712.0 0.000038920
 713.0 0.000040780
 714.0 0.000042640
 715.0 0.000044500
 716.0 0.000046360
 717.0 0.000048220
 718.0 0.000050080
 719.0 0.000051940
 720.0 0.000053800
 721.0 0.000055780
 722.0 0.000057760
 723.0 0.000059740
 724.0 0.000061720
 725.0 0.000063700
 726.0 0.000065680
 727.0 0.000067660
 728.0 0.000069640
 729.0 0.000071620
 730.0 0.000073600
 731.0 0.000074720
 732.0 0.000075840
 733.0 0.000076960
 734.0 0.000078080
 735.0 0.000079200
 736.0 0.000080320
 737.0 0.000081440
 738.0 0.000082560
 739.0 0.000083680
 740.0 0.000084800
 741.0 0.000085720
 742.0 0.000086640
 743.0 0.000087560
 744.0 0.000088480
 745.0 0.000089400
 746.0 0.000090320
 747.0 0.000091240
 748.0 0.000092160
 749.0 0.000093080
 750.0 0.000094000
 751.0 0.000094900
 752.0 0.000095800
 753.0 0.000096700
 754.0 0.000097600
 755.0 0.000098500
 756.0 0.000099400
 757.0 0.000100300
 758.0 0.000101200
 759.0 0.000102100
 760.0 0.000103000
 761.0 0.000110000
 762.0 0.000117000
 763.0 0.000124000
 764.0 0.000131000
 765.0 0.000138000
 766.0 0.000145000
 767.0 0.000152000
 768.0 0.000159000
 769.0 0.000166000
 770.0 0.000173000
 771.0 0.000186100
 772.0 0.000199200
 773.0 0.000212300
 774.0 0.000225400
 775.0 0.000238500
 776.0 0.000251600
 777.0 0.000264700
 778.0 0.000277800
 779.0 0.000290900
 780.0 0.000304000
 781.0 0.000293600
 782.0 0.000283200
 783.0 0.000272800
 784.0 0.000262400
 785.0 0.000252000
 786.0 0.000241600
 787.0 0.000231200
 788.0 0.000220800
 789.0 0.000210400
 790.0 0.000200000
 791.0 0.000211000
 792.0 0.000222000
 793.0 0.000233000
 794.0 0.000244000
 795.0 0.000255000
 796.0 0.000266000
 797.0 0.000277000
 798.0 0.000288000
 799.0 0.000299000
 800.0 0.000310000
 801.0 0.000296300
 802.0 0.000282600
 803.0 0.000268900
 804.0 0.000255200
 805.0 0.000241500
 806.0 0.000227800
 807.0 0.000214100
 808.0 0.000200400
 809.0 0.000186700
 810.0 0.000173000
 811.0 0.000172700
 812.0 0.000172400
 813.0 0.000172100
 814.0 0.000171800
 815.0 0.000171500
 816.0 0.000171200
 817.0 0.000170900
 818.0 0.000170600
 819.0 0.000170300
 820.0 0.000170000
 821.0 0.000180000
 822.0 0.000190000
 823.0 0.000200000
 824.0 0.000210000
 825.0 0.000220000
 826.0 0.000230000
 827.0 0.000240000
 828.0 0.000250000
 829.0 0.000260000
 830.0 0.000270000
 831.0 0.000298700
 832.0 0.000327400
 833.0 0.000356100
 834.0 0.000384800
 835.0 0.000413500
 836.0 0.000442200
 837.0 0.000470900
 838.0 0.000499600
 839.0 0.000528300
 840.0 0.000557000
 841.0 0.000549700
 842.0 0.000542400
 843.0 0.000535100
 844.0 0.000527800
 845.0 0.000520500
 846.0 0.000513200
 847.0 0.000505900
 848.0 0.000498600
 849.0 0.000491300
 850.0 0.000484000
 851.0 0.000517000
 852.0 0.000550000
 853.0 0.000583000
 854.0 0.000616000
 855.0 0.000649000
 856.0 0.000682000
 857.0 0.000715000
 858.0 0.000748000
 859.0 0.000781000
 860.0 0.000814000
 861.0 0.000748600
 862.0 0.000683200
 863.0 0.000617800
 864.0 0.000552400
 865.0 0.000487000
 866.0 0.000421600
 867.0 0.000356200
 868.0 0.000290800
 869.0 0.000225400
 870.0 0.000160000
 871.0 0.000158700
 872.0 0.000157400
 873.0 0.000156100
 874.0 0.000154800
 875.0 0.000153500
 876.0 0.000152200
 877.0 0.000150900
 878.0 0.000149600
 879.0 0.000148300
 880.0 0.000147000
 881.0 0.000144400
 882.0 0.000141800
 883.0 0.000139200
 884.0 0.000136600
 885.0 0.000134000
 886.0 0.000131400
 887.0 0.000128800
 888.0 0.000126200
 889.0 0.000123600
 890.0 0.000121000
 891.0 0.000121200
 892.0 0.000121400
 893.0 0.000121600
 894.0 0.000121800
 895.0 0.000122000
 896.0 0.000122200
 897.0 0.000122400
 898.0 0.000122600
 899.0 0.000122800
 900.0 0.000123000
 901.0 0.000127500
 902.0 0.000132000
 903.0 0.000136500
 904.0 0.000141000
 905.0 0.000145500
 906.0 0.000150000
 907.0 0.000154500
 908.0 0.000159000
 909.0 0.000163500
 910.0 0.000168000
 911.0 0.000183200
 912.0 0.000198400
 913.0 0.000213600
 914.0 0.000228800
 915.0 0.000244000
 916.0 0.000259200
 917.0 0.000274400
 918.0 0.000289600
 919.0 0.000304800
 920.0 0.000320000
 921.0 0.000305500
 922.0 0.000291000
 923.0 0.000276500
 924.0 0.000262000
 925.0 0.000247500
 926.0 0.000233000
 927.0 0.000218500
 928.0 0.000204000
 929.0 0.000189500
 930.0 0.000175000
 931.0 0.000170700
 932.0 0.000166400
 933.0 0.000162100
 934.0 0.000157800
 935.0 0.000153500
 936.0 0.000149200
 937.0 0.000144900
 938.0 0.000140600
 939.0 0.000136300
 940.0 0.000132000
 941.0 0.000135200
 942.0 0.000138400
 943.0 0.000141600
 944.0 0.000144800
 945.0 0.000148000
 946.0 0.000151200
 947.0 0.000154400
 948.0 0.000157600
 949.0 0.000160800
 950.0 0.000164000
 951.0 0.000167000
 952.0 0.000170000
 953.0 0.000173000
 954.0 0.000176000
 955.0 0.000179000
 956.0 0.000182000
 957.0 0.000185000
 958.0 0.000188000
 959.0 0.000191000
 960.0 0.000194000
 961.0 0.000184800
 962.0 0.000175600
 963.0 0.000166400
 964.0 0.000157200
 965.0 0.000148000
 966.0 0.000138800
 967.0 0.000129600
 968.0 0.000120400
 969.0 0.000111200
 970.0 0.000102000
 971.0 0.000100490
 972.0 0.000098980
 973.0 0.000097470
 974.0 0.000095960
 975.0 0.000094450
 976.0 0.000092940
 977.0 0.000091430
 978.0 0.000089920
 979.0 0.000088410
 980.0 0.000086900
 981.0 0.000088310
 982.0 0.000089720
 983.0 0.000091130
 984.0 0.000092540
 985.0 0.000093950
 986.0 0.000095360
 987.0 0.000096770
 988.0 0.000098180
 989.0 0.000099590
 990.0 0.000101000
 991.0 0.000107000
 992.0 0.000113000
 993.0 0.000119000
 994.0 0.000125000
 995.0 0.000131000
 996.0 0.000137000
 997.0 0.000143000
 998.0 0.000149000
 999.0 0.000155000
1000.0 0.000161000
1001.0 0.000149360
1002.0 0.000137720
1003.0 0.000126080
1004.0 0.000114440
1005.0 0.000102800
1006.0 0.000091160
1007.0 0.000079520
1008.0 0.000067880
1009.0 0.000056240
1010.0 0.000044600
1011.0 0.000044100
1012.0 0.000043600
1013.0 0.000043100
1014.0 0.000042600
1015.0 0.000042100
1016.0 0.000041600
1017.0 0.000041100
1018.0 0.000040600
1019.0 0.000040100
1020.0 0.000039600
1021.0 0.000048840
1022.0 0.000058080
1023.0 0.000067320
1024.0 0.000076560
1025.0 0.000085800
1026.0 0.000095040
1027.0 0.000104280
1028.0 0.000113520
1029.0 0.000122760
1030.0 0.000132000
1031.0 0.000121490
1032.0 0.000110980
1033.0 0.000100470
1034.0 0.000089960
1035.0 0.000079450
1036.0 0.000068940
1037.0 0.000058430
1038.0 0.000047920
1039.0 0.000037410
1040.0 0.000026900
1041.0 0.000025570
1042.0 0.000024240
1043.0 0.000022910
1044.0 0.000021580
1045.0 0.000020250
1046.0 0.000018920
1047.0 0.000017590
1048.0 0.000016260
1049.0 0.000014930
1050.0 0.000013600
1051.0 0.000013420
1052.0 0.000013240
1053.0 0.000013060
1054.0 0.000012880
1055.0 0.000012700
1056.0 0.000012520
1057.0 0.000012340
1058.0 0.000012160
1059.0 0.000011980
1060.0 0.000011800
1061.0 0.000012190
1062.0 0.000012580
1063.0 0.000012970
1064.0 0.000013360
1065.0 0.000013750
1066.0 0.000014140
1067.0 0.000014530
1068.0 0.000014920
1069.0 0.000015310
1070.0 0.000015700
1071.0 0.000015190
1072.0 0.000014680
1073.0 0.000014170
1074.0 0.000013660
1075.0 0.000013150
1076.0 0.000012640
1077.0 0.000012130
1078.0 0.000011620
1079.0 0.000011110
1080.0 0.000010600
1081.0 0.000010660
1082.0 0.000010720
1083.0 0.000010780
1084.0 0.000010840
1085.0 0.000010900
1086.0 0.000010960
1087.0 0.000011020
1088.0 0.000011080
1089.0 0.000011140
1090.0 0.000011200
1091.0 0.000011590
1092.0 0.000011980
1093.0 0.000012370
1094.0 0.000012760
1095.0 0.000013150
1096.0 0.000013540
1097.0 0.000013930
1098.0 0.000014320
1099.0 0.000014710
1100.0 0.000015100
