721 TERMOD:Band15
 380.0 0.000001697
 381.0 0.000001712
 382.0 0.000001727
 383.0 0.000001743
 384.0 0.000001758
 385.0 0.000001773
 386.0 0.000001789
 387.0 0.000001804
 388.0 0.000001819
 389.0 0.000001835
 390.0 0.000001850
 391.0 0.000001943
 392.0 0.000002035
 393.0 0.000002127
 394.0 0.000002220
 395.0 0.000002312
 396.0 0.000002405
 397.0 0.000002497
 398.0 0.000002590
 399.0 0.000002683
 400.0 0.000002775
 401.0 0.000002868
 402.0 0.000002960
 403.0 0.000003052
 404.0 0.000003145
 405.0 0.000003237
 406.0 0.000003330
 407.0 0.000003422
 408.0 0.000003515
 409.0 0.000003608
 410.0 0.000003700
 411.0 0.000003538
 412.0 0.000003376
 413.0 0.000003214
 414.0 0.000003052
 415.0 0.000002890
 416.0 0.000002728
 417.0 0.000002566
 418.0 0.000002404
 419.0 0.000002242
 420.0 0.000002080
 421.0 0.000002196
 422.0 0.000002312
 423.0 0.000002428
 424.0 0.000002544
 425.0 0.000002660
 426.0 0.000002776
 427.0 0.000002892
 428.0 0.000003008
 429.0 0.000003124
 430.0 0.000003240
 431.0 0.000003032
 432.0 0.000002824
 433.0 0.000002616
 434.0 0.000002408
 435.0 0.000002200
 436.0 0.000001992
 437.0 0.000001784
 438.0 0.000001576
 439.0 0.000001368
 440.0 0.000001160
 441.0 0.000001183
 442.0 0.000001206
 443.0 0.000001229
 444.0 0.000001252
 445.0 0.000001275
 446.0 0.000001298
 447.0 0.000001321
 448.0 0.000001344
 449.0 0.000001367
 450.0 0.000001390
 451.0 0.000001413
 452.0 0.000001436
 453.0 0.000001459
 454.0 0.000001482
 455.0 0.000001505
 456.0 0.000001528
 457.0 0.000001551
 458.0 0.000001574
 459.0 0.000001597
 460.0 0.000001620
 461.0 0.000001643
 462.0 0.000001666
 463.0 0.000001689
 464.0 0.000001712
 465.0 0.000001735
 466.0 0.000001758
 467.0 0.000001781
 468.0 0.000001804
 469.0 0.000001827
 470.0 0.000001850
 471.0 0.000001873
 472.0 0.000001896
 473.0 0.000001919
 474.0 0.000001942
 475.0 0.000001965
 476.0 0.000001988
 477.0 0.000002011
 478.0 0.000002034
 479.0 0.000002057
 480.0 0.000002080
 481.0 0.000002103
 482.0 0.000002126
 483.0 0.000002149
 484.0 0.000002172
 485.0 0.000002195
 486.0 0.000002218
 487.0 0.000002241
 488.0 0.000002264
 489.0 0.000002287
 490.0 0.000002310
 491.0 0.000002333
 492.0 0.000002356
 493.0 0.000002379
 494.0 0.000002402
 495.0 0.000002425
 496.0 0.000002448
 497.0 0.000002471
 498.0 0.000002494
 499.0 0.000002517
 500.0 0.000002540
 501.0 0.000002563
 502.0 0.000002586
 503.0 0.000002609
 504.0 0.000002632
 505.0 0.000002655
 506.0 0.000002678
 507.0 0.000002701
 508.0 0.000002724
 509.0 0.000002747
 510.0 0.000002770
 511.0 0.000002794
 512.0 0.000002818
 513.0 0.000002842
 514.0 0.000002866
 515.0 0.000002890
 516.0 0.000002914
 517.0 0.000002938
 518.0 0.000002962
 519.0 0.000002986
 520.0 0.000003010
 521.0 0.000002825
 522.0 0.000002640
 523.0 0.000002455
 524.0 0.000002270
 525.0 0.000002085
 526.0 0.000001900
 527.0 0.000001715
 528.0 0.000001530
 529.0 0.000001345
 530.0 0.000001160
 531.0 0.000001160
 532.0 0.000001160
 533.0 0.000001160
 534.0 0.000001160
 535.0 0.000001160
 536.0 0.000001160
 537.0 0.000001160
 538.0 0.000001160
 539.0 0.000001160
 540.0 0.000001160
 541.0 0.000001321
 542.0 0.000001482
 543.0 0.000001643
 544.0 0.000001804
 545.0 0.000001965
 546.0 0.000002126
 547.0 0.000002287
 548.0 0.000002448
 549.0 0.000002609
 550.0 0.000002770
 551.0 0.000002691
 552.0 0.000002613
 553.0 0.000002535
 554.0 0.000002456
 555.0 0.000002378
 556.0 0.000002299
 557.0 0.000002221
 558.0 0.000002142
 559.0 0.000002063
 560.0 0.000001985
 561.0 0.000001907
 562.0 0.000001828
 563.0 0.000001749
 564.0 0.000001671
 565.0 0.000001592
 566.0 0.000001514
 567.0 0.000001436
 568.0 0.000001357
 569.0 0.000001278
 570.0 0.000001200
 571.0 0.000006190
 572.0 0.000011180
 573.0 0.000016170
 574.0 0.000021160
 575.0 0.000026150
 576.0 0.000031140
 577.0 0.000036130
 578.0 0.000041120
 579.0 0.000046110
 580.0 0.000051100
 581.0 0.000056090
 582.0 0.000061080
 583.0 0.000066070
 584.0 0.000071060
 585.0 0.000076050
 586.0 0.000081040
 587.0 0.000086030
 588.0 0.000091020
 589.0 0.000096010
 590.0 0.000101000
 591.0 0.000108600
 592.0 0.000116200
 593.0 0.000123800
 594.0 0.000131400
 595.0 0.000139000
 596.0 0.000146600
 597.0 0.000154200
 598.0 0.000161800
 599.0 0.000169400
 600.0 0.000177000
 601.0 0.000262300
 602.0 0.000347600
 603.0 0.000432900
 604.0 0.000518200
 605.0 0.000603500
 606.0 0.000688800
 607.0 0.000774100
 608.0 0.000859400
 609.0 0.000944700
 610.0 0.001030000
 611.0 0.001173000
 612.0 0.001316000
 613.0 0.001459000
 614.0 0.001602000
 615.0 0.001745000
 616.0 0.001888000
 617.0 0.002031000
 618.0 0.002174000
 619.0 0.002317000
 620.0 0.002460000
 621.0 0.002446000
 622.0 0.002432000
 623.0 0.002418000
 624.0 0.002404000
 625.0 0.002390000
 626.0 0.002376000
 627.0 0.002362000
 628.0 0.002348000
 629.0 0.002334000
 630.0 0.002320000
 631.0 0.002345000
 632.0 0.002370000
 633.0 0.002395000
 634.0 0.002420000
 635.0 0.002445000
 636.0 0.002470000
 637.0 0.002495000
 638.0 0.002520000
 639.0 0.002545000
 640.0 0.002570000
 641.0 0.002711000
 642.0 0.002852000
 643.0 0.002993000
 644.0 0.003134000
 645.0 0.003275000
 646.0 0.003416000
 647.0 0.003557000
 648.0 0.003698000
 649.0 0.003839000
 650.0 0.003980000
 651.0 0.003865000
 652.0 0.003750000
 653.0 0.003635000
 654.0 0.003520000
 655.0 0.003405000
 656.0 0.003290000
 657.0 0.003175000
 658.0 0.003060000
 659.0 0.002945000
 660.0 0.002830000
 661.0 0.002572100
 662.0 0.002314200
 663.0 0.002056300
 664.0 0.001798400
 665.0 0.001540500
 666.0 0.001282600
 667.0 0.001024700
 668.0 0.000766800
 669.0 0.000508900
 670.0 0.000251000
 671.0 0.000255100
 672.0 0.000259200
 673.0 0.000263300
 674.0 0.000267400
 675.0 0.000271500
 676.0 0.000275600
 677.0 0.000279700
 678.0 0.000283800
 679.0 0.000287900
 680.0 0.000292000
 681.0 0.000303000
 682.0 0.000314000
 683.0 0.000325000
 684.0 0.000336000
 685.0 0.000347000
 686.0 0.000358000
 687.0 0.000369000
 688.0 0.000380000
 689.0 0.000391000
 690.0 0.000402000
 691.0 0.000409800
 692.0 0.000417600
 693.0 0.000425400
 694.0 0.000433200
 695.0 0.000441000
 696.0 0.000448800
 697.0 0.000456600
 698.0 0.000464400
 699.0 0.000472200
 700.0 0.000480000
 701.0 0.000494300
 702.0 0.000508600
 703.0 0.000522900
 704.0 0.000537200
 705.0 0.000551500
 706.0 0.000565800
 707.0 0.000580100
 708.0 0.000594400
 709.0 0.000608700
 710.0 0.000623000
 711.0 0.000639200
 712.0 0.000655400
 713.0 0.000671600
 714.0 0.000687800
 715.0 0.000704000
 716.0 0.000720200
 717.0 0.000736400
 718.0 0.000752600
 719.0 0.000768800
 720.0 0.000785000
 721.0 0.000944500
 722.0 0.001104000
 723.0 0.001263500
 724.0 0.001423000
 725.0 0.001582500
 726.0 0.001742000
 727.0 0.001901500
 728.0 0.002061000
 729.0 0.002220500
 730.0 0.002380000
 731.0 0.003019700
 732.0 0.004320810
 733.0 0.006182530
 734.0 0.008846430
 735.0 0.012658100
 736.0 0.015385200
 737.0 0.018112200
 738.0 0.038970900
 739.0 0.091156000
 740.0 0.190369000
 741.0 0.332458000
 742.0 0.495987000
 743.0 0.670624000
 744.0 0.826843000
 745.0 0.929077000
 746.0 0.975021000
 747.0 0.999878000
 748.0 0.984802000
 749.0 0.903320000
 750.0 0.778877000
 751.0 0.636002000
 752.0 0.476379000
 753.0 0.280060000
 754.0 0.126282000
 755.0 0.055511500
 756.0 0.025322000
 757.0 0.011543300
 758.0 0.008391020
 759.0 0.005815230
 760.0 0.004030130
 761.0 0.002793000
 762.0 0.001935630
 763.0 0.001341450
 764.0 0.000929664
 765.0 0.000644285
 766.0 0.000446508
 767.0 0.000309444
 768.0 0.000214454
 769.0 0.000148623
 770.0 0.000103000
 771.0 0.000096950
 772.0 0.000090900
 773.0 0.000084850
 774.0 0.000078800
 775.0 0.000072750
 776.0 0.000066700
 777.0 0.000060650
 778.0 0.000054600
 779.0 0.000048550
 780.0 0.000042500
 781.0 0.000042230
 782.0 0.000041960
 783.0 0.000041690
 784.0 0.000041420
 785.0 0.000041150
 786.0 0.000040880
 787.0 0.000040610
 788.0 0.000040340
 789.0 0.000040070
 790.0 0.000039800
 791.0 0.000038830
 792.0 0.000037860
 793.0 0.000036890
 794.0 0.000035920
 795.0 0.000034950
 796.0 0.000033980
 797.0 0.000033010
 798.0 0.000032040
 799.0 0.000031070
 800.0 0.000030100
 801.0 0.000030510
 802.0 0.000030920
 803.0 0.000031330
 804.0 0.000031740
 805.0 0.000032150
 806.0 0.000032560
 807.0 0.000032970
 808.0 0.000033380
 809.0 0.000033790
 810.0 0.000034200
 811.0 0.000034290
 812.0 0.000034380
 813.0 0.000034470
 814.0 0.000034560
 815.0 0.000034650
 816.0 0.000034740
 817.0 0.000034830
 818.0 0.000034920
 819.0 0.000035010
 820.0 0.000035100
 821.0 0.000037390
 822.0 0.000039680
 823.0 0.000041970
 824.0 0.000044260
 825.0 0.000046550
 826.0 0.000048840
 827.0 0.000051130
 828.0 0.000053420
 829.0 0.000055710
 830.0 0.000058000
 831.0 0.000058000
 832.0 0.000058000
 833.0 0.000058000
 834.0 0.000058000
 835.0 0.000058000
 836.0 0.000058000
 837.0 0.000058000
 838.0 0.000058000
 839.0 0.000058000
 840.0 0.000058000
 841.0 0.000067900
 842.0 0.000077800
 843.0 0.000087700
 844.0 0.000097600
 845.0 0.000107500
 846.0 0.000117400
 847.0 0.000127300
 848.0 0.000137200
 849.0 0.000147100
 850.0 0.000157000
 851.0 0.000183900
 852.0 0.000210800
 853.0 0.000237700
 854.0 0.000264600
 855.0 0.000291500
 856.0 0.000318400
 857.0 0.000345300
 858.0 0.000372200
 859.0 0.000399100
 860.0 0.000426000
 861.0 0.000539400
 862.0 0.000652800
 863.0 0.000766200
 864.0 0.000879600
 865.0 0.000993000
 866.0 0.001106400
 867.0 0.001219800
 868.0 0.001333200
 869.0 0.001446600
 870.0 0.001560000
 871.0 0.001411510
 872.0 0.001263020
 873.0 0.001114530
 874.0 0.000966040
 875.0 0.000817550
 876.0 0.000669060
 877.0 0.000520570
 878.0 0.000372080
 879.0 0.000223590
 880.0 0.000075100
 881.0 0.000072750
 882.0 0.000070400
 883.0 0.000068050
 884.0 0.000065700
 885.0 0.000063350
 886.0 0.000061000
 887.0 0.000058650
 888.0 0.000056300
 889.0 0.000053950
 890.0 0.000051600
 891.0 0.000049610
 892.0 0.000047620
 893.0 0.000045630
 894.0 0.000043640
 895.0 0.000041650
 896.0 0.000039660
 897.0 0.000037670
 898.0 0.000035680
 899.0 0.000033690
 900.0 0.000031700
 901.0 0.000031300
 902.0 0.000030900
 903.0 0.000030500
 904.0 0.000030100
 905.0 0.000029700
 906.0 0.000029300
 907.0 0.000028900
 908.0 0.000028500
 909.0 0.000028100
 910.0 0.000027700
 911.0 0.000027380
 912.0 0.000027060
 913.0 0.000026740
 914.0 0.000026420
 915.0 0.000026100
 916.0 0.000025780
 917.0 0.000025460
 918.0 0.000025140
 919.0 0.000024820
 920.0 0.000024500
 921.0 0.000024290
 922.0 0.000024080
 923.0 0.000023870
 924.0 0.000023660
 925.0 0.000023450
 926.0 0.000023240
 927.0 0.000023030
 928.0 0.000022820
 929.0 0.000022610
 930.0 0.000022400
 931.0 0.000021800
 932.0 0.000021200
 933.0 0.000020600
 934.0 0.000020000
 935.0 0.000019400
 936.0 0.000018800
 937.0 0.000018200
 938.0 0.000017600
 939.0 0.000017000
 940.0 0.000016400
 941.0 0.000015820
 942.0 0.000015240
 943.0 0.000014660
 944.0 0.000014080
 945.0 0.000013500
 946.0 0.000012920
 947.0 0.000012340
 948.0 0.000011760
 949.0 0.000011180
 950.0 0.000010600
 951.0 0.000010790
 952.0 0.000010980
 953.0 0.000011170
 954.0 0.000011360
 955.0 0.000011550
 956.0 0.000011740
 957.0 0.000011930
 958.0 0.000012120
 959.0 0.000012310
 960.0 0.000012500
 961.0 0.000011828
 962.0 0.000011156
 963.0 0.000010484
 964.0 0.000009812
 965.0 0.000009140
 966.0 0.000008468
 967.0 0.000007796
 968.0 0.000007124
 969.0 0.000006452
 970.0 0.000005780
 971.0 0.000006173
 972.0 0.000006566
 973.0 0.000006959
 974.0 0.000007352
 975.0 0.000007745
 976.0 0.000008138
 977.0 0.000008531
 978.0 0.000008924
 979.0 0.000009317
 980.0 0.000009710
 981.0 0.000009201
 982.0 0.000008692
 983.0 0.000008183
 984.0 0.000007674
 985.0 0.000007165
 986.0 0.000006656
 987.0 0.000006147
 988.0 0.000005638
 989.0 0.000005129
 990.0 0.000004620
 991.0 0.000004921
 992.0 0.000005222
 993.0 0.000005523
 994.0 0.000005824
 995.0 0.000006125
 996.0 0.000006426
 997.0 0.000006727
 998.0 0.000007028
 999.0 0.000007329
1000.0 0.000007630
1001.0 0.000007456
1002.0 0.000007283
1003.0 0.000007110
1004.0 0.000006936
1005.0 0.000006763
1006.0 0.000006589
1007.0 0.000006415
1008.0 0.000006242
1009.0 0.000006068
1010.0 0.000005895
1011.0 0.000005722
1012.0 0.000005548
1013.0 0.000005374
1014.0 0.000005201
1015.0 0.000005027
1016.0 0.000004854
1017.0 0.000004681
1018.0 0.000004507
1019.0 0.000004334
1020.0 0.000004160
1021.0 0.000004253
1022.0 0.000004345
1023.0 0.000004438
1024.0 0.000004530
1025.0 0.000004623
1026.0 0.000004715
1027.0 0.000004808
1028.0 0.000004900
1029.0 0.000004993
1030.0 0.000005085
1031.0 0.000005177
1032.0 0.000005270
1033.0 0.000005362
1034.0 0.000005455
1035.0 0.000005547
1036.0 0.000005640
1037.0 0.000005732
1038.0 0.000005825
1039.0 0.000005917
1040.0 0.000006010
1041.0 0.000005617
1042.0 0.000005224
1043.0 0.000004831
1044.0 0.000004438
1045.0 0.000004045
1046.0 0.000003652
1047.0 0.000003259
1048.0 0.000002866
1049.0 0.000002473
1050.0 0.000002080
1051.0 0.000002797
1052.0 0.000003514
1053.0 0.000004231
1054.0 0.000004948
1055.0 0.000005665
1056.0 0.000006382
1057.0 0.000007099
1058.0 0.000007816
1059.0 0.000008533
1060.0 0.000009250
1061.0 0.000009019
1062.0 0.000008788
1063.0 0.000008557
1064.0 0.000008326
1065.0 0.000008095
1066.0 0.000007864
1067.0 0.000007633
1068.0 0.000007402
1069.0 0.000007171
1070.0 0.000006940
1071.0 0.000006385
1072.0 0.000005830
1073.0 0.000005275
1074.0 0.000004720
1075.0 0.000004165
1076.0 0.000003610
1077.0 0.000003055
1078.0 0.000002500
1079.0 0.000001945
1080.0 0.000001390
1081.0 0.000001736
1082.0 0.000002082
1083.0 0.000002428
1084.0 0.000002774
1085.0 0.000003120
1086.0 0.000003466
1087.0 0.000003812
1088.0 0.000004158
1089.0 0.000004504
1090.0 0.000004850
1091.0 0.000005059
1092.0 0.000005268
1093.0 0.000005477
1094.0 0.000005686
1095.0 0.000005895
1096.0 0.000006104
1097.0 0.000006313
1098.0 0.000006522
1099.0 0.000006731
1100.0 0.000006940
