721 TERMOD:Band8
 380.0 0.000018600
 381.0 0.000032240
 382.0 0.000045880
 383.0 0.000059520
 384.0 0.000073160
 385.0 0.000086800
 386.0 0.000100440
 387.0 0.000114080
 388.0 0.000127720
 389.0 0.000141360
 390.0 0.000155000
 391.0 0.000287687
 392.0 0.000395619
 393.0 0.000544043
 394.0 0.000748152
 395.0 0.001028840
 396.0 0.001414820
 397.0 0.001945630
 398.0 0.002675570
 399.0 0.003679360
 400.0 0.005059740
 401.0 0.006958010
 402.0 0.036010700
 403.0 0.128052000
 404.0 0.325699000
 405.0 0.523315000
 406.0 0.622803000
 407.0 0.629585000
 408.0 0.618408000
 409.0 0.679901000
 410.0 0.756714000
 411.0 0.763672000
 412.0 0.601257000
 413.0 0.434082000
 414.0 0.578613000
 415.0 0.840576000
 416.0 1.000000000
 417.0 0.979248000
 418.0 0.836792000
 419.0 0.592865000
 420.0 0.337158000
 421.0 0.143066000
 422.0 0.048278800
 423.0 0.015747100
 424.0 0.009194760
 425.0 0.006043010
 426.0 0.003971610
 427.0 0.002610230
 428.0 0.001715510
 429.0 0.001127470
 430.0 0.000741000
 431.0 0.000678600
 432.0 0.000616200
 433.0 0.000553800
 434.0 0.000491400
 435.0 0.000429000
 436.0 0.000366600
 437.0 0.000304200
 438.0 0.000241800
 439.0 0.000179400
 440.0 0.000117000
 441.0 0.000121300
 442.0 0.000125600
 443.0 0.000129900
 444.0 0.000134200
 445.0 0.000138500
 446.0 0.000142800
 447.0 0.000147100
 448.0 0.000151400
 449.0 0.000155700
 450.0 0.000160000
 451.0 0.000172500
 452.0 0.000185000
 453.0 0.000197500
 454.0 0.000210000
 455.0 0.000222500
 456.0 0.000235000
 457.0 0.000247500
 458.0 0.000260000
 459.0 0.000272500
 460.0 0.000285000
 461.0 0.000313200
 462.0 0.000341400
 463.0 0.000369600
 464.0 0.000397800
 465.0 0.000426000
 466.0 0.000454200
 467.0 0.000482400
 468.0 0.000510600
 469.0 0.000538800
 470.0 0.000567000
 471.0 0.000614300
 472.0 0.000661600
 473.0 0.000708900
 474.0 0.000756200
 475.0 0.000803500
 476.0 0.000850800
 477.0 0.000898100
 478.0 0.000945400
 479.0 0.000992700
 480.0 0.001040000
 481.0 0.001231000
 482.0 0.001422000
 483.0 0.001613000
 484.0 0.001804000
 485.0 0.001995000
 486.0 0.002186000
 487.0 0.002377000
 488.0 0.002568000
 489.0 0.002759000
 490.0 0.002950000
 491.0 0.003411000
 492.0 0.003872000
 493.0 0.004333000
 494.0 0.004794000
 495.0 0.005255000
 496.0 0.005716000
 497.0 0.006177000
 498.0 0.006638000
 499.0 0.007099000
 500.0 0.007560000
 501.0 0.007974000
 502.0 0.008388000
 503.0 0.008802000
 504.0 0.009216000
 505.0 0.009630000
 506.0 0.010044000
 507.0 0.010458000
 508.0 0.010872000
 509.0 0.011286000
 510.0 0.011700000
 511.0 0.011137000
 512.0 0.010574000
 513.0 0.010011000
 514.0 0.009448000
 515.0 0.008885000
 516.0 0.008322000
 517.0 0.007759000
 518.0 0.007196000
 519.0 0.006633000
 520.0 0.006070000
 521.0 0.005620000
 522.0 0.005170000
 523.0 0.004720000
 524.0 0.004270000
 525.0 0.003820000
 526.0 0.003370000
 527.0 0.002920000
 528.0 0.002470000
 529.0 0.002020000
 530.0 0.001570000
 531.0 0.001575000
 532.0 0.001580000
 533.0 0.001585000
 534.0 0.001590000
 535.0 0.001595000
 536.0 0.001600000
 537.0 0.001605000
 538.0 0.001610000
 539.0 0.001615000
 540.0 0.001620000
 541.0 0.001645000
 542.0 0.001670000
 543.0 0.001695000
 544.0 0.001720000
 545.0 0.001745000
 546.0 0.001770000
 547.0 0.001795000
 548.0 0.001820000
 549.0 0.001845000
 550.0 0.001870000
 551.0 0.001842000
 552.0 0.001814000
 553.0 0.001786000
 554.0 0.001758000
 555.0 0.001730000
 556.0 0.001702000
 557.0 0.001674000
 558.0 0.001646000
 559.0 0.001618000
 560.0 0.001590000
 561.0 0.001572000
 562.0 0.001554000
 563.0 0.001536000
 564.0 0.001518000
 565.0 0.001500000
 566.0 0.001482000
 567.0 0.001464000
 568.0 0.001446000
 569.0 0.001428000
 570.0 0.001410000
 571.0 0.001282300
 572.0 0.001154600
 573.0 0.001026900
 574.0 0.000899200
 575.0 0.000771500
 576.0 0.000643800
 577.0 0.000516100
 578.0 0.000388400
 579.0 0.000260700
 580.0 0.000133000
 581.0 0.000157300
 582.0 0.000181600
 583.0 0.000205900
 584.0 0.000230200
 585.0 0.000254500
 586.0 0.000278800
 587.0 0.000303100
 588.0 0.000327400
 589.0 0.000351700
 590.0 0.000376000
 591.0 0.000338666
 592.0 0.000301332
 593.0 0.000263998
 594.0 0.000226664
 595.0 0.000189330
 596.0 0.000151996
 597.0 0.000114662
 598.0 0.000077328
 599.0 0.000039994
 600.0 0.000002660
 601.0 0.000006394
 602.0 0.000010128
 603.0 0.000013862
 604.0 0.000017596
 605.0 0.000021330
 606.0 0.000025064
 607.0 0.000028798
 608.0 0.000032532
 609.0 0.000036266
 610.0 0.000040000
 611.0 0.000038660
 612.0 0.000037320
 613.0 0.000035980
 614.0 0.000034640
 615.0 0.000033300
 616.0 0.000031960
 617.0 0.000030620
 618.0 0.000029280
 619.0 0.000027940
 620.0 0.000026600
 621.0 0.000026600
 622.0 0.000026600
 623.0 0.000026600
 624.0 0.000026600
 625.0 0.000026600
 626.0 0.000026600
 627.0 0.000026600
 628.0 0.000026600
 629.0 0.000026600
 630.0 0.000026600
 631.0 0.000026340
 632.0 0.000026080
 633.0 0.000025820
 634.0 0.000025560
 635.0 0.000025300
 636.0 0.000025040
 637.0 0.000024780
 638.0 0.000024520
 639.0 0.000024260
 640.0 0.000024000
 641.0 0.000023730
 642.0 0.000023460
 643.0 0.000023190
 644.0 0.000022920
 645.0 0.000022650
 646.0 0.000022380
 647.0 0.000022110
 648.0 0.000021840
 649.0 0.000021570
 650.0 0.000021300
 651.0 0.000024500
 652.0 0.000027700
 653.0 0.000030900
 654.0 0.000034100
 655.0 0.000037300
 656.0 0.000040500
 657.0 0.000043700
 658.0 0.000046900
 659.0 0.000050100
 660.0 0.000053300
 661.0 0.000049570
 662.0 0.000045840
 663.0 0.000042110
 664.0 0.000038380
 665.0 0.000034650
 666.0 0.000030920
 667.0 0.000027190
 668.0 0.000023460
 669.0 0.000019730
 670.0 0.000016000
 671.0 0.000016260
 672.0 0.000016520
 673.0 0.000016780
 674.0 0.000017040
 675.0 0.000017300
 676.0 0.000017560
 677.0 0.000017820
 678.0 0.000018080
 679.0 0.000018340
 680.0 0.000018600
 681.0 0.000018340
 682.0 0.000018080
 683.0 0.000017820
 684.0 0.000017560
 685.0 0.000017300
 686.0 0.000017040
 687.0 0.000016780
 688.0 0.000016520
 689.0 0.000016260
 690.0 0.000016000
 691.0 0.000017060
 692.0 0.000018120
 693.0 0.000019180
 694.0 0.000020240
 695.0 0.000021300
 696.0 0.000022360
 697.0 0.000023420
 698.0 0.000024480
 699.0 0.000025540
 700.0 0.000026600
 701.0 0.000026070
 702.0 0.000025540
 703.0 0.000025010
 704.0 0.000024480
 705.0 0.000023950
 706.0 0.000023420
 707.0 0.000022890
 708.0 0.000022360
 709.0 0.000021830
 710.0 0.000021300
 711.0 0.000020368
 712.0 0.000019436
 713.0 0.000018504
 714.0 0.000017572
 715.0 0.000016640
 716.0 0.000015708
 717.0 0.000014776
 718.0 0.000013844
 719.0 0.000012912
 720.0 0.000011980
 721.0 0.000011048
 722.0 0.000010116
 723.0 0.000009184
 724.0 0.000008252
 725.0 0.000007320
 726.0 0.000006388
 727.0 0.000005456
 728.0 0.000004524
 729.0 0.000003592
 730.0 0.000002660
 731.0 0.000003464
 732.0 0.000004268
 733.0 0.000005072
 734.0 0.000005876
 735.0 0.000006680
 736.0 0.000007484
 737.0 0.000008288
 738.0 0.000009092
 739.0 0.000009896
 740.0 0.000010700
 741.0 0.000011230
 742.0 0.000011760
 743.0 0.000012290
 744.0 0.000012820
 745.0 0.000013350
 746.0 0.000013880
 747.0 0.000014410
 748.0 0.000014940
 749.0 0.000015470
 750.0 0.000016000
 751.0 0.000021330
 752.0 0.000026660
 753.0 0.000031990
 754.0 0.000037320
 755.0 0.000042650
 756.0 0.000047980
 757.0 0.000053310
 758.0 0.000058640
 759.0 0.000063970
 760.0 0.000069300
 761.0 0.000065300
 762.0 0.000061300
 763.0 0.000057300
 764.0 0.000053300
 765.0 0.000049300
 766.0 0.000045300
 767.0 0.000041300
 768.0 0.000037300
 769.0 0.000033300
 770.0 0.000029300
 771.0 0.000028370
 772.0 0.000027440
 773.0 0.000026510
 774.0 0.000025580
 775.0 0.000024650
 776.0 0.000023720
 777.0 0.000022790
 778.0 0.000021860
 779.0 0.000020930
 780.0 0.000020000
 781.0 0.000019070
 782.0 0.000018140
 783.0 0.000017210
 784.0 0.000016280
 785.0 0.000015350
 786.0 0.000014420
 787.0 0.000013490
 788.0 0.000012560
 789.0 0.000011630
 790.0 0.000010700
 791.0 0.000010163
 792.0 0.000009626
 793.0 0.000009089
 794.0 0.000008552
 795.0 0.000008015
 796.0 0.000007478
 797.0 0.000006941
 798.0 0.000006404
 799.0 0.000005867
 800.0 0.000005330
 801.0 0.000005867
 802.0 0.000006404
 803.0 0.000006941
 804.0 0.000007478
 805.0 0.000008015
 806.0 0.000008552
 807.0 0.000009089
 808.0 0.000009626
 809.0 0.000010163
 810.0 0.000010700
 811.0 0.000010163
 812.0 0.000009626
 813.0 0.000009089
 814.0 0.000008552
 815.0 0.000008015
 816.0 0.000007478
 817.0 0.000006941
 818.0 0.000006404
 819.0 0.000005867
 820.0 0.000005330
 821.0 0.000005330
 822.0 0.000005330
 823.0 0.000005330
 824.0 0.000005330
 825.0 0.000005330
 826.0 0.000005330
 827.0 0.000005330
 828.0 0.000005330
 829.0 0.000005330
 830.0 0.000005330
 831.0 0.000008127
 832.0 0.000010924
 833.0 0.000013721
 834.0 0.000016518
 835.0 0.000019315
 836.0 0.000022112
 837.0 0.000024909
 838.0 0.000027706
 839.0 0.000030503
 840.0 0.000033300
 841.0 0.000035830
 842.0 0.000038360
 843.0 0.000040890
 844.0 0.000043420
 845.0 0.000045950
 846.0 0.000048480
 847.0 0.000051010
 848.0 0.000053540
 849.0 0.000056070
 850.0 0.000058600
 851.0 0.000056470
 852.0 0.000054340
 853.0 0.000052210
 854.0 0.000050080
 855.0 0.000047950
 856.0 0.000045820
 857.0 0.000043690
 858.0 0.000041560
 859.0 0.000039430
 860.0 0.000037300
 861.0 0.000037570
 862.0 0.000037840
 863.0 0.000038110
 864.0 0.000038380
 865.0 0.000038650
 866.0 0.000038920
 867.0 0.000039190
 868.0 0.000039460
 869.0 0.000039730
 870.0 0.000040000
 871.0 0.000039460
 872.0 0.000038920
 873.0 0.000038380
 874.0 0.000037840
 875.0 0.000037300
 876.0 0.000036760
 877.0 0.000036220
 878.0 0.000035680
 879.0 0.000035140
 880.0 0.000034600
 881.0 0.000032470
 882.0 0.000030340
 883.0 0.000028210
 884.0 0.000026080
 885.0 0.000023950
 886.0 0.000021820
 887.0 0.000019690
 888.0 0.000017560
 889.0 0.000015430
 890.0 0.000013300
 891.0 0.000013830
 892.0 0.000014360
 893.0 0.000014890
 894.0 0.000015420
 895.0 0.000015950
 896.0 0.000016480
 897.0 0.000017010
 898.0 0.000017540
 899.0 0.000018070
 900.0 0.000018600
 901.0 0.000017273
 902.0 0.000015946
 903.0 0.000014619
 904.0 0.000013292
 905.0 0.000011965
 906.0 0.000010638
 907.0 0.000009311
 908.0 0.000007984
 909.0 0.000006657
 910.0 0.000005330
 911.0 0.000009857
 912.0 0.000014384
 913.0 0.000018911
 914.0 0.000023438
 915.0 0.000027965
 916.0 0.000032492
 917.0 0.000037019
 918.0 0.000041546
 919.0 0.000046073
 920.0 0.000050600
 921.0 0.000046870
 922.0 0.000043140
 923.0 0.000039410
 924.0 0.000035680
 925.0 0.000031950
 926.0 0.000028220
 927.0 0.000024490
 928.0 0.000020760
 929.0 0.000017030
 930.0 0.000013300
 931.0 0.000014370
 932.0 0.000015440
 933.0 0.000016510
 934.0 0.000017580
 935.0 0.000018650
 936.0 0.000019720
 937.0 0.000020790
 938.0 0.000021860
 939.0 0.000022930
 940.0 0.000024000
 941.0 0.000027730
 942.0 0.000031460
 943.0 0.000035190
 944.0 0.000038920
 945.0 0.000042650
 946.0 0.000046380
 947.0 0.000050110
 948.0 0.000053840
 949.0 0.000057570
 950.0 0.000061300
 951.0 0.000055969
 952.0 0.000050638
 953.0 0.000045307
 954.0 0.000039976
 955.0 0.000034645
 956.0 0.000029314
 957.0 0.000023983
 958.0 0.000018652
 959.0 0.000013321
 960.0 0.000007990
 961.0 0.000007457
 962.0 0.000006924
 963.0 0.000006391
 964.0 0.000005858
 965.0 0.000005325
 966.0 0.000004792
 967.0 0.000004259
 968.0 0.000003726
 969.0 0.000003193
 970.0 0.000002660
 971.0 0.000006394
 972.0 0.000010128
 973.0 0.000013862
 974.0 0.000017596
 975.0 0.000021330
 976.0 0.000025064
 977.0 0.000028798
 978.0 0.000032532
 979.0 0.000036266
 980.0 0.000040000
 981.0 0.000039730
 982.0 0.000039460
 983.0 0.000039190
 984.0 0.000038920
 985.0 0.000038650
 986.0 0.000038380
 987.0 0.000038110
 988.0 0.000037840
 989.0 0.000037570
 990.0 0.000037300
 991.0 0.000039960
 992.0 0.000042620
 993.0 0.000045280
 994.0 0.000047940
 995.0 0.000050600
 996.0 0.000053260
 997.0 0.000055920
 998.0 0.000058580
 999.0 0.000061240
1000.0 0.000063900
1001.0 0.000060970
1002.0 0.000058040
1003.0 0.000055110
1004.0 0.000052180
1005.0 0.000049250
1006.0 0.000046320
1007.0 0.000043390
1008.0 0.000040460
1009.0 0.000037530
1010.0 0.000034600
1011.0 0.000035140
1012.0 0.000035680
1013.0 0.000036220
1014.0 0.000036760
1015.0 0.000037300
1016.0 0.000037840
1017.0 0.000038380
1018.0 0.000038920
1019.0 0.000039460
1020.0 0.000040000
1021.0 0.000039065
1022.0 0.000038130
1023.0 0.000037195
1024.0 0.000036260
1025.0 0.000035325
1026.0 0.000034390
1027.0 0.000033455
1028.0 0.000032520
1029.0 0.000031585
1030.0 0.000030650
1031.0 0.000029715
1032.0 0.000028780
1033.0 0.000027845
1034.0 0.000026910
1035.0 0.000025975
1036.0 0.000025040
1037.0 0.000024105
1038.0 0.000023170
1039.0 0.000022235
1040.0 0.000021300
1041.0 0.000026100
1042.0 0.000030900
1043.0 0.000035700
1044.0 0.000040500
1045.0 0.000045300
1046.0 0.000050100
1047.0 0.000054900
1048.0 0.000059700
1049.0 0.000064500
1050.0 0.000069300
1051.0 0.000066765
1052.0 0.000064230
1053.0 0.000061695
1054.0 0.000059160
1055.0 0.000056625
1056.0 0.000054090
1057.0 0.000051555
1058.0 0.000049020
1059.0 0.000046485
1060.0 0.000043950
1061.0 0.000041415
1062.0 0.000038880
1063.0 0.000036345
1064.0 0.000033810
1065.0 0.000031275
1066.0 0.000028740
1067.0 0.000026205
1068.0 0.000023670
1069.0 0.000021135
1070.0 0.000018600
1071.0 0.000018070
1072.0 0.000017540
1073.0 0.000017010
1074.0 0.000016480
1075.0 0.000015950
1076.0 0.000015420
1077.0 0.000014890
1078.0 0.000014360
1079.0 0.000013830
1080.0 0.000013300
1081.0 0.000012503
1082.0 0.000011706
1083.0 0.000010909
1084.0 0.000010112
1085.0 0.000009315
1086.0 0.000008518
1087.0 0.000007721
1088.0 0.000006924
1089.0 0.000006127
1090.0 0.000005330
1091.0 0.000006397
1092.0 0.000007464
1093.0 0.000008531
1094.0 0.000009598
1095.0 0.000010665
1096.0 0.000011732
1097.0 0.000012799
1098.0 0.000013866
1099.0 0.000014933
1100.0 0.000016000
