721 TERMOD:Band10
 380.0 0.000003960
 381.0 0.000003828
 382.0 0.000003696
 383.0 0.000003564
 384.0 0.000003432
 385.0 0.000003300
 386.0 0.000003168
 387.0 0.000003036
 388.0 0.000002904
 389.0 0.000002772
 390.0 0.000002640
 391.0 0.000003966
 392.0 0.000005292
 393.0 0.000006618
 394.0 0.000007944
 395.0 0.000009270
 396.0 0.000010596
 397.0 0.000011922
 398.0 0.000013248
 399.0 0.000014574
 400.0 0.000015900
 401.0 0.000057810
 402.0 0.000099720
 403.0 0.000141630
 404.0 0.000183540
 405.0 0.000225450
 406.0 0.000267360
 407.0 0.000309270
 408.0 0.000351180
 409.0 0.000393090
 410.0 0.000435000
 411.0 0.000530500
 412.0 0.000626000
 413.0 0.000721500
 414.0 0.000817000
 415.0 0.000912500
 416.0 0.001008000
 417.0 0.001103500
 418.0 0.001199000
 419.0 0.001294500
 420.0 0.001390000
 421.0 0.001287800
 422.0 0.001185600
 423.0 0.001083400
 424.0 0.000981200
 425.0 0.000879000
 426.0 0.000776800
 427.0 0.000674600
 428.0 0.000572400
 429.0 0.000470200
 430.0 0.000368000
 431.0 0.000364700
 432.0 0.000361400
 433.0 0.000358100
 434.0 0.000354800
 435.0 0.000351500
 436.0 0.000348200
 437.0 0.000344900
 438.0 0.000341600
 439.0 0.000338300
 440.0 0.000335000
 441.0 0.000357100
 442.0 0.000379200
 443.0 0.000401300
 444.0 0.000423400
 445.0 0.000445500
 446.0 0.000467600
 447.0 0.000489700
 448.0 0.000511800
 449.0 0.000533900
 450.0 0.000556000
 451.0 0.000601400
 452.0 0.000646800
 453.0 0.000692200
 454.0 0.000737600
 455.0 0.000783000
 456.0 0.000828400
 457.0 0.000873800
 458.0 0.000919200
 459.0 0.000964600
 460.0 0.001010000
 461.0 0.001118000
 462.0 0.001226000
 463.0 0.001334000
 464.0 0.001442000
 465.0 0.001550000
 466.0 0.001658000
 467.0 0.001766000
 468.0 0.001874000
 469.0 0.001982000
 470.0 0.002090000
 471.0 0.002538640
 472.0 0.003471220
 473.0 0.004746400
 474.0 0.006490030
 475.0 0.008874190
 476.0 0.012134200
 477.0 0.016591800
 478.0 0.022686900
 479.0 0.031021100
 480.0 0.097229000
 481.0 0.234375000
 482.0 0.455994000
 483.0 0.715851000
 484.0 0.900208000
 485.0 0.960175000
 486.0 0.980667000
 487.0 0.988504000
 488.0 0.990639000
 489.0 1.000240000
 490.0 0.988785000
 491.0 0.913879000
 492.0 0.735992000
 493.0 0.457571000
 494.0 0.179565000
 495.0 0.039825400
 496.0 0.009796160
 497.0 0.007122440
 498.0 0.005178480
 499.0 0.003765090
 500.0 0.002737460
 501.0 0.001990310
 502.0 0.001447090
 503.0 0.001052120
 504.0 0.000764962
 505.0 0.000556177
 506.0 0.000404377
 507.0 0.000294008
 508.0 0.000213763
 509.0 0.000155419
 510.0 0.000113000
 511.0 0.000113400
 512.0 0.000113800
 513.0 0.000114200
 514.0 0.000114600
 515.0 0.000115000
 516.0 0.000115400
 517.0 0.000115800
 518.0 0.000116200
 519.0 0.000116600
 520.0 0.000117000
 521.0 0.000120200
 522.0 0.000123400
 523.0 0.000126600
 524.0 0.000129800
 525.0 0.000133000
 526.0 0.000136200
 527.0 0.000139400
 528.0 0.000142600
 529.0 0.000145800
 530.0 0.000149000
 531.0 0.000155000
 532.0 0.000161000
 533.0 0.000167000
 534.0 0.000173000
 535.0 0.000179000
 536.0 0.000185000
 537.0 0.000191000
 538.0 0.000197000
 539.0 0.000203000
 540.0 0.000209000
 541.0 0.000225100
 542.0 0.000241200
 543.0 0.000257300
 544.0 0.000273400
 545.0 0.000289500
 546.0 0.000305600
 547.0 0.000321700
 548.0 0.000337800
 549.0 0.000353900
 550.0 0.000370000
 551.0 0.000380800
 552.0 0.000391600
 553.0 0.000402400
 554.0 0.000413200
 555.0 0.000424000
 556.0 0.000434800
 557.0 0.000445600
 558.0 0.000456400
 559.0 0.000467200
 560.0 0.000478000
 561.0 0.000505700
 562.0 0.000533400
 563.0 0.000561100
 564.0 0.000588800
 565.0 0.000616500
 566.0 0.000644200
 567.0 0.000671900
 568.0 0.000699600
 569.0 0.000727300
 570.0 0.000755000
 571.0 0.000697300
 572.0 0.000639600
 573.0 0.000581900
 574.0 0.000524200
 575.0 0.000466500
 576.0 0.000408800
 577.0 0.000351100
 578.0 0.000293400
 579.0 0.000235700
 580.0 0.000178000
 581.0 0.000247800
 582.0 0.000317600
 583.0 0.000387400
 584.0 0.000457200
 585.0 0.000527000
 586.0 0.000596800
 587.0 0.000666600
 588.0 0.000736400
 589.0 0.000806200
 590.0 0.000876000
 591.0 0.000798070
 592.0 0.000720140
 593.0 0.000642210
 594.0 0.000564280
 595.0 0.000486350
 596.0 0.000408420
 597.0 0.000330490
 598.0 0.000252560
 599.0 0.000174630
 600.0 0.000096700
 601.0 0.000093530
 602.0 0.000090360
 603.0 0.000087190
 604.0 0.000084020
 605.0 0.000080850
 606.0 0.000077680
 607.0 0.000074510
 608.0 0.000071340
 609.0 0.000068170
 610.0 0.000065000
 611.0 0.000072600
 612.0 0.000080200
 613.0 0.000087800
 614.0 0.000095400
 615.0 0.000103000
 616.0 0.000110600
 617.0 0.000118200
 618.0 0.000125800
 619.0 0.000133400
 620.0 0.000141000
 621.0 0.000130070
 622.0 0.000119140
 623.0 0.000108210
 624.0 0.000097280
 625.0 0.000086350
 626.0 0.000075420
 627.0 0.000064490
 628.0 0.000053560
 629.0 0.000042630
 630.0 0.000031700
 631.0 0.000028636
 632.0 0.000025572
 633.0 0.000022508
 634.0 0.000019444
 635.0 0.000016380
 636.0 0.000013316
 637.0 0.000010252
 638.0 0.000007188
 639.0 0.000004124
 640.0 0.000001060
 641.0 0.000001535
 642.0 0.000002010
 643.0 0.000002485
 644.0 0.000002960
 645.0 0.000003435
 646.0 0.000003910
 647.0 0.000004385
 648.0 0.000004860
 649.0 0.000005335
 650.0 0.000005810
 651.0 0.000005705
 652.0 0.000005600
 653.0 0.000005495
 654.0 0.000005390
 655.0 0.000005285
 656.0 0.000005180
 657.0 0.000005075
 658.0 0.000004970
 659.0 0.000004865
 660.0 0.000004760
 661.0 0.000004443
 662.0 0.000004126
 663.0 0.000003809
 664.0 0.000003492
 665.0 0.000003175
 666.0 0.000002858
 667.0 0.000002541
 668.0 0.000002224
 669.0 0.000001907
 670.0 0.000001590
 671.0 0.000001907
 672.0 0.000002224
 673.0 0.000002541
 674.0 0.000002858
 675.0 0.000003175
 676.0 0.000003492
 677.0 0.000003809
 678.0 0.000004126
 679.0 0.000004443
 680.0 0.000004760
 681.0 0.000004443
 682.0 0.000004126
 683.0 0.000003809
 684.0 0.000003492
 685.0 0.000003175
 686.0 0.000002858
 687.0 0.000002541
 688.0 0.000002224
 689.0 0.000001907
 690.0 0.000001590
 691.0 0.000002491
 692.0 0.000003392
 693.0 0.000004293
 694.0 0.000005194
 695.0 0.000006095
 696.0 0.000006996
 697.0 0.000007897
 698.0 0.000008798
 699.0 0.000009699
 700.0 0.000010600
 701.0 0.000010202
 702.0 0.000009804
 703.0 0.000009406
 704.0 0.000009008
 705.0 0.000008610
 706.0 0.000008212
 707.0 0.000007814
 708.0 0.000007416
 709.0 0.000007018
 710.0 0.000006620
 711.0 0.000006222
 712.0 0.000005824
 713.0 0.000005426
 714.0 0.000005028
 715.0 0.000004630
 716.0 0.000004232
 717.0 0.000003834
 718.0 0.000003436
 719.0 0.000003038
 720.0 0.000002640
 721.0 0.000002535
 722.0 0.000002430
 723.0 0.000002325
 724.0 0.000002220
 725.0 0.000002115
 726.0 0.000002010
 727.0 0.000001905
 728.0 0.000001800
 729.0 0.000001695
 730.0 0.000001590
 731.0 0.000001642
 732.0 0.000001694
 733.0 0.000001746
 734.0 0.000001798
 735.0 0.000001850
 736.0 0.000001902
 737.0 0.000001954
 738.0 0.000002006
 739.0 0.000002058
 740.0 0.000002110
 741.0 0.000002745
 742.0 0.000003380
 743.0 0.000004015
 744.0 0.000004650
 745.0 0.000005285
 746.0 0.000005920
 747.0 0.000006555
 748.0 0.000007190
 749.0 0.000007825
 750.0 0.000008460
 751.0 0.000008195
 752.0 0.000007931
 753.0 0.000007667
 754.0 0.000007402
 755.0 0.000007137
 756.0 0.000006873
 757.0 0.000006609
 758.0 0.000006344
 759.0 0.000006079
 760.0 0.000005815
 761.0 0.000005550
 762.0 0.000005286
 763.0 0.000005022
 764.0 0.000004757
 765.0 0.000004492
 766.0 0.000004228
 767.0 0.000003964
 768.0 0.000003699
 769.0 0.000003434
 770.0 0.000003170
 771.0 0.000003249
 772.0 0.000003329
 773.0 0.000003409
 774.0 0.000003488
 775.0 0.000003568
 776.0 0.000003647
 777.0 0.000003726
 778.0 0.000003806
 779.0 0.000003886
 780.0 0.000003965
 781.0 0.000004044
 782.0 0.000004124
 783.0 0.000004203
 784.0 0.000004283
 785.0 0.000004363
 786.0 0.000004442
 787.0 0.000004521
 788.0 0.000004601
 789.0 0.000004681
 790.0 0.000004760
 791.0 0.000004760
 792.0 0.000004760
 793.0 0.000004760
 794.0 0.000004760
 795.0 0.000004760
 796.0 0.000004760
 797.0 0.000004760
 798.0 0.000004760
 799.0 0.000004760
 800.0 0.000004760
 801.0 0.000004839
 802.0 0.000004918
 803.0 0.000004997
 804.0 0.000005076
 805.0 0.000005155
 806.0 0.000005234
 807.0 0.000005313
 808.0 0.000005392
 809.0 0.000005471
 810.0 0.000005550
 811.0 0.000005629
 812.0 0.000005708
 813.0 0.000005787
 814.0 0.000005866
 815.0 0.000005945
 816.0 0.000006024
 817.0 0.000006103
 818.0 0.000006182
 819.0 0.000006261
 820.0 0.000006340
 821.0 0.000006271
 822.0 0.000006202
 823.0 0.000006133
 824.0 0.000006064
 825.0 0.000005995
 826.0 0.000005926
 827.0 0.000005857
 828.0 0.000005788
 829.0 0.000005719
 830.0 0.000005650
 831.0 0.000005581
 832.0 0.000005512
 833.0 0.000005443
 834.0 0.000005374
 835.0 0.000005305
 836.0 0.000005236
 837.0 0.000005167
 838.0 0.000005098
 839.0 0.000005029
 840.0 0.000004960
 841.0 0.000004992
 842.0 0.000005024
 843.0 0.000005056
 844.0 0.000005088
 845.0 0.000005120
 846.0 0.000005152
 847.0 0.000005184
 848.0 0.000005216
 849.0 0.000005248
 850.0 0.000005280
 851.0 0.000005912
 852.0 0.000006544
 853.0 0.000007176
 854.0 0.000007808
 855.0 0.000008440
 856.0 0.000009072
 857.0 0.000009704
 858.0 0.000010336
 859.0 0.000010968
 860.0 0.000011600
 861.0 0.000010546
 862.0 0.000009492
 863.0 0.000008438
 864.0 0.000007384
 865.0 0.000006330
 866.0 0.000005276
 867.0 0.000004222
 868.0 0.000003168
 869.0 0.000002114
 870.0 0.000001060
 871.0 0.000001271
 872.0 0.000001482
 873.0 0.000001693
 874.0 0.000001904
 875.0 0.000002115
 876.0 0.000002326
 877.0 0.000002537
 878.0 0.000002748
 879.0 0.000002959
 880.0 0.000003170
 881.0 0.000003381
 882.0 0.000003592
 883.0 0.000003803
 884.0 0.000004014
 885.0 0.000004225
 886.0 0.000004436
 887.0 0.000004647
 888.0 0.000004858
 889.0 0.000005069
 890.0 0.000005280
 891.0 0.000004911
 892.0 0.000004542
 893.0 0.000004173
 894.0 0.000003804
 895.0 0.000003435
 896.0 0.000003066
 897.0 0.000002697
 898.0 0.000002328
 899.0 0.000001959
 900.0 0.000001590
 901.0 0.000001695
 902.0 0.000001800
 903.0 0.000001905
 904.0 0.000002010
 905.0 0.000002115
 906.0 0.000002220
 907.0 0.000002325
 908.0 0.000002430
 909.0 0.000002535
 910.0 0.000002640
 911.0 0.000002640
 912.0 0.000002640
 913.0 0.000002640
 914.0 0.000002640
 915.0 0.000002640
 916.0 0.000002640
 917.0 0.000002640
 918.0 0.000002640
 919.0 0.000002640
 920.0 0.000002640
 921.0 0.000002852
 922.0 0.000003064
 923.0 0.000003276
 924.0 0.000003488
 925.0 0.000003700
 926.0 0.000003912
 927.0 0.000004124
 928.0 0.000004336
 929.0 0.000004548
 930.0 0.000004760
 931.0 0.000004812
 932.0 0.000004864
 933.0 0.000004916
 934.0 0.000004968
 935.0 0.000005020
 936.0 0.000005072
 937.0 0.000005124
 938.0 0.000005176
 939.0 0.000005228
 940.0 0.000005280
 941.0 0.000005228
 942.0 0.000005175
 943.0 0.000005122
 944.0 0.000005070
 945.0 0.000005017
 946.0 0.000004965
 947.0 0.000004912
 948.0 0.000004860
 949.0 0.000004808
 950.0 0.000004755
 951.0 0.000004703
 952.0 0.000004650
 953.0 0.000004597
 954.0 0.000004545
 955.0 0.000004492
 956.0 0.000004440
 957.0 0.000004387
 958.0 0.000004335
 959.0 0.000004283
 960.0 0.000004230
 961.0 0.000004071
 962.0 0.000003912
 963.0 0.000003753
 964.0 0.000003594
 965.0 0.000003435
 966.0 0.000003276
 967.0 0.000003117
 968.0 0.000002958
 969.0 0.000002799
 970.0 0.000002640
 971.0 0.000002587
 972.0 0.000002534
 973.0 0.000002481
 974.0 0.000002428
 975.0 0.000002375
 976.0 0.000002322
 977.0 0.000002269
 978.0 0.000002216
 979.0 0.000002163
 980.0 0.000002110
 981.0 0.000002480
 982.0 0.000002850
 983.0 0.000003220
 984.0 0.000003590
 985.0 0.000003960
 986.0 0.000004330
 987.0 0.000004700
 988.0 0.000005070
 989.0 0.000005440
 990.0 0.000005810
 991.0 0.000005335
 992.0 0.000004860
 993.0 0.000004385
 994.0 0.000003910
 995.0 0.000003435
 996.0 0.000002960
 997.0 0.000002485
 998.0 0.000002010
 999.0 0.000001535
1000.0 0.000001060
1001.0 0.000001060
1002.0 0.000001060
1003.0 0.000001060
1004.0 0.000001060
1005.0 0.000001060
1006.0 0.000001060
1007.0 0.000001060
1008.0 0.000001060
1009.0 0.000001060
1010.0 0.000001060
1011.0 0.000001747
1012.0 0.000002434
1013.0 0.000003121
1014.0 0.000003808
1015.0 0.000004495
1016.0 0.000005182
1017.0 0.000005869
1018.0 0.000006556
1019.0 0.000007243
1020.0 0.000007930
1021.0 0.000007930
1022.0 0.000007930
1023.0 0.000007930
1024.0 0.000007930
1025.0 0.000007930
1026.0 0.000007930
1027.0 0.000007930
1028.0 0.000007930
1029.0 0.000007930
1030.0 0.000007930
1031.0 0.000007930
1032.0 0.000007930
1033.0 0.000007930
1034.0 0.000007930
1035.0 0.000007930
1036.0 0.000007930
1037.0 0.000007930
1038.0 0.000007930
1039.0 0.000007930
1040.0 0.000007930
1041.0 0.000007560
1042.0 0.000007190
1043.0 0.000006820
1044.0 0.000006450
1045.0 0.000006080
1046.0 0.000005710
1047.0 0.000005340
1048.0 0.000004970
1049.0 0.000004600
1050.0 0.000004230
1051.0 0.000004177
1052.0 0.000004124
1053.0 0.000004071
1054.0 0.000004018
1055.0 0.000003965
1056.0 0.000003912
1057.0 0.000003859
1058.0 0.000003806
1059.0 0.000003753
1060.0 0.000003700
1061.0 0.000003858
1062.0 0.000004016
1063.0 0.000004174
1064.0 0.000004332
1065.0 0.000004490
1066.0 0.000004648
1067.0 0.000004806
1068.0 0.000004964
1069.0 0.000005122
1070.0 0.000005280
1071.0 0.000005095
1072.0 0.000004911
1073.0 0.000004727
1074.0 0.000004542
1075.0 0.000004358
1076.0 0.000004173
1077.0 0.000003989
1078.0 0.000003804
1079.0 0.000003619
1080.0 0.000003435
1081.0 0.000003251
1082.0 0.000003066
1083.0 0.000002881
1084.0 0.000002697
1085.0 0.000002513
1086.0 0.000002328
1087.0 0.000002143
1088.0 0.000001959
1089.0 0.000001774
1090.0 0.000001590
1091.0 0.000001590
1092.0 0.000001590
1093.0 0.000001590
1094.0 0.000001590
1095.0 0.000001590
1096.0 0.000001590
1097.0 0.000001590
1098.0 0.000001590
1099.0 0.000001590
1100.0 0.000001590
