721 TERMOD:Band16
 380.0 0.000004760
 381.0 0.000004760
 382.0 0.000004760
 383.0 0.000004760
 384.0 0.000004760
 385.0 0.000004760
 386.0 0.000004760
 387.0 0.000004760
 388.0 0.000004760
 389.0 0.000004760
 390.0 0.000004760
 391.0 0.000004443
 392.0 0.000004126
 393.0 0.000003809
 394.0 0.000003492
 395.0 0.000003175
 396.0 0.000002858
 397.0 0.000002541
 398.0 0.000002224
 399.0 0.000001907
 400.0 0.000001590
 401.0 0.000001748
 402.0 0.000001906
 403.0 0.000002064
 404.0 0.000002222
 405.0 0.000002380
 406.0 0.000002538
 407.0 0.000002696
 408.0 0.000002854
 409.0 0.000003012
 410.0 0.000003170
 411.0 0.000003170
 412.0 0.000003170
 413.0 0.000003170
 414.0 0.000003170
 415.0 0.000003170
 416.0 0.000003170
 417.0 0.000003170
 418.0 0.000003170
 419.0 0.000003170
 420.0 0.000003170
 421.0 0.000003488
 422.0 0.000003806
 423.0 0.000004124
 424.0 0.000004442
 425.0 0.000004760
 426.0 0.000005078
 427.0 0.000005396
 428.0 0.000005714
 429.0 0.000006032
 430.0 0.000006350
 431.0 0.000006191
 432.0 0.000006032
 433.0 0.000005873
 434.0 0.000005714
 435.0 0.000005555
 436.0 0.000005396
 437.0 0.000005237
 438.0 0.000005078
 439.0 0.000004919
 440.0 0.000004760
 441.0 0.000005394
 442.0 0.000006028
 443.0 0.000006662
 444.0 0.000007296
 445.0 0.000007930
 446.0 0.000008564
 447.0 0.000009198
 448.0 0.000009832
 449.0 0.000010466
 450.0 0.000011100
 451.0 0.000010228
 452.0 0.000009356
 453.0 0.000008484
 454.0 0.000007612
 455.0 0.000006740
 456.0 0.000005868
 457.0 0.000004996
 458.0 0.000004124
 459.0 0.000003252
 460.0 0.000002380
 461.0 0.000002698
 462.0 0.000003015
 463.0 0.000003332
 464.0 0.000003650
 465.0 0.000003967
 466.0 0.000004285
 467.0 0.000004603
 468.0 0.000004920
 469.0 0.000005238
 470.0 0.000005555
 471.0 0.000005873
 472.0 0.000006190
 473.0 0.000006507
 474.0 0.000006825
 475.0 0.000007142
 476.0 0.000007460
 477.0 0.000007777
 478.0 0.000008095
 479.0 0.000008412
 480.0 0.000008730
 481.0 0.000008452
 482.0 0.000008174
 483.0 0.000007896
 484.0 0.000007618
 485.0 0.000007340
 486.0 0.000007062
 487.0 0.000006784
 488.0 0.000006506
 489.0 0.000006228
 490.0 0.000005950
 491.0 0.000005672
 492.0 0.000005394
 493.0 0.000005116
 494.0 0.000004838
 495.0 0.000004560
 496.0 0.000004282
 497.0 0.000004004
 498.0 0.000003726
 499.0 0.000003448
 500.0 0.000003170
 501.0 0.000003012
 502.0 0.000002854
 503.0 0.000002696
 504.0 0.000002538
 505.0 0.000002380
 506.0 0.000002222
 507.0 0.000002064
 508.0 0.000001906
 509.0 0.000001748
 510.0 0.000001590
 511.0 0.000001709
 512.0 0.000001828
 513.0 0.000001947
 514.0 0.000002066
 515.0 0.000002185
 516.0 0.000002304
 517.0 0.000002423
 518.0 0.000002542
 519.0 0.000002661
 520.0 0.000002780
 521.0 0.000002899
 522.0 0.000003018
 523.0 0.000003137
 524.0 0.000003256
 525.0 0.000003375
 526.0 0.000003494
 527.0 0.000003613
 528.0 0.000003732
 529.0 0.000003851
 530.0 0.000003970
 531.0 0.000003970
 532.0 0.000003970
 533.0 0.000003970
 534.0 0.000003970
 535.0 0.000003970
 536.0 0.000003970
 537.0 0.000003970
 538.0 0.000003970
 539.0 0.000003970
 540.0 0.000003970
 541.0 0.000003891
 542.0 0.000003811
 543.0 0.000003732
 544.0 0.000003652
 545.0 0.000003573
 546.0 0.000003493
 547.0 0.000003414
 548.0 0.000003334
 549.0 0.000003254
 550.0 0.000003175
 551.0 0.000003095
 552.0 0.000003016
 553.0 0.000002937
 554.0 0.000002857
 555.0 0.000002778
 556.0 0.000002698
 557.0 0.000002619
 558.0 0.000002539
 559.0 0.000002459
 560.0 0.000002380
 561.0 0.000002473
 562.0 0.000002566
 563.0 0.000002659
 564.0 0.000002752
 565.0 0.000002845
 566.0 0.000002938
 567.0 0.000003031
 568.0 0.000003124
 569.0 0.000003217
 570.0 0.000003310
 571.0 0.000003772
 572.0 0.000004234
 573.0 0.000004696
 574.0 0.000005158
 575.0 0.000005620
 576.0 0.000006082
 577.0 0.000006544
 578.0 0.000007006
 579.0 0.000007468
 580.0 0.000007930
 581.0 0.000009997
 582.0 0.000012064
 583.0 0.000014131
 584.0 0.000016198
 585.0 0.000018265
 586.0 0.000020332
 587.0 0.000022399
 588.0 0.000024466
 589.0 0.000026533
 590.0 0.000028600
 591.0 0.000030340
 592.0 0.000032080
 593.0 0.000033820
 594.0 0.000035560
 595.0 0.000037300
 596.0 0.000039040
 597.0 0.000040780
 598.0 0.000042520
 599.0 0.000044260
 600.0 0.000046000
 601.0 0.000053100
 602.0 0.000060200
 603.0 0.000067300
 604.0 0.000074400
 605.0 0.000081500
 606.0 0.000088600
 607.0 0.000095700
 608.0 0.000102800
 609.0 0.000109900
 610.0 0.000117000
 611.0 0.000110620
 612.0 0.000104240
 613.0 0.000097860
 614.0 0.000091480
 615.0 0.000085100
 616.0 0.000078720
 617.0 0.000072340
 618.0 0.000065960
 619.0 0.000059580
 620.0 0.000053200
 621.0 0.000053350
 622.0 0.000053500
 623.0 0.000053650
 624.0 0.000053800
 625.0 0.000053950
 626.0 0.000054100
 627.0 0.000054250
 628.0 0.000054400
 629.0 0.000054550
 630.0 0.000054700
 631.0 0.000056770
 632.0 0.000058840
 633.0 0.000060910
 634.0 0.000062980
 635.0 0.000065050
 636.0 0.000067120
 637.0 0.000069190
 638.0 0.000071260
 639.0 0.000073330
 640.0 0.000075400
 641.0 0.000076980
 642.0 0.000078560
 643.0 0.000080140
 644.0 0.000081720
 645.0 0.000083300
 646.0 0.000084880
 647.0 0.000086460
 648.0 0.000088040
 649.0 0.000089620
 650.0 0.000091200
 651.0 0.000089140
 652.0 0.000087080
 653.0 0.000085020
 654.0 0.000082960
 655.0 0.000080900
 656.0 0.000078840
 657.0 0.000076780
 658.0 0.000074720
 659.0 0.000072660
 660.0 0.000070600
 661.0 0.000070120
 662.0 0.000069640
 663.0 0.000069160
 664.0 0.000068680
 665.0 0.000068200
 666.0 0.000067720
 667.0 0.000067240
 668.0 0.000066760
 669.0 0.000066280
 670.0 0.000065800
 671.0 0.000065730
 672.0 0.000065660
 673.0 0.000065590
 674.0 0.000065520
 675.0 0.000065450
 676.0 0.000065380
 677.0 0.000065310
 678.0 0.000065240
 679.0 0.000065170
 680.0 0.000065100
 681.0 0.000063910
 682.0 0.000062720
 683.0 0.000061530
 684.0 0.000060340
 685.0 0.000059150
 686.0 0.000057960
 687.0 0.000056770
 688.0 0.000055580
 689.0 0.000054390
 690.0 0.000053200
 691.0 0.000052320
 692.0 0.000051440
 693.0 0.000050560
 694.0 0.000049680
 695.0 0.000048800
 696.0 0.000047920
 697.0 0.000047040
 698.0 0.000046160
 699.0 0.000045280
 700.0 0.000044400
 701.0 0.000045040
 702.0 0.000045680
 703.0 0.000046320
 704.0 0.000046960
 705.0 0.000047600
 706.0 0.000048240
 707.0 0.000048880
 708.0 0.000049520
 709.0 0.000050160
 710.0 0.000050800
 711.0 0.000047780
 712.0 0.000044760
 713.0 0.000041740
 714.0 0.000038720
 715.0 0.000035700
 716.0 0.000032680
 717.0 0.000029660
 718.0 0.000026640
 719.0 0.000023620
 720.0 0.000020600
 721.0 0.000028740
 722.0 0.000036880
 723.0 0.000045020
 724.0 0.000053160
 725.0 0.000061300
 726.0 0.000069440
 727.0 0.000077580
 728.0 0.000085720
 729.0 0.000093860
 730.0 0.000102000
 731.0 0.000119300
 732.0 0.000136600
 733.0 0.000153900
 734.0 0.000171200
 735.0 0.000188500
 736.0 0.000205800
 737.0 0.000223100
 738.0 0.000240400
 739.0 0.000257700
 740.0 0.000275000
 741.0 0.000339300
 742.0 0.000403600
 743.0 0.000467900
 744.0 0.000532200
 745.0 0.000596500
 746.0 0.000660800
 747.0 0.000725100
 748.0 0.000789400
 749.0 0.000853700
 750.0 0.000918000
 751.0 0.000887700
 752.0 0.000857400
 753.0 0.000827100
 754.0 0.000796800
 755.0 0.000766500
 756.0 0.000736200
 757.0 0.000705900
 758.0 0.000675600
 759.0 0.000645300
 760.0 0.000615000
 761.0 0.000581300
 762.0 0.000547600
 763.0 0.000513900
 764.0 0.000480200
 765.0 0.000446500
 766.0 0.000412800
 767.0 0.000379100
 768.0 0.000345400
 769.0 0.000311700
 770.0 0.000278000
 771.0 0.000273700
 772.0 0.000269400
 773.0 0.000265100
 774.0 0.000260800
 775.0 0.000256500
 776.0 0.000252200
 777.0 0.000247900
 778.0 0.000243600
 779.0 0.000239300
 780.0 0.000235000
 781.0 0.000230900
 782.0 0.000226800
 783.0 0.000222700
 784.0 0.000218600
 785.0 0.000214500
 786.0 0.000210400
 787.0 0.000206300
 788.0 0.000202200
 789.0 0.000198100
 790.0 0.000194000
 791.0 0.000189900
 792.0 0.000185800
 793.0 0.000181700
 794.0 0.000177600
 795.0 0.000173500
 796.0 0.000169400
 797.0 0.000165300
 798.0 0.000161200
 799.0 0.000157100
 800.0 0.000153000
 801.0 0.000155000
 802.0 0.000157000
 803.0 0.000159000
 804.0 0.000161000
 805.0 0.000163000
 806.0 0.000165000
 807.0 0.000167000
 808.0 0.000169000
 809.0 0.000171000
 810.0 0.000173000
 811.0 0.000175600
 812.0 0.000178200
 813.0 0.000180800
 814.0 0.000183400
 815.0 0.000186000
 816.0 0.000188600
 817.0 0.000191200
 818.0 0.000193800
 819.0 0.000196400
 820.0 0.000199000
 821.0 0.000205800
 822.0 0.000212600
 823.0 0.000219400
 824.0 0.000226200
 825.0 0.000233000
 826.0 0.000239800
 827.0 0.000246600
 828.0 0.000253400
 829.0 0.000260200
 830.0 0.000267000
 831.0 0.000292600
 832.0 0.000318200
 833.0 0.000343800
 834.0 0.000369400
 835.0 0.000395000
 836.0 0.000420600
 837.0 0.000446200
 838.0 0.000471800
 839.0 0.000497400
 840.0 0.000523000
 841.0 0.000711147
 842.0 0.000926408
 843.0 0.001206830
 844.0 0.001572130
 845.0 0.002048010
 846.0 0.002667930
 847.0 0.003475500
 848.0 0.004527520
 849.0 0.005897980
 850.0 0.007683270
 851.0 0.010009000
 852.0 0.013038600
 853.0 0.024139400
 854.0 0.045593300
 855.0 0.083633400
 856.0 0.142456000
 857.0 0.228058000
 858.0 0.336670000
 859.0 0.463730000
 860.0 0.597706000
 861.0 0.726395000
 862.0 0.835876000
 863.0 0.923218000
 864.0 0.976196000
 865.0 0.999420000
 866.0 0.998882000
 867.0 0.983208000
 868.0 0.970200000
 869.0 0.961159000
 870.0 0.945038000
 871.0 0.892395000
 872.0 0.809532000
 873.0 0.709702000
 874.0 0.600418000
 875.0 0.479187000
 876.0 0.340899000
 877.0 0.198547000
 878.0 0.097900400
 879.0 0.047653200
 880.0 0.027549700
 881.0 0.017192800
 882.0 0.011314400
 883.0 0.008429200
 884.0 0.006309660
 885.0 0.004723080
 886.0 0.003535450
 887.0 0.002646450
 888.0 0.001981000
 889.0 0.001482870
 890.0 0.001110000
 891.0 0.001020500
 892.0 0.000931000
 893.0 0.000841500
 894.0 0.000752000
 895.0 0.000662500
 896.0 0.000573000
 897.0 0.000483500
 898.0 0.000394000
 899.0 0.000304500
 900.0 0.000215000
 901.0 0.000204100
 902.0 0.000193200
 903.0 0.000182300
 904.0 0.000171400
 905.0 0.000160500
 906.0 0.000149600
 907.0 0.000138700
 908.0 0.000127800
 909.0 0.000116900
 910.0 0.000106000
 911.0 0.000102540
 912.0 0.000099080
 913.0 0.000095620
 914.0 0.000092160
 915.0 0.000088700
 916.0 0.000085240
 917.0 0.000081780
 918.0 0.000078320
 919.0 0.000074860
 920.0 0.000071400
 921.0 0.000072190
 922.0 0.000072980
 923.0 0.000073770
 924.0 0.000074560
 925.0 0.000075350
 926.0 0.000076140
 927.0 0.000076930
 928.0 0.000077720
 929.0 0.000078510
 930.0 0.000079300
 931.0 0.000075420
 932.0 0.000071540
 933.0 0.000067660
 934.0 0.000063780
 935.0 0.000059900
 936.0 0.000056020
 937.0 0.000052140
 938.0 0.000048260
 939.0 0.000044380
 940.0 0.000040500
 941.0 0.000048150
 942.0 0.000055800
 943.0 0.000063450
 944.0 0.000071100
 945.0 0.000078750
 946.0 0.000086400
 947.0 0.000094050
 948.0 0.000101700
 949.0 0.000109350
 950.0 0.000117000
 951.0 0.000115400
 952.0 0.000113800
 953.0 0.000112200
 954.0 0.000110600
 955.0 0.000109000
 956.0 0.000107400
 957.0 0.000105800
 958.0 0.000104200
 959.0 0.000102600
 960.0 0.000101000
 961.0 0.000113500
 962.0 0.000126000
 963.0 0.000138500
 964.0 0.000151000
 965.0 0.000163500
 966.0 0.000176000
 967.0 0.000188500
 968.0 0.000201000
 969.0 0.000213500
 970.0 0.000226000
 971.0 0.000235200
 972.0 0.000244400
 973.0 0.000253600
 974.0 0.000262800
 975.0 0.000272000
 976.0 0.000281200
 977.0 0.000290400
 978.0 0.000299600
 979.0 0.000308800
 980.0 0.000318000
 981.0 0.000304500
 982.0 0.000291000
 983.0 0.000277500
 984.0 0.000264000
 985.0 0.000250500
 986.0 0.000237000
 987.0 0.000223500
 988.0 0.000210000
 989.0 0.000196500
 990.0 0.000183000
 991.0 0.000180400
 992.0 0.000177800
 993.0 0.000175200
 994.0 0.000172600
 995.0 0.000170000
 996.0 0.000167400
 997.0 0.000164800
 998.0 0.000162200
 999.0 0.000159600
1000.0 0.000157000
1001.0 0.000160200
1002.0 0.000163400
1003.0 0.000166600
1004.0 0.000169800
1005.0 0.000173000
1006.0 0.000176200
1007.0 0.000179400
1008.0 0.000182600
1009.0 0.000185800
1010.0 0.000189000
1011.0 0.000208700
1012.0 0.000228400
1013.0 0.000248100
1014.0 0.000267800
1015.0 0.000287500
1016.0 0.000307200
1017.0 0.000326900
1018.0 0.000346600
1019.0 0.000366300
1020.0 0.000386000
1021.0 0.000367100
1022.0 0.000348200
1023.0 0.000329300
1024.0 0.000310400
1025.0 0.000291500
1026.0 0.000272600
1027.0 0.000253700
1028.0 0.000234800
1029.0 0.000215900
1030.0 0.000197000
1031.0 0.000212300
1032.0 0.000227600
1033.0 0.000242900
1034.0 0.000258200
1035.0 0.000273500
1036.0 0.000288800
1037.0 0.000304100
1038.0 0.000319400
1039.0 0.000334700
1040.0 0.000350000
1041.0 0.000335900
1042.0 0.000321800
1043.0 0.000307700
1044.0 0.000293600
1045.0 0.000279500
1046.0 0.000265400
1047.0 0.000251300
1048.0 0.000237200
1049.0 0.000223100
1050.0 0.000209000
1051.0 0.000203200
1052.0 0.000197400
1053.0 0.000191600
1054.0 0.000185800
1055.0 0.000180000
1056.0 0.000174200
1057.0 0.000168400
1058.0 0.000162600
1059.0 0.000156800
1060.0 0.000151000
1061.0 0.000147600
1062.0 0.000144200
1063.0 0.000140800
1064.0 0.000137400
1065.0 0.000134000
1066.0 0.000130600
1067.0 0.000127200
1068.0 0.000123800
1069.0 0.000120400
1070.0 0.000117000
1071.0 0.000123900
1072.0 0.000130800
1073.0 0.000137700
1074.0 0.000144600
1075.0 0.000151500
1076.0 0.000158400
1077.0 0.000165300
1078.0 0.000172200
1079.0 0.000179100
1080.0 0.000186000
1081.0 0.000197500
1082.0 0.000209000
1083.0 0.000220500
1084.0 0.000232000
1085.0 0.000243500
1086.0 0.000255000
1087.0 0.000266500
1088.0 0.000278000
1089.0 0.000289500
1090.0 0.000301000
1091.0 0.000282600
1092.0 0.000264200
1093.0 0.000245800
1094.0 0.000227400
1095.0 0.000209000
1096.0 0.000190600
1097.0 0.000172200
1098.0 0.000153800
1099.0 0.000135400
1100.0 0.000117000
