721 TERMOD:Band14
 380.0 0.000003390
 381.0 0.000003366
 382.0 0.000003341
 383.0 0.000003317
 384.0 0.000003293
 385.0 0.000003268
 386.0 0.000003244
 387.0 0.000003220
 388.0 0.000003195
 389.0 0.000003171
 390.0 0.000003147
 391.0 0.000003122
 392.0 0.000003098
 393.0 0.000003074
 394.0 0.000003049
 395.0 0.000003025
 396.0 0.000003001
 397.0 0.000002976
 398.0 0.000002952
 399.0 0.000002928
 400.0 0.000002903
 401.0 0.000002879
 402.0 0.000002855
 403.0 0.000002830
 404.0 0.000002806
 405.0 0.000002782
 406.0 0.000002757
 407.0 0.000002733
 408.0 0.000002709
 409.0 0.000002684
 410.0 0.000002660
 411.0 0.000002587
 412.0 0.000002515
 413.0 0.000002442
 414.0 0.000002370
 415.0 0.000002298
 416.0 0.000002225
 417.0 0.000002153
 418.0 0.000002080
 419.0 0.000002007
 420.0 0.000001935
 421.0 0.000001862
 422.0 0.000001790
 423.0 0.000001718
 424.0 0.000001645
 425.0 0.000001572
 426.0 0.000001500
 427.0 0.000001428
 428.0 0.000001355
 429.0 0.000001283
 430.0 0.000001210
 431.0 0.000001220
 432.0 0.000001231
 433.0 0.000001241
 434.0 0.000001252
 435.0 0.000001262
 436.0 0.000001273
 437.0 0.000001283
 438.0 0.000001293
 439.0 0.000001304
 440.0 0.000001314
 441.0 0.000001325
 442.0 0.000001335
 443.0 0.000001346
 444.0 0.000001356
 445.0 0.000001366
 446.0 0.000001377
 447.0 0.000001387
 448.0 0.000001398
 449.0 0.000001408
 450.0 0.000001419
 451.0 0.000001429
 452.0 0.000001439
 453.0 0.000001450
 454.0 0.000001460
 455.0 0.000001471
 456.0 0.000001481
 457.0 0.000001492
 458.0 0.000001502
 459.0 0.000001512
 460.0 0.000001523
 461.0 0.000001533
 462.0 0.000001544
 463.0 0.000001554
 464.0 0.000001565
 465.0 0.000001575
 466.0 0.000001585
 467.0 0.000001596
 468.0 0.000001606
 469.0 0.000001617
 470.0 0.000001627
 471.0 0.000001638
 472.0 0.000001648
 473.0 0.000001658
 474.0 0.000001669
 475.0 0.000001679
 476.0 0.000001690
 477.0 0.000001700
 478.0 0.000001711
 479.0 0.000001721
 480.0 0.000001731
 481.0 0.000001742
 482.0 0.000001752
 483.0 0.000001763
 484.0 0.000001773
 485.0 0.000001784
 486.0 0.000001794
 487.0 0.000001804
 488.0 0.000001815
 489.0 0.000001825
 490.0 0.000001836
 491.0 0.000001846
 492.0 0.000001857
 493.0 0.000001867
 494.0 0.000001877
 495.0 0.000001888
 496.0 0.000001898
 497.0 0.000001909
 498.0 0.000001919
 499.0 0.000001930
 500.0 0.000001940
 501.0 0.000001982
 502.0 0.000002024
 503.0 0.000002067
 504.0 0.000002109
 505.0 0.000002151
 506.0 0.000002193
 507.0 0.000002236
 508.0 0.000002278
 509.0 0.000002320
 510.0 0.000002362
 511.0 0.000002405
 512.0 0.000002447
 513.0 0.000002489
 514.0 0.000002531
 515.0 0.000002574
 516.0 0.000002616
 517.0 0.000002658
 518.0 0.000002700
 519.0 0.000002743
 520.0 0.000002785
 521.0 0.000002827
 522.0 0.000002869
 523.0 0.000002912
 524.0 0.000002954
 525.0 0.000002996
 526.0 0.000003038
 527.0 0.000003081
 528.0 0.000003123
 529.0 0.000003165
 530.0 0.000003208
 531.0 0.000003250
 532.0 0.000003292
 533.0 0.000003334
 534.0 0.000003377
 535.0 0.000003419
 536.0 0.000003461
 537.0 0.000003503
 538.0 0.000003546
 539.0 0.000003588
 540.0 0.000003630
 541.0 0.000003533
 542.0 0.000003436
 543.0 0.000003339
 544.0 0.000003242
 545.0 0.000003145
 546.0 0.000003048
 547.0 0.000002951
 548.0 0.000002854
 549.0 0.000002757
 550.0 0.000002660
 551.0 0.000002563
 552.0 0.000002466
 553.0 0.000002369
 554.0 0.000002272
 555.0 0.000002175
 556.0 0.000002078
 557.0 0.000001981
 558.0 0.000001884
 559.0 0.000001787
 560.0 0.000001690
 561.0 0.000001622
 562.0 0.000001554
 563.0 0.000001486
 564.0 0.000001418
 565.0 0.000001350
 566.0 0.000001282
 567.0 0.000001214
 568.0 0.000001146
 569.0 0.000001078
 570.0 0.000001010
 571.0 0.000001103
 572.0 0.000001196
 573.0 0.000001289
 574.0 0.000001382
 575.0 0.000001475
 576.0 0.000001568
 577.0 0.000001661
 578.0 0.000001754
 579.0 0.000001847
 580.0 0.000001940
 581.0 0.000003006
 582.0 0.000004072
 583.0 0.000005138
 584.0 0.000006204
 585.0 0.000007270
 586.0 0.000008336
 587.0 0.000009402
 588.0 0.000010468
 589.0 0.000011534
 590.0 0.000012600
 591.0 0.000014940
 592.0 0.000017280
 593.0 0.000019620
 594.0 0.000021960
 595.0 0.000024300
 596.0 0.000026640
 597.0 0.000028980
 598.0 0.000031320
 599.0 0.000033660
 600.0 0.000036000
 601.0 0.000060000
 602.0 0.000084000
 603.0 0.000108000
 604.0 0.000132000
 605.0 0.000156000
 606.0 0.000180000
 607.0 0.000204000
 608.0 0.000228000
 609.0 0.000252000
 610.0 0.000276000
 611.0 0.000287900
 612.0 0.000299800
 613.0 0.000311700
 614.0 0.000323600
 615.0 0.000335500
 616.0 0.000347400
 617.0 0.000359300
 618.0 0.000371200
 619.0 0.000383100
 620.0 0.000395000
 621.0 0.000402400
 622.0 0.000409800
 623.0 0.000417200
 624.0 0.000424600
 625.0 0.000432000
 626.0 0.000439400
 627.0 0.000446800
 628.0 0.000454200
 629.0 0.000461600
 630.0 0.000469000
 631.0 0.000472800
 632.0 0.000476600
 633.0 0.000480400
 634.0 0.000484200
 635.0 0.000488000
 636.0 0.000491800
 637.0 0.000495600
 638.0 0.000499400
 639.0 0.000503200
 640.0 0.000507000
 641.0 0.000519300
 642.0 0.000531600
 643.0 0.000543900
 644.0 0.000556200
 645.0 0.000568500
 646.0 0.000580800
 647.0 0.000593100
 648.0 0.000605400
 649.0 0.000617700
 650.0 0.000630000
 651.0 0.000739000
 652.0 0.000848000
 653.0 0.000957000
 654.0 0.001066000
 655.0 0.001175000
 656.0 0.001284000
 657.0 0.001393000
 658.0 0.001502000
 659.0 0.001611000
 660.0 0.001720000
 661.0 0.002339800
 662.0 0.003213880
 663.0 0.004414500
 664.0 0.006063640
 665.0 0.008328850
 666.0 0.011440300
 667.0 0.022827100
 668.0 0.045608500
 669.0 0.093719500
 670.0 0.187454000
 671.0 0.333618000
 672.0 0.503548000
 673.0 0.668190000
 674.0 0.817223000
 675.0 0.933655000
 676.0 0.991943000
 677.0 0.998352000
 678.0 0.984189000
 679.0 0.964029000
 680.0 0.933289000
 681.0 0.838852000
 682.0 0.701300000
 683.0 0.554499000
 684.0 0.399170000
 685.0 0.228638000
 686.0 0.094268800
 687.0 0.035903900
 688.0 0.015514400
 689.0 0.011750000
 690.0 0.008694740
 691.0 0.006433910
 692.0 0.004760950
 693.0 0.003523000
 694.0 0.002606940
 695.0 0.001929080
 696.0 0.001427480
 697.0 0.001056300
 698.0 0.000781639
 699.0 0.000578395
 700.0 0.000428000
 701.0 0.000391490
 702.0 0.000354980
 703.0 0.000318470
 704.0 0.000281960
 705.0 0.000245450
 706.0 0.000208940
 707.0 0.000172430
 708.0 0.000135920
 709.0 0.000099410
 710.0 0.000062900
 711.0 0.000061230
 712.0 0.000059560
 713.0 0.000057890
 714.0 0.000056220
 715.0 0.000054550
 716.0 0.000052880
 717.0 0.000051210
 718.0 0.000049540
 719.0 0.000047870
 720.0 0.000046200
 721.0 0.000046350
 722.0 0.000046500
 723.0 0.000046650
 724.0 0.000046800
 725.0 0.000046950
 726.0 0.000047100
 727.0 0.000047250
 728.0 0.000047400
 729.0 0.000047550
 730.0 0.000047700
 731.0 0.000055030
 732.0 0.000062360
 733.0 0.000069690
 734.0 0.000077020
 735.0 0.000084350
 736.0 0.000091680
 737.0 0.000099010
 738.0 0.000106340
 739.0 0.000113670
 740.0 0.000121000
 741.0 0.000126200
 742.0 0.000131400
 743.0 0.000136600
 744.0 0.000141800
 745.0 0.000147000
 746.0 0.000152200
 747.0 0.000157400
 748.0 0.000162600
 749.0 0.000167800
 750.0 0.000173000
 751.0 0.000176100
 752.0 0.000179200
 753.0 0.000182300
 754.0 0.000185400
 755.0 0.000188500
 756.0 0.000191600
 757.0 0.000194700
 758.0 0.000197800
 759.0 0.000200900
 760.0 0.000204000
 761.0 0.000199400
 762.0 0.000194800
 763.0 0.000190200
 764.0 0.000185600
 765.0 0.000181000
 766.0 0.000176400
 767.0 0.000171800
 768.0 0.000167200
 769.0 0.000162600
 770.0 0.000158000
 771.0 0.000156600
 772.0 0.000155200
 773.0 0.000153800
 774.0 0.000152400
 775.0 0.000151000
 776.0 0.000149600
 777.0 0.000148200
 778.0 0.000146800
 779.0 0.000145400
 780.0 0.000144000
 781.0 0.000147000
 782.0 0.000150000
 783.0 0.000153000
 784.0 0.000156000
 785.0 0.000159000
 786.0 0.000162000
 787.0 0.000165000
 788.0 0.000168000
 789.0 0.000171000
 790.0 0.000174000
 791.0 0.000176800
 792.0 0.000179600
 793.0 0.000182400
 794.0 0.000185200
 795.0 0.000188000
 796.0 0.000190800
 797.0 0.000193600
 798.0 0.000196400
 799.0 0.000199200
 800.0 0.000202000
 801.0 0.000200200
 802.0 0.000198400
 803.0 0.000196600
 804.0 0.000194800
 805.0 0.000193000
 806.0 0.000191200
 807.0 0.000189400
 808.0 0.000187600
 809.0 0.000185800
 810.0 0.000184000
 811.0 0.000180900
 812.0 0.000177800
 813.0 0.000174700
 814.0 0.000171600
 815.0 0.000168500
 816.0 0.000165400
 817.0 0.000162300
 818.0 0.000159200
 819.0 0.000156100
 820.0 0.000153000
 821.0 0.000158100
 822.0 0.000163200
 823.0 0.000168300
 824.0 0.000173400
 825.0 0.000178500
 826.0 0.000183600
 827.0 0.000188700
 828.0 0.000193800
 829.0 0.000198900
 830.0 0.000204000
 831.0 0.000207600
 832.0 0.000211200
 833.0 0.000214800
 834.0 0.000218400
 835.0 0.000222000
 836.0 0.000225600
 837.0 0.000229200
 838.0 0.000232800
 839.0 0.000236400
 840.0 0.000240000
 841.0 0.000261700
 842.0 0.000283400
 843.0 0.000305100
 844.0 0.000326800
 845.0 0.000348500
 846.0 0.000370200
 847.0 0.000391900
 848.0 0.000413600
 849.0 0.000435300
 850.0 0.000457000
 851.0 0.000466200
 852.0 0.000475400
 853.0 0.000484600
 854.0 0.000493800
 855.0 0.000503000
 856.0 0.000512200
 857.0 0.000521400
 858.0 0.000530600
 859.0 0.000539800
 860.0 0.000549000
 861.0 0.000584000
 862.0 0.000619000
 863.0 0.000654000
 864.0 0.000689000
 865.0 0.000724000
 866.0 0.000759000
 867.0 0.000794000
 868.0 0.000829000
 869.0 0.000864000
 870.0 0.000899000
 871.0 0.000821500
 872.0 0.000744000
 873.0 0.000666500
 874.0 0.000589000
 875.0 0.000511500
 876.0 0.000434000
 877.0 0.000356500
 878.0 0.000279000
 879.0 0.000201500
 880.0 0.000124000
 881.0 0.000121600
 882.0 0.000119200
 883.0 0.000116800
 884.0 0.000114400
 885.0 0.000112000
 886.0 0.000109600
 887.0 0.000107200
 888.0 0.000104800
 889.0 0.000102400
 890.0 0.000100000
 891.0 0.000100400
 892.0 0.000100800
 893.0 0.000101200
 894.0 0.000101600
 895.0 0.000102000
 896.0 0.000102400
 897.0 0.000102800
 898.0 0.000103200
 899.0 0.000103600
 900.0 0.000104000
 901.0 0.000106700
 902.0 0.000109400
 903.0 0.000112100
 904.0 0.000114800
 905.0 0.000117500
 906.0 0.000120200
 907.0 0.000122900
 908.0 0.000125600
 909.0 0.000128300
 910.0 0.000131000
 911.0 0.000134200
 912.0 0.000137400
 913.0 0.000140600
 914.0 0.000143800
 915.0 0.000147000
 916.0 0.000150200
 917.0 0.000153400
 918.0 0.000156600
 919.0 0.000159800
 920.0 0.000163000
 921.0 0.000165200
 922.0 0.000167400
 923.0 0.000169600
 924.0 0.000171800
 925.0 0.000174000
 926.0 0.000176200
 927.0 0.000178400
 928.0 0.000180600
 929.0 0.000182800
 930.0 0.000185000
 931.0 0.000182100
 932.0 0.000179200
 933.0 0.000176300
 934.0 0.000173400
 935.0 0.000170500
 936.0 0.000167600
 937.0 0.000164700
 938.0 0.000161800
 939.0 0.000158900
 940.0 0.000156000
 941.0 0.000155500
 942.0 0.000155000
 943.0 0.000154500
 944.0 0.000154000
 945.0 0.000153500
 946.0 0.000153000
 947.0 0.000152500
 948.0 0.000152000
 949.0 0.000151500
 950.0 0.000151000
 951.0 0.000149700
 952.0 0.000148400
 953.0 0.000147100
 954.0 0.000145800
 955.0 0.000144500
 956.0 0.000143200
 957.0 0.000141900
 958.0 0.000140600
 959.0 0.000139300
 960.0 0.000138000
 961.0 0.000135800
 962.0 0.000133600
 963.0 0.000131400
 964.0 0.000129200
 965.0 0.000127000
 966.0 0.000124800
 967.0 0.000122600
 968.0 0.000120400
 969.0 0.000118200
 970.0 0.000116000
 971.0 0.000114400
 972.0 0.000112800
 973.0 0.000111200
 974.0 0.000109600
 975.0 0.000108000
 976.0 0.000106400
 977.0 0.000104800
 978.0 0.000103200
 979.0 0.000101600
 980.0 0.000100000
 981.0 0.000098690
 982.0 0.000097380
 983.0 0.000096070
 984.0 0.000094760
 985.0 0.000093450
 986.0 0.000092140
 987.0 0.000090830
 988.0 0.000089520
 989.0 0.000088210
 990.0 0.000086900
 991.0 0.000086800
 992.0 0.000086700
 993.0 0.000086600
 994.0 0.000086500
 995.0 0.000086400
 996.0 0.000086300
 997.0 0.000086200
 998.0 0.000086100
 999.0 0.000086000
1000.0 0.000085900
1001.0 0.000082730
1002.0 0.000079560
1003.0 0.000076390
1004.0 0.000073220
1005.0 0.000070050
1006.0 0.000066880
1007.0 0.000063710
1008.0 0.000060540
1009.0 0.000057370
1010.0 0.000054200
1011.0 0.000054150
1012.0 0.000054100
1013.0 0.000054050
1014.0 0.000054000
1015.0 0.000053950
1016.0 0.000053900
1017.0 0.000053850
1018.0 0.000053800
1019.0 0.000053750
1020.0 0.000053700
1021.0 0.000056170
1022.0 0.000058640
1023.0 0.000061110
1024.0 0.000063580
1025.0 0.000066050
1026.0 0.000068520
1027.0 0.000070990
1028.0 0.000073460
1029.0 0.000075930
1030.0 0.000078400
1031.0 0.000075010
1032.0 0.000071620
1033.0 0.000068230
1034.0 0.000064840
1035.0 0.000061450
1036.0 0.000058060
1037.0 0.000054670
1038.0 0.000051280
1039.0 0.000047890
1040.0 0.000044500
1041.0 0.000044430
1042.0 0.000044360
1043.0 0.000044290
1044.0 0.000044220
1045.0 0.000044150
1046.0 0.000044080
1047.0 0.000044010
1048.0 0.000043940
1049.0 0.000043870
1050.0 0.000043800
1051.0 0.000056320
1052.0 0.000068840
1053.0 0.000081360
1054.0 0.000093880
1055.0 0.000106400
1056.0 0.000118920
1057.0 0.000131440
1058.0 0.000143960
1059.0 0.000156480
1060.0 0.000169000
1061.0 0.000153600
1062.0 0.000138200
1063.0 0.000122800
1064.0 0.000107400
1065.0 0.000092000
1066.0 0.000076600
1067.0 0.000061200
1068.0 0.000045800
1069.0 0.000030400
1070.0 0.000015000
1071.0 0.000014560
1072.0 0.000014120
1073.0 0.000013680
1074.0 0.000013240
1075.0 0.000012800
1076.0 0.000012360
1077.0 0.000011920
1078.0 0.000011480
1079.0 0.000011040
1080.0 0.000010600
1081.0 0.000010650
1082.0 0.000010700
1083.0 0.000010750
1084.0 0.000010800
1085.0 0.000010850
1086.0 0.000010900
1087.0 0.000010950
1088.0 0.000011000
1089.0 0.000011050
1090.0 0.000011100
1091.0 0.000012070
1092.0 0.000013040
1093.0 0.000014010
1094.0 0.000014980
1095.0 0.000015950
1096.0 0.000016920
1097.0 0.000017890
1098.0 0.000018860
1099.0 0.000019830
1100.0 0.000020800
