721 TERMOD:Band9
 380.0 0.000014700
 381.0 0.000014980
 382.0 0.000015260
 383.0 0.000015540
 384.0 0.000015820
 385.0 0.000016100
 386.0 0.000016380
 387.0 0.000016660
 388.0 0.000016940
 389.0 0.000017220
 390.0 0.000017500
 391.0 0.000016394
 392.0 0.000015288
 393.0 0.000014182
 394.0 0.000013076
 395.0 0.000011970
 396.0 0.000010864
 397.0 0.000009758
 398.0 0.000008652
 399.0 0.000007546
 400.0 0.000006440
 401.0 0.000008836
 402.0 0.000011232
 403.0 0.000013628
 404.0 0.000016024
 405.0 0.000018420
 406.0 0.000020816
 407.0 0.000023212
 408.0 0.000025608
 409.0 0.000028004
 410.0 0.000030400
 411.0 0.000045960
 412.0 0.000061520
 413.0 0.000077080
 414.0 0.000092640
 415.0 0.000108200
 416.0 0.000123760
 417.0 0.000139320
 418.0 0.000154880
 419.0 0.000170440
 420.0 0.000186000
 421.0 0.000281195
 422.0 0.000405074
 423.0 0.000583527
 424.0 0.000840597
 425.0 0.001210920
 426.0 0.001744380
 427.0 0.002512860
 428.0 0.003619890
 429.0 0.005214610
 430.0 0.007511880
 431.0 0.010821200
 432.0 0.015588400
 433.0 0.022455800
 434.0 0.032348600
 435.0 0.096984900
 436.0 0.240723000
 437.0 0.435913000
 438.0 0.590668000
 439.0 0.759796000
 440.0 0.925049000
 441.0 0.994812000
 442.0 1.000080000
 443.0 0.999822000
 444.0 0.996613000
 445.0 0.941528000
 446.0 0.785156000
 447.0 0.529037000
 448.0 0.253296000
 449.0 0.091552700
 450.0 0.036712600
 451.0 0.011749300
 452.0 0.006242360
 453.0 0.003411730
 454.0 0.001864660
 455.0 0.001019120
 456.0 0.000556996
 457.0 0.000304424
 458.0 0.000166381
 459.0 0.000090935
 460.0 0.000049700
 461.0 0.000048040
 462.0 0.000046380
 463.0 0.000044720
 464.0 0.000043060
 465.0 0.000041400
 466.0 0.000039740
 467.0 0.000038080
 468.0 0.000036420
 469.0 0.000034760
 470.0 0.000033100
 471.0 0.000033100
 472.0 0.000033100
 473.0 0.000033100
 474.0 0.000033100
 475.0 0.000033100
 476.0 0.000033100
 477.0 0.000033100
 478.0 0.000033100
 479.0 0.000033100
 480.0 0.000033100
 481.0 0.000036970
 482.0 0.000040840
 483.0 0.000044710
 484.0 0.000048580
 485.0 0.000052450
 486.0 0.000056320
 487.0 0.000060190
 488.0 0.000064060
 489.0 0.000067930
 490.0 0.000071800
 491.0 0.000081520
 492.0 0.000091240
 493.0 0.000100960
 494.0 0.000110680
 495.0 0.000120400
 496.0 0.000130120
 497.0 0.000139840
 498.0 0.000149560
 499.0 0.000159280
 500.0 0.000169000
 501.0 0.000179300
 502.0 0.000189600
 503.0 0.000199900
 504.0 0.000210200
 505.0 0.000220500
 506.0 0.000230800
 507.0 0.000241100
 508.0 0.000251400
 509.0 0.000261700
 510.0 0.000272000
 511.0 0.000310500
 512.0 0.000349000
 513.0 0.000387500
 514.0 0.000426000
 515.0 0.000464500
 516.0 0.000503000
 517.0 0.000541500
 518.0 0.000580000
 519.0 0.000618500
 520.0 0.000657000
 521.0 0.000660500
 522.0 0.000664000
 523.0 0.000667500
 524.0 0.000671000
 525.0 0.000674500
 526.0 0.000678000
 527.0 0.000681500
 528.0 0.000685000
 529.0 0.000688500
 530.0 0.000692000
 531.0 0.000702800
 532.0 0.000713600
 533.0 0.000724400
 534.0 0.000735200
 535.0 0.000746000
 536.0 0.000756800
 537.0 0.000767600
 538.0 0.000778400
 539.0 0.000789200
 540.0 0.000800000
 541.0 0.000794100
 542.0 0.000788200
 543.0 0.000782300
 544.0 0.000776400
 545.0 0.000770500
 546.0 0.000764600
 547.0 0.000758700
 548.0 0.000752800
 549.0 0.000746900
 550.0 0.000741000
 551.0 0.000680200
 552.0 0.000619400
 553.0 0.000558600
 554.0 0.000497800
 555.0 0.000437000
 556.0 0.000376200
 557.0 0.000315400
 558.0 0.000254600
 559.0 0.000193800
 560.0 0.000133000
 561.0 0.000121620
 562.0 0.000110240
 563.0 0.000098860
 564.0 0.000087480
 565.0 0.000076100
 566.0 0.000064720
 567.0 0.000053340
 568.0 0.000041960
 569.0 0.000030580
 570.0 0.000019200
 571.0 0.000017648
 572.0 0.000016096
 573.0 0.000014544
 574.0 0.000012992
 575.0 0.000011440
 576.0 0.000009888
 577.0 0.000008336
 578.0 0.000006784
 579.0 0.000005232
 580.0 0.000003680
 581.0 0.000003496
 582.0 0.000003312
 583.0 0.000003128
 584.0 0.000002944
 585.0 0.000002760
 586.0 0.000002576
 587.0 0.000002392
 588.0 0.000002208
 589.0 0.000002024
 590.0 0.000001840
 591.0 0.000002024
 592.0 0.000002208
 593.0 0.000002392
 594.0 0.000002576
 595.0 0.000002760
 596.0 0.000002944
 597.0 0.000003128
 598.0 0.000003312
 599.0 0.000003496
 600.0 0.000003680
 601.0 0.000003864
 602.0 0.000004048
 603.0 0.000004232
 604.0 0.000004416
 605.0 0.000004600
 606.0 0.000004784
 607.0 0.000004968
 608.0 0.000005152
 609.0 0.000005336
 610.0 0.000005520
 611.0 0.000005796
 612.0 0.000006072
 613.0 0.000006348
 614.0 0.000006624
 615.0 0.000006900
 616.0 0.000007176
 617.0 0.000007452
 618.0 0.000007728
 619.0 0.000008004
 620.0 0.000008280
 621.0 0.000008096
 622.0 0.000007912
 623.0 0.000007728
 624.0 0.000007544
 625.0 0.000007360
 626.0 0.000007176
 627.0 0.000006992
 628.0 0.000006808
 629.0 0.000006624
 630.0 0.000006440
 631.0 0.000006896
 632.0 0.000007352
 633.0 0.000007808
 634.0 0.000008264
 635.0 0.000008720
 636.0 0.000009176
 637.0 0.000009632
 638.0 0.000010088
 639.0 0.000010544
 640.0 0.000011000
 641.0 0.000011190
 642.0 0.000011380
 643.0 0.000011570
 644.0 0.000011760
 645.0 0.000011950
 646.0 0.000012140
 647.0 0.000012330
 648.0 0.000012520
 649.0 0.000012710
 650.0 0.000012900
 651.0 0.000012162
 652.0 0.000011424
 653.0 0.000010686
 654.0 0.000009948
 655.0 0.000009210
 656.0 0.000008472
 657.0 0.000007734
 658.0 0.000006996
 659.0 0.000006258
 660.0 0.000005520
 661.0 0.000005704
 662.0 0.000005888
 663.0 0.000006072
 664.0 0.000006256
 665.0 0.000006440
 666.0 0.000006624
 667.0 0.000006808
 668.0 0.000006992
 669.0 0.000007176
 670.0 0.000007360
 671.0 0.000007084
 672.0 0.000006808
 673.0 0.000006532
 674.0 0.000006256
 675.0 0.000005980
 676.0 0.000005704
 677.0 0.000005428
 678.0 0.000005152
 679.0 0.000004876
 680.0 0.000004600
 681.0 0.000004875
 682.0 0.000005150
 683.0 0.000005425
 684.0 0.000005700
 685.0 0.000005975
 686.0 0.000006250
 687.0 0.000006525
 688.0 0.000006800
 689.0 0.000007075
 690.0 0.000007350
 691.0 0.000007625
 692.0 0.000007900
 693.0 0.000008175
 694.0 0.000008450
 695.0 0.000008725
 696.0 0.000009000
 697.0 0.000009275
 698.0 0.000009550
 699.0 0.000009825
 700.0 0.000010100
 701.0 0.000010100
 702.0 0.000010100
 703.0 0.000010100
 704.0 0.000010100
 705.0 0.000010100
 706.0 0.000010100
 707.0 0.000010100
 708.0 0.000010100
 709.0 0.000010100
 710.0 0.000010100
 711.0 0.000010010
 712.0 0.000009920
 713.0 0.000009830
 714.0 0.000009740
 715.0 0.000009650
 716.0 0.000009560
 717.0 0.000009470
 718.0 0.000009380
 719.0 0.000009290
 720.0 0.000009200
 721.0 0.000008464
 722.0 0.000007728
 723.0 0.000006992
 724.0 0.000006256
 725.0 0.000005520
 726.0 0.000004784
 727.0 0.000004048
 728.0 0.000003312
 729.0 0.000002576
 730.0 0.000001840
 731.0 0.000002024
 732.0 0.000002208
 733.0 0.000002392
 734.0 0.000002576
 735.0 0.000002760
 736.0 0.000002944
 737.0 0.000003128
 738.0 0.000003312
 739.0 0.000003496
 740.0 0.000003680
 741.0 0.000004602
 742.0 0.000005524
 743.0 0.000006446
 744.0 0.000007368
 745.0 0.000008290
 746.0 0.000009212
 747.0 0.000010134
 748.0 0.000011056
 749.0 0.000011978
 750.0 0.000012900
 751.0 0.000012715
 752.0 0.000012530
 753.0 0.000012345
 754.0 0.000012160
 755.0 0.000011975
 756.0 0.000011790
 757.0 0.000011605
 758.0 0.000011420
 759.0 0.000011235
 760.0 0.000011050
 761.0 0.000010865
 762.0 0.000010680
 763.0 0.000010495
 764.0 0.000010310
 765.0 0.000010125
 766.0 0.000009940
 767.0 0.000009755
 768.0 0.000009570
 769.0 0.000009385
 770.0 0.000009200
 771.0 0.000009245
 772.0 0.000009290
 773.0 0.000009335
 774.0 0.000009380
 775.0 0.000009425
 776.0 0.000009470
 777.0 0.000009515
 778.0 0.000009560
 779.0 0.000009605
 780.0 0.000009650
 781.0 0.000009695
 782.0 0.000009740
 783.0 0.000009785
 784.0 0.000009830
 785.0 0.000009875
 786.0 0.000009920
 787.0 0.000009965
 788.0 0.000010010
 789.0 0.000010055
 790.0 0.000010100
 791.0 0.000010290
 792.0 0.000010480
 793.0 0.000010670
 794.0 0.000010860
 795.0 0.000011050
 796.0 0.000011240
 797.0 0.000011430
 798.0 0.000011620
 799.0 0.000011810
 800.0 0.000012000
 801.0 0.000011584
 802.0 0.000011168
 803.0 0.000010752
 804.0 0.000010336
 805.0 0.000009920
 806.0 0.000009504
 807.0 0.000009088
 808.0 0.000008672
 809.0 0.000008256
 810.0 0.000007840
 811.0 0.000007424
 812.0 0.000007008
 813.0 0.000006592
 814.0 0.000006176
 815.0 0.000005760
 816.0 0.000005344
 817.0 0.000004928
 818.0 0.000004512
 819.0 0.000004096
 820.0 0.000003680
 821.0 0.000003496
 822.0 0.000003312
 823.0 0.000003128
 824.0 0.000002944
 825.0 0.000002760
 826.0 0.000002576
 827.0 0.000002392
 828.0 0.000002208
 829.0 0.000002024
 830.0 0.000001840
 831.0 0.000002519
 832.0 0.000003198
 833.0 0.000003877
 834.0 0.000004556
 835.0 0.000005235
 836.0 0.000005914
 837.0 0.000006593
 838.0 0.000007272
 839.0 0.000007951
 840.0 0.000008630
 841.0 0.000008687
 842.0 0.000008744
 843.0 0.000008801
 844.0 0.000008858
 845.0 0.000008915
 846.0 0.000008972
 847.0 0.000009029
 848.0 0.000009086
 849.0 0.000009143
 850.0 0.000009200
 851.0 0.000008924
 852.0 0.000008648
 853.0 0.000008372
 854.0 0.000008096
 855.0 0.000007820
 856.0 0.000007544
 857.0 0.000007268
 858.0 0.000006992
 859.0 0.000006716
 860.0 0.000006440
 861.0 0.000006164
 862.0 0.000005888
 863.0 0.000005612
 864.0 0.000005336
 865.0 0.000005060
 866.0 0.000004784
 867.0 0.000004508
 868.0 0.000004232
 869.0 0.000003956
 870.0 0.000003680
 871.0 0.000004141
 872.0 0.000004602
 873.0 0.000005063
 874.0 0.000005524
 875.0 0.000005985
 876.0 0.000006446
 877.0 0.000006907
 878.0 0.000007368
 879.0 0.000007829
 880.0 0.000008290
 881.0 0.000008751
 882.0 0.000009212
 883.0 0.000009673
 884.0 0.000010134
 885.0 0.000010595
 886.0 0.000011056
 887.0 0.000011517
 888.0 0.000011978
 889.0 0.000012439
 890.0 0.000012900
 891.0 0.000012162
 892.0 0.000011424
 893.0 0.000010686
 894.0 0.000009948
 895.0 0.000009210
 896.0 0.000008472
 897.0 0.000007734
 898.0 0.000006996
 899.0 0.000006258
 900.0 0.000005520
 901.0 0.000005152
 902.0 0.000004784
 903.0 0.000004416
 904.0 0.000004048
 905.0 0.000003680
 906.0 0.000003312
 907.0 0.000002944
 908.0 0.000002576
 909.0 0.000002208
 910.0 0.000001840
 911.0 0.000001932
 912.0 0.000002024
 913.0 0.000002116
 914.0 0.000002208
 915.0 0.000002300
 916.0 0.000002392
 917.0 0.000002484
 918.0 0.000002576
 919.0 0.000002668
 920.0 0.000002760
 921.0 0.000003128
 922.0 0.000003496
 923.0 0.000003864
 924.0 0.000004232
 925.0 0.000004600
 926.0 0.000004968
 927.0 0.000005336
 928.0 0.000005704
 929.0 0.000006072
 930.0 0.000006440
 931.0 0.000006348
 932.0 0.000006256
 933.0 0.000006164
 934.0 0.000006072
 935.0 0.000005980
 936.0 0.000005888
 937.0 0.000005796
 938.0 0.000005704
 939.0 0.000005612
 940.0 0.000005520
 941.0 0.000005888
 942.0 0.000006256
 943.0 0.000006624
 944.0 0.000006992
 945.0 0.000007360
 946.0 0.000007728
 947.0 0.000008096
 948.0 0.000008464
 949.0 0.000008832
 950.0 0.000009200
 951.0 0.000008924
 952.0 0.000008648
 953.0 0.000008372
 954.0 0.000008096
 955.0 0.000007820
 956.0 0.000007544
 957.0 0.000007268
 958.0 0.000006992
 959.0 0.000006716
 960.0 0.000006440
 961.0 0.000006256
 962.0 0.000006072
 963.0 0.000005888
 964.0 0.000005704
 965.0 0.000005520
 966.0 0.000005336
 967.0 0.000005152
 968.0 0.000004968
 969.0 0.000004784
 970.0 0.000004600
 971.0 0.000004661
 972.0 0.000004723
 973.0 0.000004784
 974.0 0.000004845
 975.0 0.000004907
 976.0 0.000004968
 977.0 0.000005029
 978.0 0.000005091
 979.0 0.000005152
 980.0 0.000005213
 981.0 0.000005275
 982.0 0.000005336
 983.0 0.000005397
 984.0 0.000005459
 985.0 0.000005520
 986.0 0.000005581
 987.0 0.000005643
 988.0 0.000005704
 989.0 0.000005765
 990.0 0.000005827
 991.0 0.000005888
 992.0 0.000005949
 993.0 0.000006011
 994.0 0.000006072
 995.0 0.000006133
 996.0 0.000006195
 997.0 0.000006256
 998.0 0.000006317
 999.0 0.000006379
1000.0 0.000006440
1001.0 0.000006440
1002.0 0.000006440
1003.0 0.000006440
1004.0 0.000006440
1005.0 0.000006440
1006.0 0.000006440
1007.0 0.000006440
1008.0 0.000006440
1009.0 0.000006440
1010.0 0.000006440
1011.0 0.000007546
1012.0 0.000008652
1013.0 0.000009758
1014.0 0.000010864
1015.0 0.000011970
1016.0 0.000013076
1017.0 0.000014182
1018.0 0.000015288
1019.0 0.000016394
1020.0 0.000017500
1021.0 0.000016394
1022.0 0.000015288
1023.0 0.000014182
1024.0 0.000013076
1025.0 0.000011970
1026.0 0.000010864
1027.0 0.000009758
1028.0 0.000008652
1029.0 0.000007546
1030.0 0.000006440
1031.0 0.000006440
1032.0 0.000006440
1033.0 0.000006440
1034.0 0.000006440
1035.0 0.000006440
1036.0 0.000006440
1037.0 0.000006440
1038.0 0.000006440
1039.0 0.000006440
1040.0 0.000006440
1041.0 0.000006624
1042.0 0.000006808
1043.0 0.000006992
1044.0 0.000007176
1045.0 0.000007360
1046.0 0.000007544
1047.0 0.000007728
1048.0 0.000007912
1049.0 0.000008096
1050.0 0.000008280
1051.0 0.000008372
1052.0 0.000008464
1053.0 0.000008556
1054.0 0.000008648
1055.0 0.000008740
1056.0 0.000008832
1057.0 0.000008924
1058.0 0.000009016
1059.0 0.000009108
1060.0 0.000009200
1061.0 0.000008878
1062.0 0.000008556
1063.0 0.000008234
1064.0 0.000007912
1065.0 0.000007590
1066.0 0.000007268
1067.0 0.000006946
1068.0 0.000006624
1069.0 0.000006302
1070.0 0.000005980
1071.0 0.000005658
1072.0 0.000005336
1073.0 0.000005014
1074.0 0.000004692
1075.0 0.000004370
1076.0 0.000004048
1077.0 0.000003726
1078.0 0.000003404
1079.0 0.000003082
1080.0 0.000002760
1081.0 0.000003864
1082.0 0.000004968
1083.0 0.000006072
1084.0 0.000007176
1085.0 0.000008280
1086.0 0.000009384
1087.0 0.000010488
1088.0 0.000011592
1089.0 0.000012696
1090.0 0.000013800
1091.0 0.000012880
1092.0 0.000011960
1093.0 0.000011040
1094.0 0.000010120
1095.0 0.000009200
1096.0 0.000008280
1097.0 0.000007360
1098.0 0.000006440
1099.0 0.000005520
1100.0 0.000004600
