65 TERMOD:Band6
1596.0 0.010960000
1597.0 0.013440000
1598.0 0.016750000
1599.0 0.020190000
1600.0 0.025960000
1601.0 0.032030000
1602.0 0.041130000
1603.0 0.050660000
1604.0 0.065840000
1605.0 0.081770000
1606.0 0.105080000
1607.0 0.129650000
1608.0 0.165090000
1609.0 0.201850000
1610.0 0.251250000
1611.0 0.302140000
1612.0 0.361970000
1613.0 0.423220000
1614.0 0.487280000
1615.0 0.551700000
1616.0 0.619090000
1617.0 0.686920000
1618.0 0.753640000
1619.0 0.820180000
1620.0 0.880820000
1621.0 0.940760000
1622.0 0.971110000
1623.0 0.997220000
1624.0 0.996860000
1625.0 0.993350000
1626.0 0.986800000
1627.0 0.979720000
1628.0 0.975280000
1629.0 0.971160000
1630.0 0.962900000
1631.0 0.954040000
1632.0 0.937810000
1633.0 0.920650000
1634.0 0.893100000
1635.0 0.864260000
1636.0 0.821320000
1637.0 0.776460000
1638.0 0.721120000
1639.0 0.664100000
1640.0 0.603570000
1641.0 0.542610000
1642.0 0.485360000
1643.0 0.428680000
1644.0 0.381660000
1645.0 0.335800000
1646.0 0.291480000
1647.0 0.247390000
1648.0 0.199900000
1649.0 0.151900000
1650.0 0.117410000
1651.0 0.084960000
1652.0 0.069110000
1653.0 0.055420000
1654.0 0.047330000
1655.0 0.040090000
1656.0 0.034350000
1657.0 0.028850000
1658.0 0.023620000
1659.0 0.018430000
1660.0 0.013730000
