721 TERMOD:Band11
 380.0 0.000002070
 381.0 0.000002035
 382.0 0.000002001
 383.0 0.000001967
 384.0 0.000001932
 385.0 0.000001898
 386.0 0.000001863
 387.0 0.000001828
 388.0 0.000001794
 389.0 0.000001760
 390.0 0.000001725
 391.0 0.000001690
 392.0 0.000001656
 393.0 0.000001622
 394.0 0.000001587
 395.0 0.000001552
 396.0 0.000001518
 397.0 0.000001484
 398.0 0.000001449
 399.0 0.000001414
 400.0 0.000001380
 401.0 0.000001760
 402.0 0.000002140
 403.0 0.000002520
 404.0 0.000002900
 405.0 0.000003280
 406.0 0.000003660
 407.0 0.000004040
 408.0 0.000004420
 409.0 0.000004800
 410.0 0.000005180
 411.0 0.000004904
 412.0 0.000004628
 413.0 0.000004352
 414.0 0.000004076
 415.0 0.000003800
 416.0 0.000003524
 417.0 0.000003248
 418.0 0.000002972
 419.0 0.000002696
 420.0 0.000002420
 421.0 0.000002661
 422.0 0.000002902
 423.0 0.000003143
 424.0 0.000003384
 425.0 0.000003625
 426.0 0.000003866
 427.0 0.000004107
 428.0 0.000004348
 429.0 0.000004589
 430.0 0.000004830
 431.0 0.000005827
 432.0 0.000006824
 433.0 0.000007821
 434.0 0.000008818
 435.0 0.000009815
 436.0 0.000010812
 437.0 0.000011809
 438.0 0.000012806
 439.0 0.000013803
 440.0 0.000014800
 441.0 0.000016600
 442.0 0.000018400
 443.0 0.000020200
 444.0 0.000022000
 445.0 0.000023800
 446.0 0.000025600
 447.0 0.000027400
 448.0 0.000029200
 449.0 0.000031000
 450.0 0.000032800
 451.0 0.000032970
 452.0 0.000033140
 453.0 0.000033310
 454.0 0.000033480
 455.0 0.000033650
 456.0 0.000033820
 457.0 0.000033990
 458.0 0.000034160
 459.0 0.000034330
 460.0 0.000034500
 461.0 0.000038120
 462.0 0.000041740
 463.0 0.000045360
 464.0 0.000048980
 465.0 0.000052600
 466.0 0.000056220
 467.0 0.000059840
 468.0 0.000063460
 469.0 0.000067080
 470.0 0.000070700
 471.0 0.000079430
 472.0 0.000088160
 473.0 0.000096890
 474.0 0.000105620
 475.0 0.000114350
 476.0 0.000123080
 477.0 0.000131810
 478.0 0.000140540
 479.0 0.000149270
 480.0 0.000158000
 481.0 0.000165700
 482.0 0.000173400
 483.0 0.000181100
 484.0 0.000188800
 485.0 0.000196500
 486.0 0.000204200
 487.0 0.000211900
 488.0 0.000219600
 489.0 0.000227300
 490.0 0.000235000
 491.0 0.000248100
 492.0 0.000261200
 493.0 0.000274300
 494.0 0.000287400
 495.0 0.000300500
 496.0 0.000313600
 497.0 0.000326700
 498.0 0.000339800
 499.0 0.000352900
 500.0 0.000366000
 501.0 0.000395000
 502.0 0.000424000
 503.0 0.000453000
 504.0 0.000482000
 505.0 0.000511000
 506.0 0.000540000
 507.0 0.000569000
 508.0 0.000598000
 509.0 0.000627000
 510.0 0.000656000
 511.0 0.000868204
 512.0 0.001163950
 513.0 0.001560440
 514.0 0.002091990
 515.0 0.002804600
 516.0 0.003759970
 517.0 0.005040760
 518.0 0.006757850
 519.0 0.009059850
 520.0 0.012146000
 521.0 0.043502800
 522.0 0.123901000
 523.0 0.256912000
 524.0 0.452110000
 525.0 0.686066000
 526.0 0.884491000
 527.0 0.984467000
 528.0 0.985424000
 529.0 0.984833000
 530.0 0.998001000
 531.0 0.996605000
 532.0 0.963036000
 533.0 0.898697000
 534.0 0.811615000
 535.0 0.703384000
 536.0 0.546722000
 537.0 0.347448000
 538.0 0.160828000
 539.0 0.058166500
 540.0 0.020515400
 541.0 0.009728160
 542.0 0.007571900
 543.0 0.005893580
 544.0 0.004587270
 545.0 0.003570490
 546.0 0.002779090
 547.0 0.002163100
 548.0 0.001683650
 549.0 0.001310470
 550.0 0.001020000
 551.0 0.000985500
 552.0 0.000951000
 553.0 0.000916500
 554.0 0.000882000
 555.0 0.000847500
 556.0 0.000813000
 557.0 0.000778500
 558.0 0.000744000
 559.0 0.000709500
 560.0 0.000675000
 561.0 0.000678000
 562.0 0.000681000
 563.0 0.000684000
 564.0 0.000687000
 565.0 0.000690000
 566.0 0.000693000
 567.0 0.000696000
 568.0 0.000699000
 569.0 0.000702000
 570.0 0.000705000
 571.0 0.000650600
 572.0 0.000596200
 573.0 0.000541800
 574.0 0.000487400
 575.0 0.000433000
 576.0 0.000378600
 577.0 0.000324200
 578.0 0.000269800
 579.0 0.000215400
 580.0 0.000161000
 581.0 0.000179700
 582.0 0.000198400
 583.0 0.000217100
 584.0 0.000235800
 585.0 0.000254500
 586.0 0.000273200
 587.0 0.000291900
 588.0 0.000310600
 589.0 0.000329300
 590.0 0.000348000
 591.0 0.000316130
 592.0 0.000284260
 593.0 0.000252390
 594.0 0.000220520
 595.0 0.000188650
 596.0 0.000156780
 597.0 0.000124910
 598.0 0.000093040
 599.0 0.000061170
 600.0 0.000029300
 601.0 0.000030510
 602.0 0.000031720
 603.0 0.000032930
 604.0 0.000034140
 605.0 0.000035350
 606.0 0.000036560
 607.0 0.000037770
 608.0 0.000038980
 609.0 0.000040190
 610.0 0.000041400
 611.0 0.000037812
 612.0 0.000034224
 613.0 0.000030636
 614.0 0.000027048
 615.0 0.000023460
 616.0 0.000019872
 617.0 0.000016284
 618.0 0.000012696
 619.0 0.000009108
 620.0 0.000005520
 621.0 0.000005141
 622.0 0.000004762
 623.0 0.000004383
 624.0 0.000004004
 625.0 0.000003625
 626.0 0.000003246
 627.0 0.000002867
 628.0 0.000002488
 629.0 0.000002109
 630.0 0.000001730
 631.0 0.000001695
 632.0 0.000001661
 633.0 0.000001627
 634.0 0.000001592
 635.0 0.000001557
 636.0 0.000001523
 637.0 0.000001489
 638.0 0.000001454
 639.0 0.000001419
 640.0 0.000001385
 641.0 0.000001351
 642.0 0.000001316
 643.0 0.000001281
 644.0 0.000001247
 645.0 0.000001213
 646.0 0.000001178
 647.0 0.000001143
 648.0 0.000001109
 649.0 0.000001075
 650.0 0.000001040
 651.0 0.000001040
 652.0 0.000001040
 653.0 0.000001040
 654.0 0.000001040
 655.0 0.000001040
 656.0 0.000001040
 657.0 0.000001040
 658.0 0.000001040
 659.0 0.000001040
 660.0 0.000001040
 661.0 0.000001040
 662.0 0.000001040
 663.0 0.000001040
 664.0 0.000001040
 665.0 0.000001040
 666.0 0.000001040
 667.0 0.000001040
 668.0 0.000001040
 669.0 0.000001040
 670.0 0.000001040
 671.0 0.000001143
 672.0 0.000001246
 673.0 0.000001349
 674.0 0.000001452
 675.0 0.000001555
 676.0 0.000001658
 677.0 0.000001761
 678.0 0.000001864
 679.0 0.000001967
 680.0 0.000002070
 681.0 0.000002450
 682.0 0.000002830
 683.0 0.000003210
 684.0 0.000003590
 685.0 0.000003970
 686.0 0.000004350
 687.0 0.000004730
 688.0 0.000005110
 689.0 0.000005490
 690.0 0.000005870
 691.0 0.000005766
 692.0 0.000005662
 693.0 0.000005558
 694.0 0.000005454
 695.0 0.000005350
 696.0 0.000005246
 697.0 0.000005142
 698.0 0.000005038
 699.0 0.000004934
 700.0 0.000004830
 701.0 0.000004657
 702.0 0.000004485
 703.0 0.000004312
 704.0 0.000004140
 705.0 0.000003967
 706.0 0.000003795
 707.0 0.000003623
 708.0 0.000003450
 709.0 0.000003277
 710.0 0.000003105
 711.0 0.000002932
 712.0 0.000002760
 713.0 0.000002587
 714.0 0.000002415
 715.0 0.000002243
 716.0 0.000002070
 717.0 0.000001898
 718.0 0.000001725
 719.0 0.000001552
 720.0 0.000001380
 721.0 0.000001553
 722.0 0.000001726
 723.0 0.000001899
 724.0 0.000002072
 725.0 0.000002245
 726.0 0.000002418
 727.0 0.000002591
 728.0 0.000002764
 729.0 0.000002937
 730.0 0.000003110
 731.0 0.000002903
 732.0 0.000002696
 733.0 0.000002489
 734.0 0.000002282
 735.0 0.000002075
 736.0 0.000001868
 737.0 0.000001661
 738.0 0.000001454
 739.0 0.000001247
 740.0 0.000001040
 741.0 0.000001247
 742.0 0.000001454
 743.0 0.000001661
 744.0 0.000001868
 745.0 0.000002075
 746.0 0.000002282
 747.0 0.000002489
 748.0 0.000002696
 749.0 0.000002903
 750.0 0.000003110
 751.0 0.000003248
 752.0 0.000003386
 753.0 0.000003524
 754.0 0.000003662
 755.0 0.000003800
 756.0 0.000003938
 757.0 0.000004076
 758.0 0.000004214
 759.0 0.000004352
 760.0 0.000004490
 761.0 0.000004283
 762.0 0.000004076
 763.0 0.000003869
 764.0 0.000003662
 765.0 0.000003455
 766.0 0.000003248
 767.0 0.000003041
 768.0 0.000002834
 769.0 0.000002627
 770.0 0.000002420
 771.0 0.000002316
 772.0 0.000002212
 773.0 0.000002108
 774.0 0.000002004
 775.0 0.000001900
 776.0 0.000001796
 777.0 0.000001692
 778.0 0.000001588
 779.0 0.000001484
 780.0 0.000001380
 781.0 0.000001484
 782.0 0.000001588
 783.0 0.000001692
 784.0 0.000001796
 785.0 0.000001900
 786.0 0.000002004
 787.0 0.000002108
 788.0 0.000002212
 789.0 0.000002316
 790.0 0.000002420
 791.0 0.000002489
 792.0 0.000002558
 793.0 0.000002627
 794.0 0.000002696
 795.0 0.000002765
 796.0 0.000002834
 797.0 0.000002903
 798.0 0.000002972
 799.0 0.000003041
 800.0 0.000003110
 801.0 0.000002903
 802.0 0.000002696
 803.0 0.000002489
 804.0 0.000002282
 805.0 0.000002075
 806.0 0.000001868
 807.0 0.000001661
 808.0 0.000001454
 809.0 0.000001247
 810.0 0.000001040
 811.0 0.000001074
 812.0 0.000001108
 813.0 0.000001142
 814.0 0.000001176
 815.0 0.000001210
 816.0 0.000001244
 817.0 0.000001278
 818.0 0.000001312
 819.0 0.000001346
 820.0 0.000001380
 821.0 0.000001346
 822.0 0.000001312
 823.0 0.000001278
 824.0 0.000001244
 825.0 0.000001210
 826.0 0.000001176
 827.0 0.000001142
 828.0 0.000001108
 829.0 0.000001074
 830.0 0.000001040
 831.0 0.000001188
 832.0 0.000001336
 833.0 0.000001484
 834.0 0.000001632
 835.0 0.000001780
 836.0 0.000001928
 837.0 0.000002076
 838.0 0.000002224
 839.0 0.000002372
 840.0 0.000002520
 841.0 0.000002510
 842.0 0.000002500
 843.0 0.000002490
 844.0 0.000002480
 845.0 0.000002470
 846.0 0.000002460
 847.0 0.000002450
 848.0 0.000002440
 849.0 0.000002430
 850.0 0.000002420
 851.0 0.000002471
 852.0 0.000002523
 853.0 0.000002575
 854.0 0.000002626
 855.0 0.000002678
 856.0 0.000002729
 857.0 0.000002780
 858.0 0.000002832
 859.0 0.000002884
 860.0 0.000002935
 861.0 0.000002987
 862.0 0.000003038
 863.0 0.000003089
 864.0 0.000003141
 865.0 0.000003192
 866.0 0.000003244
 867.0 0.000003296
 868.0 0.000003347
 869.0 0.000003399
 870.0 0.000003450
 871.0 0.000003416
 872.0 0.000003382
 873.0 0.000003348
 874.0 0.000003314
 875.0 0.000003280
 876.0 0.000003246
 877.0 0.000003212
 878.0 0.000003178
 879.0 0.000003144
 880.0 0.000003110
 881.0 0.000002903
 882.0 0.000002696
 883.0 0.000002489
 884.0 0.000002282
 885.0 0.000002075
 886.0 0.000001868
 887.0 0.000001661
 888.0 0.000001454
 889.0 0.000001247
 890.0 0.000001040
 891.0 0.000001316
 892.0 0.000001592
 893.0 0.000001868
 894.0 0.000002144
 895.0 0.000002420
 896.0 0.000002696
 897.0 0.000002972
 898.0 0.000003248
 899.0 0.000003524
 900.0 0.000003800
 901.0 0.000003903
 902.0 0.000004006
 903.0 0.000004109
 904.0 0.000004212
 905.0 0.000004315
 906.0 0.000004418
 907.0 0.000004521
 908.0 0.000004624
 909.0 0.000004727
 910.0 0.000004830
 911.0 0.000004692
 912.0 0.000004554
 913.0 0.000004416
 914.0 0.000004278
 915.0 0.000004140
 916.0 0.000004002
 917.0 0.000003864
 918.0 0.000003726
 919.0 0.000003588
 920.0 0.000003450
 921.0 0.000003312
 922.0 0.000003174
 923.0 0.000003036
 924.0 0.000002898
 925.0 0.000002760
 926.0 0.000002622
 927.0 0.000002484
 928.0 0.000002346
 929.0 0.000002208
 930.0 0.000002070
 931.0 0.000002070
 932.0 0.000002070
 933.0 0.000002070
 934.0 0.000002070
 935.0 0.000002070
 936.0 0.000002070
 937.0 0.000002070
 938.0 0.000002070
 939.0 0.000002070
 940.0 0.000002070
 941.0 0.000002070
 942.0 0.000002070
 943.0 0.000002070
 944.0 0.000002070
 945.0 0.000002070
 946.0 0.000002070
 947.0 0.000002070
 948.0 0.000002070
 949.0 0.000002070
 950.0 0.000002070
 951.0 0.000002208
 952.0 0.000002346
 953.0 0.000002484
 954.0 0.000002622
 955.0 0.000002760
 956.0 0.000002898
 957.0 0.000003036
 958.0 0.000003174
 959.0 0.000003312
 960.0 0.000003450
 961.0 0.000003485
 962.0 0.000003520
 963.0 0.000003555
 964.0 0.000003590
 965.0 0.000003625
 966.0 0.000003660
 967.0 0.000003695
 968.0 0.000003730
 969.0 0.000003765
 970.0 0.000003800
 971.0 0.000003662
 972.0 0.000003524
 973.0 0.000003386
 974.0 0.000003248
 975.0 0.000003110
 976.0 0.000002972
 977.0 0.000002834
 978.0 0.000002696
 979.0 0.000002558
 980.0 0.000002420
 981.0 0.000002558
 982.0 0.000002696
 983.0 0.000002834
 984.0 0.000002972
 985.0 0.000003110
 986.0 0.000003248
 987.0 0.000003386
 988.0 0.000003524
 989.0 0.000003662
 990.0 0.000003800
 991.0 0.000003524
 992.0 0.000003248
 993.0 0.000002972
 994.0 0.000002696
 995.0 0.000002420
 996.0 0.000002144
 997.0 0.000001868
 998.0 0.000001592
 999.0 0.000001316
1000.0 0.000001040
1001.0 0.000001143
1002.0 0.000001246
1003.0 0.000001349
1004.0 0.000001452
1005.0 0.000001555
1006.0 0.000001658
1007.0 0.000001761
1008.0 0.000001864
1009.0 0.000001967
1010.0 0.000002070
1011.0 0.000002139
1012.0 0.000002208
1013.0 0.000002277
1014.0 0.000002346
1015.0 0.000002415
1016.0 0.000002484
1017.0 0.000002553
1018.0 0.000002622
1019.0 0.000002691
1020.0 0.000002760
1021.0 0.000002588
1022.0 0.000002416
1023.0 0.000002244
1024.0 0.000002072
1025.0 0.000001900
1026.0 0.000001728
1027.0 0.000001556
1028.0 0.000001384
1029.0 0.000001212
1030.0 0.000001040
1031.0 0.000001385
1032.0 0.000001730
1033.0 0.000002075
1034.0 0.000002420
1035.0 0.000002765
1036.0 0.000003110
1037.0 0.000003455
1038.0 0.000003800
1039.0 0.000004145
1040.0 0.000004490
1041.0 0.000004455
1042.0 0.000004420
1043.0 0.000004385
1044.0 0.000004350
1045.0 0.000004315
1046.0 0.000004280
1047.0 0.000004245
1048.0 0.000004210
1049.0 0.000004175
1050.0 0.000004140
1051.0 0.000003933
1052.0 0.000003726
1053.0 0.000003519
1054.0 0.000003312
1055.0 0.000003105
1056.0 0.000002898
1057.0 0.000002691
1058.0 0.000002484
1059.0 0.000002277
1060.0 0.000002070
1061.0 0.000002001
1062.0 0.000001932
1063.0 0.000001863
1064.0 0.000001794
1065.0 0.000001725
1066.0 0.000001656
1067.0 0.000001587
1068.0 0.000001518
1069.0 0.000001449
1070.0 0.000001380
1071.0 0.000001484
1072.0 0.000001588
1073.0 0.000001692
1074.0 0.000001796
1075.0 0.000001900
1076.0 0.000002004
1077.0 0.000002108
1078.0 0.000002212
1079.0 0.000002316
1080.0 0.000002420
1081.0 0.000002282
1082.0 0.000002144
1083.0 0.000002006
1084.0 0.000001868
1085.0 0.000001730
1086.0 0.000001592
1087.0 0.000001454
1088.0 0.000001316
1089.0 0.000001178
1090.0 0.000001040
1091.0 0.000001040
1092.0 0.000001040
1093.0 0.000001040
1094.0 0.000001040
1095.0 0.000001040
1096.0 0.000001040
1097.0 0.000001040
1098.0 0.000001040
1099.0 0.000001040
1100.0 0.000001040
