146    spot4-PAN
595.0000  0.02000 
596.0000  0.02125 
597.0000  0.02319 
598.0000  0.02650 
599.0000  0.03187 
600.0000  0.04000 
601.0000  0.05152 
602.0000  0.06687 
603.0000  0.08647 
604.0000  0.11071 
605.0000  0.14000 
606.0000  0.17452 
607.0000  0.21364 
608.0000  0.25649 
609.0000  0.30223 
610.0000  0.35000 
611.0000  0.39879 
612.0000  0.44698 
613.0000  0.49276 
614.0000  0.53437 
615.0000  0.57000 
616.0000  0.59855 
617.0000  0.62158 
618.0000  0.64134 
619.0000  0.66006 
620.0000  0.68000 
621.0000  0.70278 
622.0000  0.72759 
623.0000  0.75301 
624.0000  0.77762 
625.0000  0.80000 
626.0000  0.81906 
627.0000  0.83502 
628.0000  0.84846 
629.0000  0.85993 
630.0000  0.87000 
631.0000  0.87915 
632.0000  0.88760 
633.0000  0.89546 
634.0000  0.90289 
635.0000  0.91000 
636.0000  0.91689 
637.0000  0.92347 
638.0000  0.92960 
639.0000  0.93516 
640.0000  0.94000 
641.0000  0.94409 
642.0000  0.94773 
643.0000  0.95133 
644.0000  0.95529 
645.0000  0.96000 
646.0000  0.96572 
647.0000  0.97208 
648.0000  0.97859 
649.0000  0.98473 
650.0000  0.99000 
651.0000  0.99400 
652.0000  0.99681 
653.0000  0.99862 
654.0000  0.99962 
655.0000  1.00000 
656.0000  0.99987 
657.0000  0.99906 
658.0000  0.99731 
659.0000  0.99438 
660.0000  0.99000 
661.0000  0.98395 
662.0000  0.97606 
663.0000  0.96620 
664.0000  0.95423 
665.0000  0.94000 
666.0000  0.92338 
667.0000  0.90421 
668.0000  0.88236 
669.0000  0.85767 
670.0000  0.83000 
671.0000  0.79942 
672.0000  0.76692 
673.0000  0.73371 
674.0000  0.70100 
675.0000  0.67000 
676.0000  0.64157 
677.0000  0.61521 
678.0000  0.59006 
679.0000  0.56528 
680.0000  0.54000 
681.0000  0.51357 
682.0000  0.48608 
683.0000  0.45780 
684.0000  0.42901 
685.0000  0.40000 
686.0000  0.37111 
687.0000  0.34297 
688.0000  0.31627 
689.0000  0.29171 
690.0000  0.27000 
691.0000  0.25160 
692.0000  0.23606 
693.0000  0.22273 
694.0000  0.21093 
695.0000  0.20000 
696.0000  0.18939 
697.0000  0.17903 
698.0000  0.16897 
699.0000  0.15928 
700.0000  0.15000 
701.0000  0.14117 
702.0000  0.13279 
703.0000  0.12481 
704.0000  0.11723 
705.0000  0.11000 
706.0000  0.10312 
707.0000  0.09663 
708.0000  0.09057 
709.0000  0.08501 
710.0000  0.08000 
711.0000  0.07554 
712.0000  0.07150 
713.0000  0.06769 
714.0000  0.06392 
715.0000  0.06000 
716.0000  0.05582 
717.0000  0.05152 
718.0000  0.04731 
719.0000  0.04340 
720.0000  0.04000 
721.0000  0.03726 
722.0000  0.03506 
723.0000  0.03323 
724.0000  0.03160 
725.0000  0.03000 
726.0000  0.02828 
727.0000  0.02641 
728.0000  0.02440 
729.0000  0.02226 
730.0000  0.02000 
731.0000  0.01764 
732.0000  0.01531 
733.0000  0.01316 
734.0000  0.01134 
735.0000  0.01000 
736.0000  0.00924 
737.0000  0.00899 
738.0000  0.00912 
739.0000  0.00950 
740.0000  0.01000 
