268    spot4-Band4
1510.0000  0.00300 
1511.0000  0.00368 
1512.0000  0.00454 
1513.0000  0.00576 
1514.0000  0.00752 
1515.0000  0.01000 
1516.0000  0.01330 
1517.0000  0.01717 
1518.0000  0.02130 
1519.0000  0.02535 
1520.0000  0.02900 
1521.0000  0.03201 
1522.0000  0.03451 
1523.0000  0.03670 
1524.0000  0.03880 
1525.0000  0.04100 
1526.0000  0.04349 
1527.0000  0.04626 
1528.0000  0.04929 
1529.0000  0.05255 
1530.0000  0.05600 
1531.0000  0.05964 
1532.0000  0.06355 
1533.0000  0.06784 
1534.0000  0.07262 
1535.0000  0.07800 
1536.0000  0.08412 
1537.0000  0.09121 
1538.0000  0.09955 
1539.0000  0.10939 
1540.0000  0.12100 
1541.0000  0.13445 
1542.0000  0.14906 
1543.0000  0.16394 
1544.0000  0.17821 
1545.0000  0.19100 
1546.0000  0.20181 
1547.0000  0.21173 
1548.0000  0.22225 
1549.0000  0.23485 
1550.0000  0.25100 
1551.0000  0.27169 
1552.0000  0.29587 
1553.0000  0.32201 
1554.0000  0.34857 
1555.0000  0.37400 
1556.0000  0.39719 
1557.0000  0.41875 
1558.0000  0.43972 
1559.0000  0.46112 
1560.0000  0.48400 
1561.0000  0.50895 
1562.0000  0.53482 
1563.0000  0.56001 
1564.0000  0.58294 
1565.0000  0.60200 
1566.0000  0.61624 
1567.0000  0.62725 
1568.0000  0.63723 
1569.0000  0.64841 
1570.0000  0.66300 
1571.0000  0.68247 
1572.0000  0.70528 
1573.0000  0.72916 
1574.0000  0.75183 
1575.0000  0.77100 
1576.0000  0.78512 
1577.0000  0.79553 
1578.0000  0.80427 
1579.0000  0.81341 
1580.0000  0.82500 
1581.0000  0.84053 
1582.0000  0.85917 
1583.0000  0.87956 
1584.0000  0.90030 
1585.0000  0.92000 
1586.0000  0.93752 
1587.0000  0.95265 
1588.0000  0.96542 
1589.0000  0.97586 
1590.0000  0.98400 
1591.0000  0.98994 
1592.0000  0.99401 
1593.0000  0.99661 
1594.0000  0.99814 
1595.0000  0.99900 
1596.0000  0.99953 
1597.0000  0.99985 
1598.0000  1.00000 
1599.0000  1.00003 
1600.0000  1.00000 
1601.0000  0.99992 
1602.0000  0.99966 
1603.0000  0.99904 
1604.0000  0.99787 
1605.0000  0.99600 
1606.0000  0.99329 
1607.0000  0.98987 
1608.0000  0.98590 
1609.0000  0.98155 
1610.0000  0.97700 
1611.0000  0.97240 
1612.0000  0.96783 
1613.0000  0.96336 
1614.0000  0.95906 
1615.0000  0.95500 
1616.0000  0.95127 
1617.0000  0.94802 
1618.0000  0.94544 
1619.0000  0.94371 
1620.0000  0.94300 
1621.0000  0.94341 
1622.0000  0.94467 
1623.0000  0.94643 
1624.0000  0.94832 
1625.0000  0.95000 
1626.0000  0.95121 
1627.0000  0.95213 
1628.0000  0.95304 
1629.0000  0.95424 
1630.0000  0.95600 
1631.0000  0.95849 
1632.0000  0.96138 
1633.0000  0.96423 
1634.0000  0.96658 
1635.0000  0.96800 
1636.0000  0.96815 
1637.0000  0.96717 
1638.0000  0.96532 
1639.0000  0.96284 
1640.0000  0.96000 
1641.0000  0.95696 
1642.0000  0.95358 
1643.0000  0.94961 
1644.0000  0.94483 
1645.0000  0.93900 
1646.0000  0.93197 
1647.0000  0.92390 
1648.0000  0.91505 
1649.0000  0.90567 
1650.0000  0.89600 
1651.0000  0.88622 
1652.0000  0.87616 
1653.0000  0.86560 
1654.0000  0.85429 
1655.0000  0.84200 
1656.0000  0.82861 
1657.0000  0.81446 
1658.0000  0.80000 
1659.0000  0.78570 
1660.0000  0.77200 
1661.0000  0.75924 
1662.0000  0.74725 
1663.0000  0.73574 
1664.0000  0.72442 
1665.0000  0.71300 
1666.0000  0.70127 
1667.0000  0.68932 
1668.0000  0.67734 
1669.0000  0.66551 
1670.0000  0.65400 
1671.0000  0.64291 
1672.0000  0.63194 
1673.0000  0.62072 
1674.0000  0.60887 
1675.0000  0.59600 
1676.0000  0.58186 
1677.0000  0.56671 
1678.0000  0.55092 
1679.0000  0.53489 
1680.0000  0.51900 
1681.0000  0.50352 
1682.0000  0.48832 
1683.0000  0.47316 
1684.0000  0.45780 
1685.0000  0.44200 
1686.0000  0.42556 
1687.0000  0.40843 
1688.0000  0.39063 
1689.0000  0.37215 
1690.0000  0.35300 
1691.0000  0.33329 
1692.0000  0.31357 
1693.0000  0.29450 
1694.0000  0.27676 
1695.0000  0.26100 
1696.0000  0.24769 
1697.0000  0.23648 
1698.0000  0.22682 
1699.0000  0.21818 
1700.0000  0.21000 
1701.0000  0.20182 
1702.0000  0.19349 
1703.0000  0.18495 
1704.0000  0.17615 
1705.0000  0.16700 
1706.0000  0.15753 
1707.0000  0.14802 
1708.0000  0.13885 
1709.0000  0.13039 
1710.0000  0.12300 
1711.0000  0.11692 
1712.0000  0.11189 
1713.0000  0.10749 
1714.0000  0.10333 
1715.0000  0.09900 
1716.0000  0.09422 
1717.0000  0.08915 
1718.0000  0.08407 
1719.0000  0.07926 
1720.0000  0.07500 
1721.0000  0.07148 
1722.0000  0.06861 
1723.0000  0.06619 
1724.0000  0.06405 
1725.0000  0.06200 
1726.0000  0.05990 
1727.0000  0.05778 
1728.0000  0.05571 
1729.0000  0.05376 
1730.0000  0.05200 
1731.0000  0.05047 
1732.0000  0.04910 
1733.0000  0.04780 
1734.0000  0.04646 
1735.0000  0.04500 
1736.0000  0.04334 
1737.0000  0.04153 
1738.0000  0.03966 
1739.0000  0.03779 
1740.0000  0.03600 
1741.0000  0.03436 
1742.0000  0.03286 
1743.0000  0.03148 
1744.0000  0.03020 
1745.0000  0.02900 
1746.0000  0.02786 
1747.0000  0.02679 
1748.0000  0.02578 
1749.0000  0.02485 
1750.0000  0.02400 
1751.0000  0.02322 
1752.0000  0.02248 
1753.0000  0.02173 
1754.0000  0.02092 
1755.0000  0.02000 
1756.0000  0.01896 
1757.0000  0.01785 
1758.0000  0.01676 
1759.0000  0.01578 
1760.0000  0.01500 
1761.0000  0.01447 
1762.0000  0.01411 
1763.0000  0.01382 
1764.0000  0.01349 
1765.0000  0.01300 
1766.0000  0.01229 
1767.0000  0.01149 
1768.0000  0.01073 
1769.0000  0.01018 
1770.0000  0.01000 
1771.0000  0.01025 
1772.0000  0.01059 
1773.0000  0.01062 
1774.0000  0.00989 
1775.0000  0.00800 
1776.0000  0.00483 
1777.0000  0.00156 
