211    spot4-Band3
740.0000  0.01000 
741.0000  0.01232 
742.0000  0.01456 
743.0000  0.01664 
744.0000  0.01848 
745.0000  0.02000 
746.0000  0.02128 
747.0000  0.02303 
748.0000  0.02615 
749.0000  0.03151 
750.0000  0.04000 
751.0000  0.05217 
752.0000  0.06731 
753.0000  0.08435 
754.0000  0.10227 
755.0000  0.12000 
756.0000  0.13675 
757.0000  0.15270 
758.0000  0.16828 
759.0000  0.18390 
760.0000  0.20000 
761.0000  0.21690 
762.0000  0.23452 
763.0000  0.25270 
764.0000  0.27125 
765.0000  0.29000 
766.0000  0.30885 
767.0000  0.32801 
768.0000  0.34773 
769.0000  0.36831 
770.0000  0.39000 
771.0000  0.41297 
772.0000  0.43689 
773.0000  0.46133 
774.0000  0.48585 
775.0000  0.51000 
776.0000  0.53343 
777.0000  0.55610 
778.0000  0.57806 
779.0000  0.59934 
780.0000  0.62000 
781.0000  0.64003 
782.0000  0.65926 
783.0000  0.67748 
784.0000  0.69446 
785.0000  0.71000 
786.0000  0.72405 
787.0000  0.73725 
788.0000  0.75043 
789.0000  0.76440 
790.0000  0.78000 
791.0000  0.79763 
792.0000  0.81607 
793.0000  0.83369 
794.0000  0.84888 
795.0000  0.86000 
796.0000  0.86608 
797.0000  0.86880 
798.0000  0.87047 
799.0000  0.87343 
800.0000  0.88000 
801.0000  0.89164 
802.0000  0.90633 
803.0000  0.92121 
804.0000  0.93339 
805.0000  0.94000 
806.0000  0.93921 
807.0000  0.93339 
808.0000  0.92597 
809.0000  0.92037 
810.0000  0.92000 
811.0000  0.92720 
812.0000  0.93994 
813.0000  0.95507 
814.0000  0.96947 
815.0000  0.98000 
816.0000  0.98438 
817.0000  0.98366 
818.0000  0.97976 
819.0000  0.97457 
820.0000  0.97000 
821.0000  0.96761 
822.0000  0.96758 
823.0000  0.96974 
824.0000  0.97394 
825.0000  0.98000 
826.0000  0.98751 
827.0000  0.99499 
828.0000  1.00073 
829.0000  1.00297 
830.0000  1.00000 
831.0000  0.99091 
832.0000  0.97813 
833.0000  0.96488 
834.0000  0.95442 
835.0000  0.95000 
836.0000  0.95372 
837.0000  0.96314 
838.0000  0.97471 
839.0000  0.98485 
840.0000  0.99000 
841.0000  0.98766 
842.0000  0.97962 
843.0000  0.96875 
844.0000  0.95792 
845.0000  0.95000 
846.0000  0.94718 
847.0000  0.94895 
848.0000  0.95414 
849.0000  0.96155 
850.0000  0.97000 
851.0000  0.97834 
852.0000  0.98553 
853.0000  0.99054 
854.0000  0.99237 
855.0000  0.99000 
856.0000  0.98298 
857.0000  0.97310 
858.0000  0.96274 
859.0000  0.95425 
860.0000  0.95000 
861.0000  0.95151 
862.0000  0.95695 
863.0000  0.96363 
864.0000  0.96887 
865.0000  0.97000 
866.0000  0.96505 
867.0000  0.95494 
868.0000  0.94131 
869.0000  0.92578 
870.0000  0.91000 
871.0000  0.89524 
872.0000  0.88135 
873.0000  0.86785 
874.0000  0.85423 
875.0000  0.84000 
876.0000  0.82472 
877.0000  0.80821 
878.0000  0.79033 
879.0000  0.77097 
880.0000  0.75000 
881.0000  0.72740 
882.0000  0.70359 
883.0000  0.67907 
884.0000  0.65437 
885.0000  0.63000 
886.0000  0.60631 
887.0000  0.58297 
888.0000  0.55947 
889.0000  0.53532 
890.0000  0.51000 
891.0000  0.48327 
892.0000  0.45589 
893.0000  0.42887 
894.0000  0.40324 
895.0000  0.38000 
896.0000  0.35981 
897.0000  0.34188 
898.0000  0.32504 
899.0000  0.30813 
900.0000  0.29000 
901.0000  0.26988 
902.0000  0.24860 
903.0000  0.22738 
904.0000  0.20744 
905.0000  0.19000 
906.0000  0.17593 
907.0000  0.16474 
908.0000  0.15559 
909.0000  0.14762 
910.0000  0.14000 
911.0000  0.13206 
912.0000  0.12386 
913.0000  0.11562 
914.0000  0.10759 
915.0000  0.10000 
916.0000  0.09302 
917.0000  0.08662 
918.0000  0.08072 
919.0000  0.07520 
920.0000  0.07000 
921.0000  0.06505 
922.0000  0.06044 
923.0000  0.05631 
924.0000  0.05279 
925.0000  0.05000 
926.0000  0.04798 
927.0000  0.04640 
928.0000  0.04483 
929.0000  0.04284 
930.0000  0.04000 
931.0000  0.03606 
932.0000  0.03146 
933.0000  0.02684 
934.0000  0.02281 
935.0000  0.02000 
936.0000  0.01882 
937.0000  0.01886 
938.0000  0.01949 
939.0000  0.02008 
940.0000  0.02000 
941.0000  0.01881 
942.0000  0.01677 
943.0000  0.01433 
944.0000  0.01193 
945.0000  0.01000 
946.0000  0.00889 
947.0000  0.00852 
948.0000  0.00871 
949.0000  0.00926 
950.0000  0.01000 
