176    spot4-Band1
475.0000  0.00100 
476.0000 -0.00046 
477.0000 -0.00145 
478.0000 -0.00152 
479.0000 -0.00019 
480.0000  0.00300 
481.0000  0.00842 
482.0000  0.01604 
483.0000  0.02576 
484.0000  0.03745 
485.0000  0.05100 
486.0000  0.06640 
487.0000  0.08408 
488.0000  0.10455 
489.0000  0.12835 
490.0000  0.15600 
491.0000  0.18764 
492.0000  0.22186 
493.0000  0.25686 
494.0000  0.29084 
495.0000  0.32200 
496.0000  0.34912 
497.0000  0.37330 
498.0000  0.39622 
499.0000  0.41956 
500.0000  0.44500 
501.0000  0.47371 
502.0000  0.50484 
503.0000  0.53701 
504.0000  0.56885 
505.0000  0.59900 
506.0000  0.62637 
507.0000  0.65101 
508.0000  0.67327 
509.0000  0.69349 
510.0000  0.71200 
511.0000  0.72924 
512.0000  0.74605 
513.0000  0.76332 
514.0000  0.78200 
515.0000  0.80300 
516.0000  0.82682 
517.0000  0.85231 
518.0000  0.87789 
519.0000  0.90198 
520.0000  0.92300 
521.0000  0.93978 
522.0000  0.95269 
523.0000  0.96251 
524.0000  0.97002 
525.0000  0.97600 
526.0000  0.98110 
527.0000  0.98549 
528.0000  0.98923 
529.0000  0.99238 
530.0000  0.99500 
531.0000  0.99712 
532.0000  0.99872 
533.0000  0.99976 
534.0000  1.00020 
535.0000  1.00000 
536.0000  0.99908 
537.0000  0.99720 
538.0000  0.99408 
539.0000  0.98944 
540.0000  0.98300 
541.0000  0.97465 
542.0000  0.96500 
543.0000  0.95482 
544.0000  0.94489 
545.0000  0.93600 
546.0000  0.92870 
547.0000  0.92269 
548.0000  0.91742 
549.0000  0.91237 
550.0000  0.90700 
551.0000  0.90095 
552.0000  0.89448 
553.0000  0.88805 
554.0000  0.88207 
555.0000  0.87700 
556.0000  0.87312 
557.0000  0.87019 
558.0000  0.86779 
559.0000  0.86552 
560.0000  0.86300 
561.0000  0.85988 
562.0000  0.85612 
563.0000  0.85171 
564.0000  0.84666 
565.0000  0.84100 
566.0000  0.83479 
567.0000  0.82837 
568.0000  0.82216 
569.0000  0.81657 
570.0000  0.81200 
571.0000  0.80870 
572.0000  0.80624 
573.0000  0.80403 
574.0000  0.80148 
575.0000  0.79800 
576.0000  0.79316 
577.0000  0.78723 
578.0000  0.78061 
579.0000  0.77372 
580.0000  0.76700 
581.0000  0.76067 
582.0000  0.75421 
583.0000  0.74691 
584.0000  0.73808 
585.0000  0.72700 
586.0000  0.71321 
587.0000  0.69719 
588.0000  0.67967 
589.0000  0.66136 
590.0000  0.64300 
591.0000  0.62520 
592.0000  0.60813 
593.0000  0.59186 
594.0000  0.57646 
595.0000  0.56200 
596.0000  0.54843 
597.0000  0.53526 
598.0000  0.52187 
599.0000  0.50765 
600.0000  0.49200 
601.0000  0.47447 
602.0000  0.45529 
603.0000  0.43488 
604.0000  0.41365 
605.0000  0.39200 
606.0000  0.37023 
607.0000  0.34820 
608.0000  0.32566 
609.0000  0.30234 
610.0000  0.27800 
611.0000  0.25257 
612.0000  0.22676 
613.0000  0.20146 
614.0000  0.17757 
615.0000  0.15600 
616.0000  0.13744 
617.0000  0.12182 
618.0000  0.10889 
619.0000  0.09837 
620.0000  0.09000 
621.0000  0.08347 
622.0000  0.07821 
623.0000  0.07362 
624.0000  0.06909 
625.0000  0.06400 
626.0000  0.05793 
627.0000  0.05119 
628.0000  0.04429 
629.0000  0.03773 
630.0000  0.03200 
631.0000  0.02750 
632.0000  0.02420 
633.0000  0.02195 
634.0000  0.02060 
635.0000  0.02000 
636.0000  0.02000 
637.0000  0.02035 
638.0000  0.02080 
639.0000  0.02110 
640.0000  0.02100 
641.0000  0.02031 
642.0000  0.01911 
643.0000  0.01755 
644.0000  0.01580 
645.0000  0.01400 
646.0000  0.01227 
647.0000  0.01063 
648.0000  0.00905 
649.0000  0.00752 
650.0000  0.00600 
