33 B1 
0.427000 0.000073
0.428000 0.000609
0.429000 0.001628
0.430000 0.003421
0.431000 0.008019
0.432000 0.024767
0.433000 0.085688
0.434000 0.254149
0.435000 0.517821
0.436000 0.765117
0.437000 0.908749
0.438000 0.958204
0.439000 0.977393
0.440000 0.983790
0.441000 0.989052
0.442000 0.986713
0.443000 0.993683
0.444000 0.993137
0.445000 1.000000
0.446000 0.996969
0.447000 0.982780
0.448000 0.972692
0.449000 0.905808
0.450000 0.745606
0.451000 0.471329
0.452000 0.226412
0.453000 0.092860
0.454000 0.036603
0.455000 0.014537
0.456000 0.005829
0.457000 0.002414
0.458000 0.000984
0.459000 0.000255
