88 B3
0.513000 0.000016
0.514000 0.000110
0.515000 0.000247
0.516000 0.000362
0.517000 0.000648
0.518000 0.000935
0.519000 0.001332
0.520000 0.001816
0.521000 0.002515
0.522000 0.003446
0.523000 0.004880
0.524000 0.007024
0.525000 0.010441
0.526000 0.016247
0.527000 0.025513
0.528000 0.041451
0.529000 0.070551
0.530000 0.123444
0.531000 0.211680
0.532000 0.353885
0.533000 0.545856
0.534000 0.741205
0.535000 0.865225
0.536000 0.927396
0.537000 0.954627
0.538000 0.954163
0.539000 0.959215
0.540000 0.961328
0.541000 0.964902
0.542000 0.969873
0.543000 0.952489
0.544000 0.961397
0.545000 0.978270
0.546000 0.977533
0.547000 0.977001
0.548000 0.980884
0.549000 0.990784
0.550000 1.000000
0.551000 0.992264
0.552000 0.982642
0.553000 0.983832
0.554000 0.977765
0.555000 0.965081
0.556000 0.957314
0.557000 0.946245
0.558000 0.947871
0.559000 0.959038
0.560000 0.966534
0.561000 0.977656
0.562000 0.966447
0.563000 0.953399
0.564000 0.958314
0.565000 0.970039
0.566000 0.978607
0.567000 0.983397
0.568000 0.980960
0.569000 0.974522
0.570000 0.967229
0.571000 0.979406
0.572000 0.978208
0.573000 0.975818
0.574000 0.974392
0.575000 0.979973
0.576000 0.968827
0.577000 0.969181
0.578000 0.967838
0.579000 0.982956
0.580000 0.979598
0.581000 0.963811
0.582000 0.968886
0.583000 0.983655
0.584000 0.986657
0.585000 0.974207
0.586000 0.946407
0.587000 0.904478
0.588000 0.809275
0.589000 0.684974
0.590000 0.525304
0.591000 0.345364
0.592000 0.190467
0.593000 0.087833
0.594000 0.035393
0.595000 0.014077
0.596000 0.005944
0.597000 0.002574
0.598000 0.001046
0.599000 0.000394
0.600000 0.000085
