70 B9
1.340000 -0.000003
1.341000 0.000086
1.342000 0.000194
1.343000 0.000321
1.344000 0.000469
1.345000 0.000647
1.346000 0.000856
1.347000 0.001119
1.348000 0.001429
1.349000 0.001828
1.350000 0.002318
1.351000 0.003030
1.352000 0.004011
1.353000 0.005398
1.354000 0.007194
1.355000 0.011124
1.356000 0.016985
1.357000 0.026321
1.358000 0.042756
1.359000 0.069220
1.360000 0.115351
1.361000 0.182833
1.362000 0.316333
1.363000 0.457030
1.364000 0.596852
1.365000 0.772118
1.366000 0.862394
1.367000 0.871575
1.368000 0.930308
1.369000 0.962664
1.370000 0.931247
1.371000 0.938676
1.372000 0.983748
1.373000 0.999626
1.374000 0.986968
1.375000 1.000000
1.376000 0.983239
1.377000 0.990577
1.378000 0.963584
1.379000 0.964054
1.380000 0.871343
1.381000 0.872689
1.382000 0.703198
1.383000 0.606578
1.384000 0.452434
1.385000 0.297920
1.386000 0.190978
1.387000 0.113055
1.388000 0.066174
1.389000 0.041513
1.390000 0.026084
1.391000 0.016218
1.392000 0.009774
1.393000 0.006839
1.394000 0.004358
1.395000 0.002780
1.396000 0.001809
1.397000 0.001351
1.398000 0.000887
1.399000 0.000481
1.400000 0.000220
1.401000 0.000114
1.402000 0.000029
1.403000 -0.000070
1.404000 -0.000178
1.405000 -0.000182
1.406000 -0.000238
1.407000 -0.000272
1.408000 -0.000296
1.409000 -0.000308
