57 B4
0.626000 0.000270
0.627000 0.000895
0.628000 0.001850
0.629000 0.003648
0.630000 0.007197
0.631000 0.014515
0.632000 0.030432
0.633000 0.066861
0.634000 0.148518
0.635000 0.299778
0.636000 0.526812
0.637000 0.764443
0.638000 0.905473
0.639000 0.947949
0.640000 0.950823
0.641000 0.947418
0.642000 0.951831
0.643000 0.962705
0.644000 0.975075
0.645000 0.984173
0.646000 0.983613
0.647000 0.983434
0.648000 0.982911
0.649000 0.973636
0.650000 0.959441
0.651000 0.955641
0.652000 0.955548
0.653000 0.953337
0.654000 0.956628
0.655000 0.981688
0.656000 1.000000
0.657000 0.992388
0.658000 0.984615
0.659000 0.981568
0.660000 0.976960
0.661000 0.972980
0.662000 0.981080
0.663000 0.996804
0.664000 0.992142
0.665000 0.980678
0.666000 0.964002
0.667000 0.962154
0.668000 0.970778
0.669000 0.967180
0.670000 0.966928
0.671000 0.949928
0.672000 0.848855
0.673000 0.609359
0.674000 0.316350
0.675000 0.123946
0.676000 0.046033
0.677000 0.017702
0.678000 0.007333
0.679000 0.003205
0.680000 0.001402
0.681000 0.000554
0.682000 0.000117
