67 B5
0.830000 0.000011
0.831000 0.000050
0.832000 0.000100
0.833000 0.000239
0.834000 0.000314
0.835000 0.000495
0.836000 0.000719
0.837000 0.000986
0.838000 0.001445
0.839000 0.002107
0.840000 0.003160
0.841000 0.004744
0.842000 0.007059
0.843000 0.010900
0.844000 0.017346
0.845000 0.028332
0.846000 0.048191
0.847000 0.084363
0.848000 0.145365
0.849000 0.249733
0.850000 0.403526
0.851000 0.582623
0.852000 0.745037
0.853000 0.890315
0.854000 0.960215
0.855000 0.986833
0.856000 0.973133
0.857000 0.980606
0.858000 0.996120
0.859000 1.000000
0.860000 0.989777
0.861000 0.980733
0.862000 0.975935
0.863000 0.972043
0.864000 0.957357
0.865000 0.951209
0.866000 0.947044
0.867000 0.953162
0.868000 0.951499
0.869000 0.948450
0.870000 0.940094
0.871000 0.950632
0.872000 0.956079
0.873000 0.966460
0.874000 0.969821
0.875000 0.936610
0.876000 0.891066
0.877000 0.788733
0.878000 0.635320
0.879000 0.448364
0.880000 0.288847
0.881000 0.174619
0.882000 0.100343
0.883000 0.058265
0.884000 0.034532
0.885000 0.020720
0.886000 0.012440
0.887000 0.007601
0.888000 0.004702
0.889000 0.002944
0.890000 0.001870
0.891000 0.001192
0.892000 0.000743
0.893000 0.000423
0.894000 0.000241
0.895000 0.000116
0.896000 0.000044
