313 B7
2.038000 0.000037
2.039000 0.000083
2.040000 0.000131
2.041000 0.000179
2.042000 0.000240
2.043000 0.000305
2.044000 0.000368
2.045000 0.000430
2.046000 0.000512
2.047000 0.000599
2.048000 0.000704
2.049000 0.000814
2.050000 0.000947
2.051000 0.001085
2.052000 0.001222
2.053000 0.001360
2.054000 0.001546
2.055000 0.001745
2.056000 0.001964
2.057000 0.002187
2.058000 0.002439
2.059000 0.002696
2.060000 0.003010
2.061000 0.003339
2.062000 0.003733
2.063000 0.004141
2.064000 0.004627
2.065000 0.005137
2.066000 0.005728
2.067000 0.006337
2.068000 0.007139
2.069000 0.007996
2.070000 0.008903
2.071000 0.009824
2.072000 0.011005
2.073000 0.012261
2.074000 0.013610
2.075000 0.014987
2.076000 0.016872
2.077000 0.018899
2.078000 0.021000
2.079000 0.023121
2.080000 0.025897
2.081000 0.028847
2.082000 0.032071
2.083000 0.035363
2.084000 0.040206
2.085000 0.045432
2.086000 0.050903
2.087000 0.056429
2.088000 0.063270
2.089000 0.070409
2.090000 0.079382
2.091000 0.088907
2.092000 0.100640
2.093000 0.112830
2.094000 0.128292
2.095000 0.144668
2.096000 0.162055
2.097000 0.179714
2.098000 0.202780
2.099000 0.227234
2.100000 0.253732
2.101000 0.280925
2.102000 0.311347
2.103000 0.342526
2.104000 0.377044
2.105000 0.412621
2.106000 0.450470
2.107000 0.488816
2.108000 0.522458
2.109000 0.554715
2.110000 0.593227
2.111000 0.633521
2.112000 0.663067
2.113000 0.689664
2.114000 0.722284
2.115000 0.756529
2.116000 0.776463
2.117000 0.792667
2.118000 0.813716
2.119000 0.836001
2.120000 0.846344
2.121000 0.853714
2.122000 0.867845
2.123000 0.883615
2.124000 0.886411
2.125000 0.886127
2.126000 0.895232
2.127000 0.906527
2.128000 0.909739
2.129000 0.911091
2.130000 0.917985
2.131000 0.926131
2.132000 0.929693
2.133000 0.932227
2.134000 0.936544
2.135000 0.941406
2.136000 0.942571
2.137000 0.942952
2.138000 0.943112
2.139000 0.943194
2.140000 0.945168
2.141000 0.947537
2.142000 0.948776
2.143000 0.949694
2.144000 0.949643
2.145000 0.949400
2.146000 0.952551
2.147000 0.956635
2.148000 0.953083
2.149000 0.947423
2.150000 0.949094
2.151000 0.952773
2.152000 0.950874
2.153000 0.947477
2.154000 0.947014
2.155000 0.947085
2.156000 0.951812
2.157000 0.957717
2.158000 0.953332
2.159000 0.946412
2.160000 0.947778
2.161000 0.951119
2.162000 0.951641
2.163000 0.951518
2.164000 0.948644
2.165000 0.944956
2.166000 0.942515
2.167000 0.940311
2.168000 0.943400
2.169000 0.947923
2.170000 0.945010
2.171000 0.940213
2.172000 0.938737
2.173000 0.938060
2.174000 0.941859
2.175000 0.947019
2.176000 0.946554
2.177000 0.944482
2.178000 0.947414
2.179000 0.951661
2.180000 0.949283
2.181000 0.945318
2.182000 0.939939
2.183000 0.934142
2.184000 0.935493
2.185000 0.938820
2.186000 0.939253
2.187000 0.938955
2.188000 0.934675
2.189000 0.929162
2.190000 0.927085
2.191000 0.925692
2.192000 0.930508
2.193000 0.936899
2.194000 0.933908
2.195000 0.927984
2.196000 0.930981
2.197000 0.936472
2.198000 0.935776
2.199000 0.933523
2.200000 0.935132
2.201000 0.937592
2.202000 0.946217
2.203000 0.956567
2.204000 0.955661
2.205000 0.951991
2.206000 0.956666
2.207000 0.963135
2.208000 0.964442
2.209000 0.964365
2.210000 0.963523
2.211000 0.962434
2.212000 0.962905
2.213000 0.963685
2.214000 0.962473
2.215000 0.960741
2.216000 0.959239
2.217000 0.957814
2.218000 0.957781
2.219000 0.958041
2.220000 0.953274
2.221000 0.947160
2.222000 0.951706
2.223000 0.958833
2.224000 0.960212
2.225000 0.960339
2.226000 0.954785
2.227000 0.947696
2.228000 0.951965
2.229000 0.959060
2.230000 0.960554
2.231000 0.960764
2.232000 0.955750
2.233000 0.949261
2.234000 0.953245
2.235000 0.959970
2.236000 0.963736
2.237000 0.966786
2.238000 0.964315
2.239000 0.960173
2.240000 0.965473
2.241000 0.973416
2.242000 0.977637
2.243000 0.980904
2.244000 0.982760
2.245000 0.984155
2.246000 0.984693
2.247000 0.985056
2.248000 0.991486
2.249000 0.999600
2.250000 0.997654
2.251000 0.993153
2.252000 0.992469
2.253000 0.992675
2.254000 0.995894
2.255000 1.000000
2.256000 0.999279
2.257000 0.997261
2.258000 0.994356
2.259000 0.991127
2.260000 0.987747
2.261000 0.984349
2.262000 0.986037
2.263000 0.989132
2.264000 0.984536
2.265000 0.978024
2.266000 0.975019
2.267000 0.972794
2.268000 0.974168
2.269000 0.976540
2.270000 0.976199
2.271000 0.975206
2.272000 0.974409
2.273000 0.973662
2.274000 0.967502
2.275000 0.959895
2.276000 0.956943
2.277000 0.955095
2.278000 0.955085
2.279000 0.955588
2.280000 0.947195
2.281000 0.936650
2.282000 0.922405
2.283000 0.907109
2.284000 0.894940
2.285000 0.883588
2.286000 0.855489
2.287000 0.823876
2.288000 0.784880
2.289000 0.744025
2.290000 0.698520
2.291000 0.651673
2.292000 0.602539
2.293000 0.552647
2.294000 0.502693
2.295000 0.452698
2.296000 0.403993
2.297000 0.355569
2.298000 0.315712
2.299000 0.278260
2.300000 0.244645
2.301000 0.212213
2.302000 0.186151
2.303000 0.161749
2.304000 0.141435
2.305000 0.122015
2.306000 0.106531
2.307000 0.092029
2.308000 0.080268
2.309000 0.069276
2.310000 0.060703
2.311000 0.052702
2.312000 0.046332
2.313000 0.040405
2.314000 0.035634
2.315000 0.031213
2.316000 0.027516
2.317000 0.024000
2.318000 0.021262
2.319000 0.018688
2.320000 0.016562
2.321000 0.014545
2.322000 0.012930
2.323000 0.011426
2.324000 0.010155
2.325000 0.008959
2.326000 0.007992
2.327000 0.007088
2.328000 0.006348
2.329000 0.005643
2.330000 0.005019
2.331000 0.004415
2.332000 0.003903
2.333000 0.003421
2.334000 0.003025
2.335000 0.002651
2.336000 0.002340
2.337000 0.002047
2.338000 0.001795
2.339000 0.001554
2.340000 0.001345
2.341000 0.001145
2.342000 0.000974
2.343000 0.000811
2.344000 0.000680
2.345000 0.000560
2.346000 0.000440
2.347000 0.000320
2.348000 0.000217
2.349000 0.000119
2.350000 0.000028
