5001 B11
9.000 0.00147
9.001 0.00147
9.002 0.00147
9.003 0.00147
9.004 0.00146
9.005 0.00146
9.006 0.00146
9.007 0.00146
9.008 0.00146
9.009 0.00146
9.010 0.00145
9.011 0.00145
9.012 0.00145
9.013 0.00145
9.014 0.00145
9.015 0.00145
9.016 0.00145
9.017 0.00144
9.018 0.00144
9.019 0.00144
9.020 0.00144
9.021 0.00144
9.022 0.00144
9.023 0.00144
9.024 0.00144
9.025 0.00144
9.026 0.00144
9.027 0.00144
9.028 0.00144
9.029 0.00144
9.030 0.00144
9.031 0.00144
9.032 0.00144
9.033 0.00144
9.034 0.00144
9.035 0.00144
9.036 0.00144
9.037 0.00144
9.038 0.00144
9.039 0.00145
9.040 0.00145
9.041 0.00145
9.042 0.00145
9.043 0.00145
9.044 0.00146
9.045 0.00146
9.046 0.00146
9.047 0.00147
9.048 0.00147
9.049 0.00147
9.050 0.00148
9.051 0.00148
9.052 0.00148
9.053 0.00149
9.054 0.00149
9.055 0.00150
9.056 0.00150
9.057 0.00151
9.058 0.00151
9.059 0.00152
9.060 0.00152
9.061 0.00153
9.062 0.00154
9.063 0.00154
9.064 0.00155
9.065 0.00155
9.066 0.00156
9.067 0.00157
9.068 0.00157
9.069 0.00158
9.070 0.00158
9.071 0.00159
9.072 0.00160
9.073 0.00160
9.074 0.00161
9.075 0.00162
9.076 0.00162
9.077 0.00163
9.078 0.00164
9.079 0.00164
9.080 0.00165
9.081 0.00166
9.082 0.00166
9.083 0.00167
9.084 0.00167
9.085 0.00168
9.086 0.00169
9.087 0.00169
9.088 0.00170
9.089 0.00170
9.090 0.00171
9.091 0.00171
9.092 0.00172
9.093 0.00172
9.094 0.00173
9.095 0.00173
9.096 0.00174
9.097 0.00174
9.098 0.00174
9.099 0.00175
9.100 0.00175
9.101 0.00176
9.102 0.00176
9.103 0.00176
9.104 0.00176
9.105 0.00177
9.106 0.00177
9.107 0.00177
9.108 0.00177
9.109 0.00177
9.110 0.00177
9.111 0.00178
9.112 0.00178
9.113 0.00178
9.114 0.00178
9.115 0.00178
9.116 0.00178
9.117 0.00178
9.118 0.00178
9.119 0.00178
9.120 0.00178
9.121 0.00178
9.122 0.00178
9.123 0.00178
9.124 0.00178
9.125 0.00178
9.126 0.00178
9.127 0.00178
9.128 0.00178
9.129 0.00178
9.130 0.00178
9.131 0.00178
9.132 0.00178
9.133 0.00177
9.134 0.00177
9.135 0.00177
9.136 0.00177
9.137 0.00177
9.138 0.00177
9.139 0.00177
9.140 0.00177
9.141 0.00177
9.142 0.00177
9.143 0.00177
9.144 0.00177
9.145 0.00177
9.146 0.00177
9.147 0.00177
9.148 0.00177
9.149 0.00177
9.150 0.00177
9.151 0.00177
9.152 0.00177
9.153 0.00177
9.154 0.00177
9.155 0.00177
9.156 0.00178
9.157 0.00178
9.158 0.00178
9.159 0.00178
9.160 0.00178
9.161 0.00178
9.162 0.00178
9.163 0.00179
9.164 0.00179
9.165 0.00179
9.166 0.00179
9.167 0.00179
9.168 0.00179
9.169 0.00180
9.170 0.00180
9.171 0.00180
9.172 0.00180
9.173 0.00180
9.174 0.00181
9.175 0.00181
9.176 0.00181
9.177 0.00181
9.178 0.00181
9.179 0.00182
9.180 0.00182
9.181 0.00182
9.182 0.00182
9.183 0.00182
9.184 0.00182
9.185 0.00183
9.186 0.00183
9.187 0.00183
9.188 0.00183
9.189 0.00183
9.190 0.00183
9.191 0.00183
9.192 0.00184
9.193 0.00184
9.194 0.00184
9.195 0.00184
9.196 0.00184
9.197 0.00184
9.198 0.00184
9.199 0.00184
9.200 0.00184
9.201 0.00184
9.202 0.00184
9.203 0.00184
9.204 0.00184
9.205 0.00184
9.206 0.00184
9.207 0.00184
9.208 0.00184
9.209 0.00184
9.210 0.00183
9.211 0.00183
9.212 0.00183
9.213 0.00183
9.214 0.00183
9.215 0.00183
9.216 0.00183
9.217 0.00182
9.218 0.00182
9.219 0.00182
9.220 0.00182
9.221 0.00182
9.222 0.00181
9.223 0.00181
9.224 0.00181
9.225 0.00181
9.226 0.00181
9.227 0.00181
9.228 0.00180
9.229 0.00180
9.230 0.00180
9.231 0.00180
9.232 0.00180
9.233 0.00179
9.234 0.00179
9.235 0.00179
9.236 0.00179
9.237 0.00179
9.238 0.00178
9.239 0.00178
9.240 0.00178
9.241 0.00178
9.242 0.00178
9.243 0.00178
9.244 0.00178
9.245 0.00178
9.246 0.00177
9.247 0.00177
9.248 0.00177
9.249 0.00177
9.250 0.00177
9.251 0.00177
9.252 0.00177
9.253 0.00177
9.254 0.00177
9.255 0.00177
9.256 0.00177
9.257 0.00177
9.258 0.00177
9.259 0.00177
9.260 0.00177
9.261 0.00177
9.262 0.00178
9.263 0.00178
9.264 0.00178
9.265 0.00178
9.266 0.00178
9.267 0.00178
9.268 0.00178
9.269 0.00179
9.270 0.00179
9.271 0.00179
9.272 0.00179
9.273 0.00179
9.274 0.00180
9.275 0.00180
9.276 0.00180
9.277 0.00181
9.278 0.00181
9.279 0.00181
9.280 0.00182
9.281 0.00182
9.282 0.00182
9.283 0.00183
9.284 0.00183
9.285 0.00184
9.286 0.00184
9.287 0.00184
9.288 0.00185
9.289 0.00185
9.290 0.00186
9.291 0.00186
9.292 0.00187
9.293 0.00187
9.294 0.00188
9.295 0.00188
9.296 0.00189
9.297 0.00190
9.298 0.00190
9.299 0.00191
9.300 0.00191
9.301 0.00192
9.302 0.00193
9.303 0.00193
9.304 0.00194
9.305 0.00195
9.306 0.00195
9.307 0.00196
9.308 0.00197
9.309 0.00198
9.310 0.00198
9.311 0.00199
9.312 0.00200
9.313 0.00200
9.314 0.00201
9.315 0.00202
9.316 0.00203
9.317 0.00203
9.318 0.00204
9.319 0.00205
9.320 0.00205
9.321 0.00206
9.322 0.00207
9.323 0.00207
9.324 0.00208
9.325 0.00208
9.326 0.00209
9.327 0.00209
9.328 0.00210
9.329 0.00210
9.330 0.00211
9.331 0.00211
9.332 0.00212
9.333 0.00212
9.334 0.00212
9.335 0.00213
9.336 0.00213
9.337 0.00213
9.338 0.00213
9.339 0.00214
9.340 0.00214
9.341 0.00214
9.342 0.00214
9.343 0.00214
9.344 0.00214
9.345 0.00214
9.346 0.00214
9.347 0.00213
9.348 0.00213
9.349 0.00213
9.350 0.00213
9.351 0.00212
9.352 0.00212
9.353 0.00211
9.354 0.00211
9.355 0.00210
9.356 0.00209
9.357 0.00209
9.358 0.00208
9.359 0.00207
9.360 0.00206
9.361 0.00206
9.362 0.00205
9.363 0.00204
9.364 0.00203
9.365 0.00202
9.366 0.00201
9.367 0.00200
9.368 0.00199
9.369 0.00198
9.370 0.00197
9.371 0.00196
9.372 0.00195
9.373 0.00194
9.374 0.00192
9.375 0.00191
9.376 0.00190
9.377 0.00189
9.378 0.00188
9.379 0.00187
9.380 0.00186
9.381 0.00185
9.382 0.00184
9.383 0.00183
9.384 0.00182
9.385 0.00181
9.386 0.00180
9.387 0.00179
9.388 0.00178
9.389 0.00177
9.390 0.00176
9.391 0.00175
9.392 0.00174
9.393 0.00173
9.394 0.00173
9.395 0.00172
9.396 0.00171
9.397 0.00170
9.398 0.00170
9.399 0.00169
9.400 0.00169
9.401 0.00168
9.402 0.00168
9.403 0.00168
9.404 0.00167
9.405 0.00167
9.406 0.00167
9.407 0.00167
9.408 0.00166
9.409 0.00166
9.410 0.00166
9.411 0.00166
9.412 0.00166
9.413 0.00166
9.414 0.00166
9.415 0.00166
9.416 0.00167
9.417 0.00167
9.418 0.00167
9.419 0.00167
9.420 0.00167
9.421 0.00168
9.422 0.00168
9.423 0.00168
9.424 0.00169
9.425 0.00169
9.426 0.00170
9.427 0.00170
9.428 0.00170
9.429 0.00171
9.430 0.00171
9.431 0.00172
9.432 0.00172
9.433 0.00173
9.434 0.00174
9.435 0.00174
9.436 0.00175
9.437 0.00175
9.438 0.00176
9.439 0.00176
9.440 0.00177
9.441 0.00178
9.442 0.00178
9.443 0.00179
9.444 0.00179
9.445 0.00180
9.446 0.00181
9.447 0.00181
9.448 0.00182
9.449 0.00182
9.450 0.00183
9.451 0.00184
9.452 0.00184
9.453 0.00185
9.454 0.00185
9.455 0.00186
9.456 0.00186
9.457 0.00187
9.458 0.00187
9.459 0.00188
9.460 0.00188
9.461 0.00189
9.462 0.00190
9.463 0.00190
9.464 0.00191
9.465 0.00191
9.466 0.00192
9.467 0.00192
9.468 0.00193
9.469 0.00193
9.470 0.00194
9.471 0.00194
9.472 0.00195
9.473 0.00195
9.474 0.00196
9.475 0.00196
9.476 0.00197
9.477 0.00197
9.478 0.00198
9.479 0.00198
9.480 0.00199
9.481 0.00200
9.482 0.00200
9.483 0.00201
9.484 0.00201
9.485 0.00202
9.486 0.00202
9.487 0.00203
9.488 0.00204
9.489 0.00204
9.490 0.00205
9.491 0.00206
9.492 0.00206
9.493 0.00207
9.494 0.00208
9.495 0.00208
9.496 0.00209
9.497 0.00210
9.498 0.00210
9.499 0.00211
9.500 0.00212
9.501 0.00213
9.502 0.00213
9.503 0.00214
9.504 0.00215
9.505 0.00216
9.506 0.00217
9.507 0.00218
9.508 0.00218
9.509 0.00219
9.510 0.00220
9.511 0.00221
9.512 0.00222
9.513 0.00223
9.514 0.00224
9.515 0.00224
9.516 0.00225
9.517 0.00226
9.518 0.00227
9.519 0.00228
9.520 0.00229
9.521 0.00230
9.522 0.00230
9.523 0.00231
9.524 0.00232
9.525 0.00233
9.526 0.00234
9.527 0.00235
9.528 0.00235
9.529 0.00236
9.530 0.00237
9.531 0.00238
9.532 0.00238
9.533 0.00239
9.534 0.00240
9.535 0.00240
9.536 0.00241
9.537 0.00242
9.538 0.00242
9.539 0.00243
9.540 0.00243
9.541 0.00244
9.542 0.00244
9.543 0.00245
9.544 0.00245
9.545 0.00246
9.546 0.00246
9.547 0.00247
9.548 0.00247
9.549 0.00247
9.550 0.00248
9.551 0.00248
9.552 0.00248
9.553 0.00248
9.554 0.00248
9.555 0.00248
9.556 0.00248
9.557 0.00248
9.558 0.00248
9.559 0.00248
9.560 0.00248
9.561 0.00248
9.562 0.00248
9.563 0.00248
9.564 0.00248
9.565 0.00248
9.566 0.00248
9.567 0.00247
9.568 0.00247
9.569 0.00247
9.570 0.00246
9.571 0.00246
9.572 0.00246
9.573 0.00245
9.574 0.00245
9.575 0.00245
9.576 0.00244
9.577 0.00244
9.578 0.00243
9.579 0.00243
9.580 0.00242
9.581 0.00242
9.582 0.00241
9.583 0.00241
9.584 0.00240
9.585 0.00240
9.586 0.00239
9.587 0.00239
9.588 0.00238
9.589 0.00237
9.590 0.00237
9.591 0.00236
9.592 0.00235
9.593 0.00235
9.594 0.00234
9.595 0.00234
9.596 0.00233
9.597 0.00232
9.598 0.00232
9.599 0.00231
9.600 0.00230
9.601 0.00230
9.602 0.00229
9.603 0.00228
9.604 0.00228
9.605 0.00227
9.606 0.00226
9.607 0.00226
9.608 0.00225
9.609 0.00224
9.610 0.00224
9.611 0.00223
9.612 0.00223
9.613 0.00222
9.614 0.00221
9.615 0.00221
9.616 0.00220
9.617 0.00219
9.618 0.00219
9.619 0.00218
9.620 0.00217
9.621 0.00217
9.622 0.00216
9.623 0.00216
9.624 0.00215
9.625 0.00214
9.626 0.00214
9.627 0.00213
9.628 0.00213
9.629 0.00212
9.630 0.00211
9.631 0.00211
9.632 0.00210
9.633 0.00210
9.634 0.00209
9.635 0.00209
9.636 0.00208
9.637 0.00207
9.638 0.00207
9.639 0.00206
9.640 0.00206
9.641 0.00205
9.642 0.00205
9.643 0.00204
9.644 0.00204
9.645 0.00203
9.646 0.00203
9.647 0.00203
9.648 0.00202
9.649 0.00202
9.650 0.00201
9.651 0.00201
9.652 0.00200
9.653 0.00200
9.654 0.00200
9.655 0.00199
9.656 0.00199
9.657 0.00199
9.658 0.00198
9.659 0.00198
9.660 0.00198
9.661 0.00197
9.662 0.00197
9.663 0.00197
9.664 0.00197
9.665 0.00196
9.666 0.00196
9.667 0.00196
9.668 0.00196
9.669 0.00196
9.670 0.00195
9.671 0.00195
9.672 0.00195
9.673 0.00195
9.674 0.00195
9.675 0.00195
9.676 0.00195
9.677 0.00195
9.678 0.00195
9.679 0.00195
9.680 0.00194
9.681 0.00194
9.682 0.00195
9.683 0.00195
9.684 0.00195
9.685 0.00195
9.686 0.00195
9.687 0.00195
9.688 0.00195
9.689 0.00195
9.690 0.00195
9.691 0.00195
9.692 0.00196
9.693 0.00196
9.694 0.00196
9.695 0.00196
9.696 0.00197
9.697 0.00197
9.698 0.00197
9.699 0.00198
9.700 0.00198
9.701 0.00198
9.702 0.00199
9.703 0.00199
9.704 0.00200
9.705 0.00200
9.706 0.00201
9.707 0.00201
9.708 0.00202
9.709 0.00202
9.710 0.00203
9.711 0.00203
9.712 0.00204
9.713 0.00204
9.714 0.00205
9.715 0.00205
9.716 0.00206
9.717 0.00206
9.718 0.00207
9.719 0.00207
9.720 0.00208
9.721 0.00208
9.722 0.00209
9.723 0.00209
9.724 0.00210
9.725 0.00210
9.726 0.00211
9.727 0.00211
9.728 0.00212
9.729 0.00212
9.730 0.00212
9.731 0.00213
9.732 0.00213
9.733 0.00214
9.734 0.00214
9.735 0.00214
9.736 0.00214
9.737 0.00215
9.738 0.00215
9.739 0.00215
9.740 0.00215
9.741 0.00215
9.742 0.00215
9.743 0.00215
9.744 0.00215
9.745 0.00215
9.746 0.00215
9.747 0.00215
9.748 0.00215
9.749 0.00215
9.750 0.00214
9.751 0.00214
9.752 0.00214
9.753 0.00213
9.754 0.00213
9.755 0.00212
9.756 0.00212
9.757 0.00211
9.758 0.00211
9.759 0.00210
9.760 0.00209
9.761 0.00209
9.762 0.00208
9.763 0.00207
9.764 0.00207
9.765 0.00206
9.766 0.00205
9.767 0.00204
9.768 0.00204
9.769 0.00203
9.770 0.00202
9.771 0.00201
9.772 0.00201
9.773 0.00200
9.774 0.00199
9.775 0.00199
9.776 0.00198
9.777 0.00197
9.778 0.00197
9.779 0.00196
9.780 0.00195
9.781 0.00195
9.782 0.00194
9.783 0.00194
9.784 0.00193
9.785 0.00193
9.786 0.00192
9.787 0.00192
9.788 0.00192
9.789 0.00191
9.790 0.00191
9.791 0.00191
9.792 0.00191
9.793 0.00191
9.794 0.00191
9.795 0.00191
9.796 0.00191
9.797 0.00191
9.798 0.00192
9.799 0.00192
9.800 0.00192
9.801 0.00193
9.802 0.00193
9.803 0.00194
9.804 0.00195
9.805 0.00196
9.806 0.00196
9.807 0.00197
9.808 0.00198
9.809 0.00199
9.810 0.00200
9.811 0.00201
9.812 0.00203
9.813 0.00204
9.814 0.00205
9.815 0.00206
9.816 0.00207
9.817 0.00209
9.818 0.00210
9.819 0.00211
9.820 0.00213
9.821 0.00214
9.822 0.00215
9.823 0.00217
9.824 0.00218
9.825 0.00219
9.826 0.00221
9.827 0.00222
9.828 0.00223
9.829 0.00225
9.830 0.00226
9.831 0.00227
9.832 0.00229
9.833 0.00230
9.834 0.00231
9.835 0.00232
9.836 0.00233
9.837 0.00234
9.838 0.00235
9.839 0.00236
9.840 0.00237
9.841 0.00238
9.842 0.00239
9.843 0.00240
9.844 0.00240
9.845 0.00241
9.846 0.00241
9.847 0.00242
9.848 0.00242
9.849 0.00242
9.850 0.00243
9.851 0.00243
9.852 0.00243
9.853 0.00243
9.854 0.00243
9.855 0.00242
9.856 0.00242
9.857 0.00242
9.858 0.00241
9.859 0.00241
9.860 0.00240
9.861 0.00239
9.862 0.00239
9.863 0.00238
9.864 0.00237
9.865 0.00236
9.866 0.00236
9.867 0.00235
9.868 0.00234
9.869 0.00233
9.870 0.00232
9.871 0.00231
9.872 0.00229
9.873 0.00228
9.874 0.00227
9.875 0.00226
9.876 0.00225
9.877 0.00224
9.878 0.00223
9.879 0.00221
9.880 0.00220
9.881 0.00219
9.882 0.00218
9.883 0.00217
9.884 0.00216
9.885 0.00215
9.886 0.00213
9.887 0.00212
9.888 0.00211
9.889 0.00210
9.890 0.00209
9.891 0.00208
9.892 0.00207
9.893 0.00207
9.894 0.00206
9.895 0.00205
9.896 0.00204
9.897 0.00203
9.898 0.00203
9.899 0.00202
9.900 0.00202
9.901 0.00201
9.902 0.00201
9.903 0.00201
9.904 0.00200
9.905 0.00200
9.906 0.00200
9.907 0.00200
9.908 0.00200
9.909 0.00200
9.910 0.00200
9.911 0.00200
9.912 0.00200
9.913 0.00200
9.914 0.00200
9.915 0.00200
9.916 0.00201
9.917 0.00201
9.918 0.00201
9.919 0.00201
9.920 0.00202
9.921 0.00202
9.922 0.00202
9.923 0.00203
9.924 0.00203
9.925 0.00203
9.926 0.00204
9.927 0.00204
9.928 0.00204
9.929 0.00205
9.930 0.00205
9.931 0.00205
9.932 0.00206
9.933 0.00206
9.934 0.00206
9.935 0.00207
9.936 0.00207
9.937 0.00207
9.938 0.00207
9.939 0.00207
9.940 0.00207
9.941 0.00207
9.942 0.00208
9.943 0.00208
9.944 0.00207
9.945 0.00207
9.946 0.00207
9.947 0.00207
9.948 0.00207
9.949 0.00207
9.950 0.00206
9.951 0.00206
9.952 0.00205
9.953 0.00205
9.954 0.00204
9.955 0.00204
9.956 0.00203
9.957 0.00202
9.958 0.00201
9.959 0.00200
9.960 0.00200
9.961 0.00199
9.962 0.00198
9.963 0.00197
9.964 0.00196
9.965 0.00195
9.966 0.00193
9.967 0.00192
9.968 0.00191
9.969 0.00190
9.970 0.00189
9.971 0.00187
9.972 0.00186
9.973 0.00185
9.974 0.00183
9.975 0.00182
9.976 0.00181
9.977 0.00179
9.978 0.00178
9.979 0.00176
9.980 0.00175
9.981 0.00173
9.982 0.00172
9.983 0.00170
9.984 0.00169
9.985 0.00168
9.986 0.00166
9.987 0.00165
9.988 0.00163
9.989 0.00162
9.990 0.00160
9.991 0.00159
9.992 0.00157
9.993 0.00156
9.994 0.00154
9.995 0.00153
9.996 0.00152
9.997 0.00150
9.998 0.00149
9.999 0.00147
10.000 0.00146
10.001 0.00145
10.002 0.00144
10.003 0.00142
10.004 0.00141
10.005 0.00140
10.006 0.00139
10.007 0.00137
10.008 0.00136
10.009 0.00135
10.010 0.00134
10.011 0.00133
10.012 0.00132
10.013 0.00131
10.014 0.00130
10.015 0.00129
10.016 0.00128
10.017 0.00127
10.018 0.00126
10.019 0.00125
10.020 0.00124
10.021 0.00123
10.022 0.00122
10.023 0.00121
10.024 0.00120
10.025 0.00119
10.026 0.00118
10.027 0.00117
10.028 0.00116
10.029 0.00115
10.030 0.00115
10.031 0.00114
10.032 0.00113
10.033 0.00112
10.034 0.00111
10.035 0.00110
10.036 0.00109
10.037 0.00108
10.038 0.00108
10.039 0.00107
10.040 0.00106
10.041 0.00105
10.042 0.00104
10.043 0.00103
10.044 0.00102
10.045 0.00101
10.046 0.00101
10.047 0.00100
10.048 0.00099
10.049 0.00098
10.050 0.00097
10.051 0.00096
10.052 0.00095
10.053 0.00094
10.054 0.00093
10.055 0.00092
10.056 0.00091
10.057 0.00091
10.058 0.00090
10.059 0.00089
10.060 0.00088
10.061 0.00087
10.062 0.00087
10.063 0.00086
10.064 0.00085
10.065 0.00085
10.066 0.00084
10.067 0.00083
10.068 0.00083
10.069 0.00083
10.070 0.00082
10.071 0.00082
10.072 0.00082
10.073 0.00082
10.074 0.00082
10.075 0.00082
10.076 0.00082
10.077 0.00082
10.078 0.00083
10.079 0.00083
10.080 0.00084
10.081 0.00084
10.082 0.00085
10.083 0.00086
10.084 0.00087
10.085 0.00088
10.086 0.00090
10.087 0.00091
10.088 0.00093
10.089 0.00094
10.090 0.00096
10.091 0.00098
10.092 0.00100
10.093 0.00103
10.094 0.00105
10.095 0.00108
10.096 0.00110
10.097 0.00113
10.098 0.00117
10.099 0.00120
10.100 0.00123
10.101 0.00127
10.102 0.00131
10.103 0.00135
10.104 0.00139
10.105 0.00144
10.106 0.00148
10.107 0.00153
10.108 0.00158
10.109 0.00162
10.110 0.00167
10.111 0.00172
10.112 0.00178
10.113 0.00183
10.114 0.00188
10.115 0.00194
10.116 0.00199
10.117 0.00204
10.118 0.00210
10.119 0.00215
10.120 0.00221
10.121 0.00226
10.122 0.00232
10.123 0.00237
10.124 0.00243
10.125 0.00248
10.126 0.00253
10.127 0.00259
10.128 0.00264
10.129 0.00269
10.130 0.00274
10.131 0.00279
10.132 0.00284
10.133 0.00289
10.134 0.00293
10.135 0.00298
10.136 0.00302
10.137 0.00307
10.138 0.00311
10.139 0.00314
10.140 0.00318
10.141 0.00322
10.142 0.00325
10.143 0.00328
10.144 0.00331
10.145 0.00334
10.146 0.00336
10.147 0.00338
10.148 0.00340
10.149 0.00342
10.150 0.00343
10.151 0.00344
10.152 0.00345
10.153 0.00346
10.154 0.00346
10.155 0.00346
10.156 0.00346
10.157 0.00345
10.158 0.00345
10.159 0.00344
10.160 0.00343
10.161 0.00341
10.162 0.00340
10.163 0.00338
10.164 0.00336
10.165 0.00334
10.166 0.00332
10.167 0.00330
10.168 0.00327
10.169 0.00325
10.170 0.00322
10.171 0.00319
10.172 0.00316
10.173 0.00313
10.174 0.00310
10.175 0.00306
10.176 0.00303
10.177 0.00300
10.178 0.00296
10.179 0.00293
10.180 0.00289
10.181 0.00285
10.182 0.00282
10.183 0.00278
10.184 0.00274
10.185 0.00270
10.186 0.00267
10.187 0.00263
10.188 0.00259
10.189 0.00256
10.190 0.00252
10.191 0.00249
10.192 0.00245
10.193 0.00242
10.194 0.00238
10.195 0.00235
10.196 0.00232
10.197 0.00228
10.198 0.00225
10.199 0.00222
10.200 0.00220
10.201 0.00217
10.202 0.00214
10.203 0.00212
10.204 0.00210
10.205 0.00207
10.206 0.00205
10.207 0.00203
10.208 0.00201
10.209 0.00199
10.210 0.00198
10.211 0.00196
10.212 0.00195
10.213 0.00193
10.214 0.00192
10.215 0.00191
10.216 0.00190
10.217 0.00189
10.218 0.00188
10.219 0.00187
10.220 0.00186
10.221 0.00185
10.222 0.00185
10.223 0.00184
10.224 0.00184
10.225 0.00183
10.226 0.00183
10.227 0.00183
10.228 0.00183
10.229 0.00183
10.230 0.00183
10.231 0.00182
10.232 0.00183
10.233 0.00183
10.234 0.00183
10.235 0.00183
10.236 0.00183
10.237 0.00183
10.238 0.00184
10.239 0.00184
10.240 0.00185
10.241 0.00185
10.242 0.00185
10.243 0.00186
10.244 0.00186
10.245 0.00187
10.246 0.00188
10.247 0.00188
10.248 0.00189
10.249 0.00189
10.250 0.00190
10.251 0.00191
10.252 0.00191
10.253 0.00192
10.254 0.00193
10.255 0.00194
10.256 0.00194
10.257 0.00195
10.258 0.00196
10.259 0.00196
10.260 0.00197
10.261 0.00198
10.262 0.00198
10.263 0.00199
10.264 0.00200
10.265 0.00201
10.266 0.00201
10.267 0.00202
10.268 0.00203
10.269 0.00203
10.270 0.00204
10.271 0.00204
10.272 0.00205
10.273 0.00206
10.274 0.00206
10.275 0.00207
10.276 0.00207
10.277 0.00208
10.278 0.00208
10.279 0.00209
10.280 0.00209
10.281 0.00210
10.282 0.00210
10.283 0.00210
10.284 0.00211
10.285 0.00211
10.286 0.00211
10.287 0.00211
10.288 0.00212
10.289 0.00212
10.290 0.00212
10.291 0.00212
10.292 0.00212
10.293 0.00212
10.294 0.00212
10.295 0.00212
10.296 0.00211
10.297 0.00211
10.298 0.00211
10.299 0.00210
10.300 0.00210
10.301 0.00210
10.302 0.00209
10.303 0.00209
10.304 0.00208
10.305 0.00207
10.306 0.00207
10.307 0.00206
10.308 0.00205
10.309 0.00204
10.310 0.00203
10.311 0.00202
10.312 0.00201
10.313 0.00200
10.314 0.00199
10.315 0.00198
10.316 0.00197
10.317 0.00195
10.318 0.00194
10.319 0.00193
10.320 0.00191
10.321 0.00190
10.322 0.00189
10.323 0.00187
10.324 0.00186
10.325 0.00184
10.326 0.00183
10.327 0.00181
10.328 0.00179
10.329 0.00178
10.330 0.00176
10.331 0.00174
10.332 0.00172
10.333 0.00170
10.334 0.00169
10.335 0.00167
10.336 0.00165
10.337 0.00163
10.338 0.00161
10.339 0.00159
10.340 0.00157
10.341 0.00155
10.342 0.00153
10.343 0.00151
10.344 0.00149
10.345 0.00146
10.346 0.00144
10.347 0.00142
10.348 0.00140
10.349 0.00138
10.350 0.00135
10.351 0.00133
10.352 0.00131
10.353 0.00129
10.354 0.00126
10.355 0.00124
10.356 0.00122
10.357 0.00120
10.358 0.00117
10.359 0.00115
10.360 0.00113
10.361 0.00111
10.362 0.00109
10.363 0.00106
10.364 0.00104
10.365 0.00102
10.366 0.00100
10.367 0.00098
10.368 0.00097
10.369 0.00095
10.370 0.00093
10.371 0.00091
10.372 0.00090
10.373 0.00088
10.374 0.00087
10.375 0.00086
10.376 0.00085
10.377 0.00083
10.378 0.00082
10.379 0.00082
10.380 0.00081
10.381 0.00080
10.382 0.00080
10.383 0.00079
10.384 0.00079
10.385 0.00079
10.386 0.00079
10.387 0.00079
10.388 0.00079
10.389 0.00080
10.390 0.00080
10.391 0.00081
10.392 0.00082
10.393 0.00083
10.394 0.00084
10.395 0.00086
10.396 0.00088
10.397 0.00089
10.398 0.00092
10.399 0.00094
10.400 0.00096
10.401 0.00099
10.402 0.00102
10.403 0.00105
10.404 0.00108
10.405 0.00112
10.406 0.00115
10.407 0.00119
10.408 0.00123
10.409 0.00127
10.410 0.00131
10.411 0.00135
10.412 0.00139
10.413 0.00143
10.414 0.00148
10.415 0.00152
10.416 0.00157
10.417 0.00161
10.418 0.00166
10.419 0.00170
10.420 0.00175
10.421 0.00179
10.422 0.00183
10.423 0.00188
10.424 0.00192
10.425 0.00197
10.426 0.00201
10.427 0.00205
10.428 0.00209
10.429 0.00213
10.430 0.00217
10.431 0.00221
10.432 0.00224
10.433 0.00227
10.434 0.00231
10.435 0.00234
10.436 0.00237
10.437 0.00239
10.438 0.00242
10.439 0.00244
10.440 0.00246
10.441 0.00248
10.442 0.00249
10.443 0.00251
10.444 0.00252
10.445 0.00252
10.446 0.00253
10.447 0.00253
10.448 0.00253
10.449 0.00252
10.450 0.00251
10.451 0.00250
10.452 0.00248
10.453 0.00246
10.454 0.00244
10.455 0.00241
10.456 0.00239
10.457 0.00236
10.458 0.00232
10.459 0.00229
10.460 0.00225
10.461 0.00221
10.462 0.00216
10.463 0.00212
10.464 0.00207
10.465 0.00203
10.466 0.00198
10.467 0.00193
10.468 0.00188
10.469 0.00183
10.470 0.00177
10.471 0.00172
10.472 0.00167
10.473 0.00161
10.474 0.00156
10.475 0.00150
10.476 0.00145
10.477 0.00139
10.478 0.00134
10.479 0.00129
10.480 0.00123
10.481 0.00118
10.482 0.00113
10.483 0.00108
10.484 0.00103
10.485 0.00099
10.486 0.00094
10.487 0.00090
10.488 0.00085
10.489 0.00081
10.490 0.00078
10.491 0.00074
10.492 0.00071
10.493 0.00068
10.494 0.00065
10.495 0.00062
10.496 0.00060
10.497 0.00058
10.498 0.00057
10.499 0.00055
10.500 0.00054
10.501 0.00054
10.502 0.00054
10.503 0.00054
10.504 0.00055
10.505 0.00055
10.506 0.00057
10.507 0.00058
10.508 0.00060
10.509 0.00062
10.510 0.00064
10.511 0.00067
10.512 0.00069
10.513 0.00072
10.514 0.00075
10.515 0.00079
10.516 0.00082
10.517 0.00086
10.518 0.00090
10.519 0.00094
10.520 0.00098
10.521 0.00103
10.522 0.00107
10.523 0.00112
10.524 0.00116
10.525 0.00121
10.526 0.00126
10.527 0.00130
10.528 0.00135
10.529 0.00140
10.530 0.00145
10.531 0.00150
10.532 0.00155
10.533 0.00159
10.534 0.00164
10.535 0.00169
10.536 0.00173
10.537 0.00178
10.538 0.00183
10.539 0.00187
10.540 0.00191
10.541 0.00195
10.542 0.00199
10.543 0.00203
10.544 0.00207
10.545 0.00210
10.546 0.00214
10.547 0.00217
10.548 0.00220
10.549 0.00222
10.550 0.00225
10.551 0.00227
10.552 0.00229
10.553 0.00230
10.554 0.00232
10.555 0.00233
10.556 0.00234
10.557 0.00235
10.558 0.00236
10.559 0.00236
10.560 0.00236
10.561 0.00236
10.562 0.00236
10.563 0.00236
10.564 0.00236
10.565 0.00235
10.566 0.00234
10.567 0.00233
10.568 0.00232
10.569 0.00231
10.570 0.00230
10.571 0.00229
10.572 0.00227
10.573 0.00226
10.574 0.00224
10.575 0.00223
10.576 0.00221
10.577 0.00219
10.578 0.00217
10.579 0.00216
10.580 0.00214
10.581 0.00212
10.582 0.00210
10.583 0.00208
10.584 0.00206
10.585 0.00204
10.586 0.00202
10.587 0.00200
10.588 0.00198
10.589 0.00196
10.590 0.00194
10.591 0.00193
10.592 0.00191
10.593 0.00189
10.594 0.00188
10.595 0.00186
10.596 0.00185
10.597 0.00183
10.598 0.00182
10.599 0.00181
10.600 0.00180
10.601 0.00179
10.602 0.00178
10.603 0.00177
10.604 0.00177
10.605 0.00176
10.606 0.00176
10.607 0.00176
10.608 0.00175
10.609 0.00175
10.610 0.00175
10.611 0.00175
10.612 0.00175
10.613 0.00175
10.614 0.00175
10.615 0.00176
10.616 0.00176
10.617 0.00176
10.618 0.00176
10.619 0.00177
10.620 0.00177
10.621 0.00177
10.622 0.00178
10.623 0.00178
10.624 0.00178
10.625 0.00179
10.626 0.00179
10.627 0.00179
10.628 0.00179
10.629 0.00179
10.630 0.00179
10.631 0.00180
10.632 0.00180
10.633 0.00180
10.634 0.00179
10.635 0.00179
10.636 0.00179
10.637 0.00179
10.638 0.00178
10.639 0.00178
10.640 0.00177
10.641 0.00176
10.642 0.00175
10.643 0.00174
10.644 0.00173
10.645 0.00172
10.646 0.00170
10.647 0.00169
10.648 0.00167
10.649 0.00165
10.650 0.00163
10.651 0.00161
10.652 0.00159
10.653 0.00157
10.654 0.00154
10.655 0.00151
10.656 0.00148
10.657 0.00145
10.658 0.00142
10.659 0.00139
10.660 0.00136
10.661 0.00132
10.662 0.00129
10.663 0.00125
10.664 0.00122
10.665 0.00118
10.666 0.00114
10.667 0.00111
10.668 0.00107
10.669 0.00103
10.670 0.00099
10.671 0.00095
10.672 0.00091
10.673 0.00088
10.674 0.00084
10.675 0.00080
10.676 0.00076
10.677 0.00072
10.678 0.00069
10.679 0.00065
10.680 0.00062
10.681 0.00058
10.682 0.00055
10.683 0.00051
10.684 0.00048
10.685 0.00045
10.686 0.00042
10.687 0.00039
10.688 0.00036
10.689 0.00033
10.690 0.00031
10.691 0.00028
10.692 0.00026
10.693 0.00024
10.694 0.00022
10.695 0.00020
10.696 0.00018
10.697 0.00017
10.698 0.00016
10.699 0.00015
10.700 0.00014
10.701 0.00014
10.702 0.00013
10.703 0.00013
10.704 0.00013
10.705 0.00013
10.706 0.00014
10.707 0.00014
10.708 0.00015
10.709 0.00016
10.710 0.00017
10.711 0.00019
10.712 0.00020
10.713 0.00022
10.714 0.00023
10.715 0.00025
10.716 0.00027
10.717 0.00029
10.718 0.00032
10.719 0.00034
10.720 0.00036
10.721 0.00039
10.722 0.00042
10.723 0.00044
10.724 0.00047
10.725 0.00050
10.726 0.00053
10.727 0.00056
10.728 0.00059
10.729 0.00062
10.730 0.00065
10.731 0.00068
10.732 0.00071
10.733 0.00074
10.734 0.00077
10.735 0.00080
10.736 0.00083
10.737 0.00086
10.738 0.00090
10.739 0.00093
10.740 0.00096
10.741 0.00099
10.742 0.00102
10.743 0.00104
10.744 0.00107
10.745 0.00110
10.746 0.00113
10.747 0.00115
10.748 0.00118
10.749 0.00120
10.750 0.00123
10.751 0.00125
10.752 0.00127
10.753 0.00129
10.754 0.00131
10.755 0.00133
10.756 0.00135
10.757 0.00136
10.758 0.00138
10.759 0.00139
10.760 0.00141
10.761 0.00142
10.762 0.00143
10.763 0.00144
10.764 0.00145
10.765 0.00146
10.766 0.00147
10.767 0.00147
10.768 0.00148
10.769 0.00148
10.770 0.00149
10.771 0.00149
10.772 0.00149
10.773 0.00149
10.774 0.00149
10.775 0.00149
10.776 0.00149
10.777 0.00148
10.778 0.00148
10.779 0.00148
10.780 0.00147
10.781 0.00146
10.782 0.00145
10.783 0.00145
10.784 0.00144
10.785 0.00142
10.786 0.00141
10.787 0.00140
10.788 0.00139
10.789 0.00137
10.790 0.00136
10.791 0.00134
10.792 0.00132
10.793 0.00130
10.794 0.00128
10.795 0.00126
10.796 0.00124
10.797 0.00122
10.798 0.00120
10.799 0.00117
10.800 0.00115
10.801 0.00112
10.802 0.00110
10.803 0.00107
10.804 0.00104
10.805 0.00101
10.806 0.00098
10.807 0.00095
10.808 0.00092
10.809 0.00089
10.810 0.00086
10.811 0.00083
10.812 0.00080
10.813 0.00077
10.814 0.00074
10.815 0.00070
10.816 0.00067
10.817 0.00064
10.818 0.00061
10.819 0.00058
10.820 0.00054
10.821 0.00051
10.822 0.00048
10.823 0.00045
10.824 0.00042
10.825 0.00039
10.826 0.00036
10.827 0.00034
10.828 0.00031
10.829 0.00028
10.830 0.00026
10.831 0.00023
10.832 0.00021
10.833 0.00018
10.834 0.00016
10.835 0.00014
10.836 0.00012
10.837 0.00010
10.838 0.00008
10.839 0.00007
10.840 0.00005
10.841 0.00004
10.842 0.00003
10.843 0.00002
10.844 0.00001
10.845 0.00001
10.846 0.00000
10.847 0.00000
10.848 0.00000
10.849 0.00000
10.850 0.00000
10.851 0.00000
10.852 0.00001
10.853 0.00002
10.854 0.00003
10.855 0.00004
10.856 0.00006
10.857 0.00007
10.858 0.00009
10.859 0.00011
10.860 0.00013
10.861 0.00015
10.862 0.00018
10.863 0.00020
10.864 0.00023
10.865 0.00025
10.866 0.00028
10.867 0.00031
10.868 0.00034
10.869 0.00037
10.870 0.00040
10.871 0.00043
10.872 0.00046
10.873 0.00049
10.874 0.00053
10.875 0.00056
10.876 0.00060
10.877 0.00063
10.878 0.00066
10.879 0.00070
10.880 0.00073
10.881 0.00077
10.882 0.00080
10.883 0.00084
10.884 0.00087
10.885 0.00090
10.886 0.00094
10.887 0.00097
10.888 0.00100
10.889 0.00103
10.890 0.00107
10.891 0.00110
10.892 0.00112
10.893 0.00115
10.894 0.00118
10.895 0.00121
10.896 0.00123
10.897 0.00126
10.898 0.00128
10.899 0.00130
10.900 0.00132
10.901 0.00134
10.902 0.00136
10.903 0.00138
10.904 0.00139
10.905 0.00141
10.906 0.00142
10.907 0.00143
10.908 0.00144
10.909 0.00145
10.910 0.00146
10.911 0.00147
10.912 0.00147
10.913 0.00148
10.914 0.00148
10.915 0.00149
10.916 0.00149
10.917 0.00149
10.918 0.00149
10.919 0.00149
10.920 0.00149
10.921 0.00149
10.922 0.00149
10.923 0.00149
10.924 0.00149
10.925 0.00148
10.926 0.00148
10.927 0.00147
10.928 0.00147
10.929 0.00147
10.930 0.00146
10.931 0.00145
10.932 0.00145
10.933 0.00144
10.934 0.00144
10.935 0.00143
10.936 0.00143
10.937 0.00142
10.938 0.00141
10.939 0.00141
10.940 0.00140
10.941 0.00140
10.942 0.00139
10.943 0.00138
10.944 0.00138
10.945 0.00137
10.946 0.00137
10.947 0.00137
10.948 0.00136
10.949 0.00136
10.950 0.00135
10.951 0.00135
10.952 0.00135
10.953 0.00135
10.954 0.00135
10.955 0.00135
10.956 0.00135
10.957 0.00135
10.958 0.00135
10.959 0.00135
10.960 0.00135
10.961 0.00135
10.962 0.00135
10.963 0.00135
10.964 0.00136
10.965 0.00136
10.966 0.00136
10.967 0.00136
10.968 0.00136
10.969 0.00137
10.970 0.00137
10.971 0.00137
10.972 0.00137
10.973 0.00138
10.974 0.00138
10.975 0.00138
10.976 0.00138
10.977 0.00139
10.978 0.00139
10.979 0.00139
10.980 0.00139
10.981 0.00139
10.982 0.00139
10.983 0.00140
10.984 0.00140
10.985 0.00140
10.986 0.00140
10.987 0.00140
10.988 0.00140
10.989 0.00139
10.990 0.00139
10.991 0.00139
10.992 0.00139
10.993 0.00138
10.994 0.00138
10.995 0.00138
10.996 0.00137
10.997 0.00137
10.998 0.00136
10.999 0.00135
11.000 0.00135
11.001 0.00134
11.002 0.00133
11.003 0.00132
11.004 0.00131
11.005 0.00130
11.006 0.00129
11.007 0.00128
11.008 0.00127
11.009 0.00125
11.010 0.00124
11.011 0.00123
11.012 0.00122
11.013 0.00120
11.014 0.00119
11.015 0.00118
11.016 0.00116
11.017 0.00115
11.018 0.00114
11.019 0.00112
11.020 0.00111
11.021 0.00110
11.022 0.00108
11.023 0.00107
11.024 0.00106
11.025 0.00105
11.026 0.00103
11.027 0.00102
11.028 0.00101
11.029 0.00100
11.030 0.00099
11.031 0.00098
11.032 0.00097
11.033 0.00097
11.034 0.00096
11.035 0.00095
11.036 0.00095
11.037 0.00094
11.038 0.00094
11.039 0.00094
11.040 0.00093
11.041 0.00093
11.042 0.00093
11.043 0.00093
11.044 0.00094
11.045 0.00094
11.046 0.00095
11.047 0.00095
11.048 0.00096
11.049 0.00097
11.050 0.00098
11.051 0.00099
11.052 0.00100
11.053 0.00102
11.054 0.00103
11.055 0.00105
11.056 0.00107
11.057 0.00109
11.058 0.00111
11.059 0.00113
11.060 0.00115
11.061 0.00118
11.062 0.00120
11.063 0.00123
11.064 0.00125
11.065 0.00128
11.066 0.00131
11.067 0.00134
11.068 0.00137
11.069 0.00140
11.070 0.00143
11.071 0.00146
11.072 0.00149
11.073 0.00152
11.074 0.00155
11.075 0.00158
11.076 0.00162
11.077 0.00165
11.078 0.00168
11.079 0.00172
11.080 0.00175
11.081 0.00178
11.082 0.00182
11.083 0.00185
11.084 0.00188
11.085 0.00192
11.086 0.00195
11.087 0.00198
11.088 0.00201
11.089 0.00205
11.090 0.00208
11.091 0.00211
11.092 0.00214
11.093 0.00217
11.094 0.00220
11.095 0.00223
11.096 0.00226
11.097 0.00229
11.098 0.00231
11.099 0.00234
11.100 0.00237
11.101 0.00239
11.102 0.00241
11.103 0.00244
11.104 0.00246
11.105 0.00248
11.106 0.00250
11.107 0.00252
11.108 0.00255
11.109 0.00257
11.110 0.00259
11.111 0.00261
11.112 0.00263
11.113 0.00266
11.114 0.00268
11.115 0.00270
11.116 0.00273
11.117 0.00276
11.118 0.00278
11.119 0.00281
11.120 0.00284
11.121 0.00287
11.122 0.00290
11.123 0.00294
11.124 0.00297
11.125 0.00301
11.126 0.00305
11.127 0.00309
11.128 0.00314
11.129 0.00318
11.130 0.00323
11.131 0.00329
11.132 0.00334
11.133 0.00340
11.134 0.00346
11.135 0.00352
11.136 0.00359
11.137 0.00366
11.138 0.00373
11.139 0.00381
11.140 0.00389
11.141 0.00397
11.142 0.00406
11.143 0.00415
11.144 0.00424
11.145 0.00434
11.146 0.00445
11.147 0.00456
11.148 0.00467
11.149 0.00479
11.150 0.00491
11.151 0.00504
11.152 0.00517
11.153 0.00531
11.154 0.00545
11.155 0.00560
11.156 0.00575
11.157 0.00590
11.158 0.00606
11.159 0.00622
11.160 0.00638
11.161 0.00655
11.162 0.00672
11.163 0.00690
11.164 0.00708
11.165 0.00726
11.166 0.00744
11.167 0.00762
11.168 0.00781
11.169 0.00800
11.170 0.00819
11.171 0.00839
11.172 0.00858
11.173 0.00878
11.174 0.00898
11.175 0.00918
11.176 0.00938
11.177 0.00958
11.178 0.00978
11.179 0.00998
11.180 0.01019
11.181 0.01039
11.182 0.01059
11.183 0.01080
11.184 0.01100
11.185 0.01121
11.186 0.01141
11.187 0.01161
11.188 0.01181
11.189 0.01201
11.190 0.01221
11.191 0.01241
11.192 0.01261
11.193 0.01280
11.194 0.01300
11.195 0.01319
11.196 0.01338
11.197 0.01357
11.198 0.01376
11.199 0.01394
11.200 0.01412
11.201 0.01430
11.202 0.01447
11.203 0.01465
11.204 0.01482
11.205 0.01499
11.206 0.01515
11.207 0.01532
11.208 0.01548
11.209 0.01564
11.210 0.01580
11.211 0.01596
11.212 0.01612
11.213 0.01628
11.214 0.01644
11.215 0.01660
11.216 0.01675
11.217 0.01691
11.218 0.01707
11.219 0.01723
11.220 0.01738
11.221 0.01754
11.222 0.01770
11.223 0.01786
11.224 0.01802
11.225 0.01819
11.226 0.01835
11.227 0.01852
11.228 0.01868
11.229 0.01885
11.230 0.01902
11.231 0.01920
11.232 0.01937
11.233 0.01955
11.234 0.01973
11.235 0.01992
11.236 0.02011
11.237 0.02030
11.238 0.02049
11.239 0.02069
11.240 0.02089
11.241 0.02110
11.242 0.02131
11.243 0.02152
11.244 0.02174
11.245 0.02196
11.246 0.02219
11.247 0.02243
11.248 0.02266
11.249 0.02291
11.250 0.02316
11.251 0.02341
11.252 0.02367
11.253 0.02394
11.254 0.02421
11.255 0.02449
11.256 0.02477
11.257 0.02506
11.258 0.02536
11.259 0.02567
11.260 0.02598
11.261 0.02630
11.262 0.02662
11.263 0.02695
11.264 0.02729
11.265 0.02764
11.266 0.02800
11.267 0.02836
11.268 0.02873
11.269 0.02911
11.270 0.02949
11.271 0.02989
11.272 0.03029
11.273 0.03070
11.274 0.03112
11.275 0.03155
11.276 0.03199
11.277 0.03244
11.278 0.03290
11.279 0.03336
11.280 0.03384
11.281 0.03432
11.282 0.03482
11.283 0.03532
11.284 0.03583
11.285 0.03636
11.286 0.03689
11.287 0.03744
11.288 0.03799
11.289 0.03856
11.290 0.03914
11.291 0.03972
11.292 0.04032
11.293 0.04093
11.294 0.04155
11.295 0.04219
11.296 0.04283
11.297 0.04349
11.298 0.04415
11.299 0.04483
11.300 0.04552
11.301 0.04623
11.302 0.04694
11.303 0.04767
11.304 0.04841
11.305 0.04917
11.306 0.04993
11.307 0.05071
11.308 0.05150
11.309 0.05230
11.310 0.05311
11.311 0.05393
11.312 0.05477
11.313 0.05562
11.314 0.05648
11.315 0.05735
11.316 0.05823
11.317 0.05913
11.318 0.06004
11.319 0.06096
11.320 0.06189
11.321 0.06283
11.322 0.06379
11.323 0.06475
11.324 0.06573
11.325 0.06672
11.326 0.06772
11.327 0.06874
11.328 0.06976
11.329 0.07080
11.330 0.07184
11.331 0.07290
11.332 0.07397
11.333 0.07506
11.334 0.07615
11.335 0.07725
11.336 0.07837
11.337 0.07950
11.338 0.08064
11.339 0.08179
11.340 0.08295
11.341 0.08412
11.342 0.08531
11.343 0.08650
11.344 0.08771
11.345 0.08893
11.346 0.09015
11.347 0.09139
11.348 0.09265
11.349 0.09391
11.350 0.09518
11.351 0.09647
11.352 0.09776
11.353 0.09907
11.354 0.10039
11.355 0.10172
11.356 0.10306
11.357 0.10441
11.358 0.10578
11.359 0.10716
11.360 0.10855
11.361 0.10996
11.362 0.11138
11.363 0.11281
11.364 0.11426
11.365 0.11571
11.366 0.11719
11.367 0.11868
11.368 0.12018
11.369 0.12170
11.370 0.12323
11.371 0.12477
11.372 0.12634
11.373 0.12791
11.374 0.12951
11.375 0.13112
11.376 0.13274
11.377 0.13438
11.378 0.13604
11.379 0.13772
11.380 0.13941
11.381 0.14111
11.382 0.14284
11.383 0.14458
11.384 0.14634
11.385 0.14812
11.386 0.14992
11.387 0.15173
11.388 0.15357
11.389 0.15542
11.390 0.15729
11.391 0.15918
11.392 0.16109
11.393 0.16302
11.394 0.16496
11.395 0.16693
11.396 0.16892
11.397 0.17093
11.398 0.17296
11.399 0.17501
11.400 0.17708
11.401 0.17917
11.402 0.18128
11.403 0.18341
11.404 0.18556
11.405 0.18774
11.406 0.18993
11.407 0.19215
11.408 0.19439
11.409 0.19664
11.410 0.19892
11.411 0.20122
11.412 0.20353
11.413 0.20587
11.414 0.20823
11.415 0.21061
11.416 0.21301
11.417 0.21542
11.418 0.21786
11.419 0.22032
11.420 0.22279
11.421 0.22529
11.422 0.22781
11.423 0.23034
11.424 0.23289
11.425 0.23547
11.426 0.23806
11.427 0.24067
11.428 0.24330
11.429 0.24595
11.430 0.24862
11.431 0.25131
11.432 0.25401
11.433 0.25674
11.434 0.25948
11.435 0.26224
11.436 0.26502
11.437 0.26782
11.438 0.27064
11.439 0.27347
11.440 0.27633
11.441 0.27920
11.442 0.28209
11.443 0.28499
11.444 0.28792
11.445 0.29086
11.446 0.29382
11.447 0.29680
11.448 0.29979
11.449 0.30281
11.450 0.30583
11.451 0.30888
11.452 0.31195
11.453 0.31503
11.454 0.31813
11.455 0.32124
11.456 0.32437
11.457 0.32752
11.458 0.33069
11.459 0.33387
11.460 0.33707
11.461 0.34029
11.462 0.34352
11.463 0.34677
11.464 0.35004
11.465 0.35332
11.466 0.35662
11.467 0.35994
11.468 0.36327
11.469 0.36662
11.470 0.36998
11.471 0.37337
11.472 0.37676
11.473 0.38018
11.474 0.38360
11.475 0.38705
11.476 0.39051
11.477 0.39399
11.478 0.39748
11.479 0.40099
11.480 0.40451
11.481 0.40805
11.482 0.41160
11.483 0.41517
11.484 0.41876
11.485 0.42236
11.486 0.42598
11.487 0.42961
11.488 0.43326
11.489 0.43692
11.490 0.44059
11.491 0.44429
11.492 0.44799
11.493 0.45172
11.494 0.45545
11.495 0.45920
11.496 0.46297
11.497 0.46675
11.498 0.47055
11.499 0.47436
11.500 0.47818
11.501 0.48202
11.502 0.48587
11.503 0.48974
11.504 0.49362
11.505 0.49751
11.506 0.50142
11.507 0.50533
11.508 0.50926
11.509 0.51320
11.510 0.51714
11.511 0.52110
11.512 0.52507
11.513 0.52904
11.514 0.53303
11.515 0.53702
11.516 0.54102
11.517 0.54502
11.518 0.54904
11.519 0.55305
11.520 0.55708
11.521 0.56111
11.522 0.56514
11.523 0.56918
11.524 0.57322
11.525 0.57726
11.526 0.58131
11.527 0.58536
11.528 0.58941
11.529 0.59346
11.530 0.59751
11.531 0.60156
11.532 0.60562
11.533 0.60967
11.534 0.61372
11.535 0.61777
11.536 0.62181
11.537 0.62586
11.538 0.62990
11.539 0.63393
11.540 0.63797
11.541 0.64199
11.542 0.64602
11.543 0.65004
11.544 0.65405
11.545 0.65805
11.546 0.66205
11.547 0.66604
11.548 0.67003
11.549 0.67400
11.550 0.67797
11.551 0.68193
11.552 0.68587
11.553 0.68981
11.554 0.69374
11.555 0.69766
11.556 0.70156
11.557 0.70545
11.558 0.70934
11.559 0.71321
11.560 0.71706
11.561 0.72091
11.562 0.72474
11.563 0.72855
11.564 0.73235
11.565 0.73614
11.566 0.73991
11.567 0.74367
11.568 0.74741
11.569 0.75114
11.570 0.75485
11.571 0.75854
11.572 0.76221
11.573 0.76587
11.574 0.76951
11.575 0.77313
11.576 0.77673
11.577 0.78031
11.578 0.78387
11.579 0.78741
11.580 0.79094
11.581 0.79444
11.582 0.79792
11.583 0.80138
11.584 0.80481
11.585 0.80823
11.586 0.81162
11.587 0.81499
11.588 0.81833
11.589 0.82165
11.590 0.82495
11.591 0.82822
11.592 0.83147
11.593 0.83469
11.594 0.83789
11.595 0.84106
11.596 0.84420
11.597 0.84732
11.598 0.85041
11.599 0.85347
11.600 0.85650
11.601 0.85951
11.602 0.86248
11.603 0.86543
11.604 0.86835
11.605 0.87124
11.606 0.87410
11.607 0.87693
11.608 0.87973
11.609 0.88250
11.610 0.88523
11.611 0.88794
11.612 0.89062
11.613 0.89326
11.614 0.89588
11.615 0.89846
11.616 0.90101
11.617 0.90352
11.618 0.90601
11.619 0.90846
11.620 0.91088
11.621 0.91326
11.622 0.91561
11.623 0.91793
11.624 0.92021
11.625 0.92246
11.626 0.92467
11.627 0.92685
11.628 0.92900
11.629 0.93111
11.630 0.93318
11.631 0.93522
11.632 0.93722
11.633 0.93918
11.634 0.94111
11.635 0.94300
11.636 0.94486
11.637 0.94667
11.638 0.94845
11.639 0.95019
11.640 0.95190
11.641 0.95356
11.642 0.95519
11.643 0.95678
11.644 0.95833
11.645 0.95984
11.646 0.96131
11.647 0.96274
11.648 0.96413
11.649 0.96548
11.650 0.96679
11.651 0.96806
11.652 0.96928
11.653 0.97047
11.654 0.97162
11.655 0.97272
11.656 0.97378
11.657 0.97481
11.658 0.97579
11.659 0.97672
11.660 0.97762
11.661 0.97847
11.662 0.97929
11.663 0.98006
11.664 0.98078
11.665 0.98147
11.666 0.98211
11.667 0.98271
11.668 0.98327
11.669 0.98378
11.670 0.98425
11.671 0.98468
11.672 0.98506
11.673 0.98540
11.674 0.98570
11.675 0.98595
11.676 0.98616
11.677 0.98632
11.678 0.98645
11.679 0.98652
11.680 0.98655
11.681 0.98654
11.682 0.98648
11.683 0.98638
11.684 0.98624
11.685 0.98604
11.686 0.98581
11.687 0.98552
11.688 0.98520
11.689 0.98482
11.690 0.98441
11.691 0.98394
11.692 0.98343
11.693 0.98287
11.694 0.98227
11.695 0.98162
11.696 0.98093
11.697 0.98019
11.698 0.97940
11.699 0.97856
11.700 0.97768
11.701 0.97675
11.702 0.97578
11.703 0.97476
11.704 0.97370
11.705 0.97260
11.706 0.97146
11.707 0.97028
11.708 0.96906
11.709 0.96782
11.710 0.96653
11.711 0.96522
11.712 0.96388
11.713 0.96251
11.714 0.96111
11.715 0.95969
11.716 0.95824
11.717 0.95678
11.718 0.95529
11.719 0.95378
11.720 0.95226
11.721 0.95072
11.722 0.94916
11.723 0.94760
11.724 0.94602
11.725 0.94443
11.726 0.94284
11.727 0.94124
11.728 0.93963
11.729 0.93802
11.730 0.93642
11.731 0.93481
11.732 0.93320
11.733 0.93159
11.734 0.92999
11.735 0.92840
11.736 0.92681
11.737 0.92524
11.738 0.92367
11.739 0.92212
11.740 0.92058
11.741 0.91906
11.742 0.91755
11.743 0.91606
11.744 0.91460
11.745 0.91315
11.746 0.91173
11.747 0.91034
11.748 0.90897
11.749 0.90763
11.750 0.90632
11.751 0.90504
11.752 0.90379
11.753 0.90257
11.754 0.90138
11.755 0.90022
11.756 0.89908
11.757 0.89797
11.758 0.89689
11.759 0.89583
11.760 0.89479
11.761 0.89378
11.762 0.89278
11.763 0.89181
11.764 0.89086
11.765 0.88993
11.766 0.88901
11.767 0.88812
11.768 0.88723
11.769 0.88637
11.770 0.88552
11.771 0.88468
11.772 0.88386
11.773 0.88304
11.774 0.88224
11.775 0.88145
11.776 0.88067
11.777 0.87990
11.778 0.87913
11.779 0.87837
11.780 0.87762
11.781 0.87687
11.782 0.87612
11.783 0.87538
11.784 0.87464
11.785 0.87390
11.786 0.87316
11.787 0.87242
11.788 0.87168
11.789 0.87094
11.790 0.87019
11.791 0.86944
11.792 0.86869
11.793 0.86793
11.794 0.86716
11.795 0.86639
11.796 0.86560
11.797 0.86481
11.798 0.86401
11.799 0.86319
11.800 0.86237
11.801 0.86153
11.802 0.86068
11.803 0.85982
11.804 0.85895
11.805 0.85807
11.806 0.85718
11.807 0.85629
11.808 0.85539
11.809 0.85449
11.810 0.85359
11.811 0.85269
11.812 0.85178
11.813 0.85088
11.814 0.84998
11.815 0.84909
11.816 0.84819
11.817 0.84731
11.818 0.84643
11.819 0.84556
11.820 0.84470
11.821 0.84385
11.822 0.84301
11.823 0.84218
11.824 0.84137
11.825 0.84057
11.826 0.83979
11.827 0.83903
11.828 0.83828
11.829 0.83756
11.830 0.83686
11.831 0.83618
11.832 0.83552
11.833 0.83489
11.834 0.83428
11.835 0.83370
11.836 0.83315
11.837 0.83262
11.838 0.83213
11.839 0.83167
11.840 0.83124
11.841 0.83085
11.842 0.83049
11.843 0.83017
11.844 0.82989
11.845 0.82964
11.846 0.82944
11.847 0.82927
11.848 0.82915
11.849 0.82907
11.850 0.82904
11.851 0.82905
11.852 0.82910
11.853 0.82920
11.854 0.82934
11.855 0.82952
11.856 0.82974
11.857 0.83000
11.858 0.83030
11.859 0.83063
11.860 0.83100
11.861 0.83140
11.862 0.83183
11.863 0.83229
11.864 0.83279
11.865 0.83331
11.866 0.83385
11.867 0.83443
11.868 0.83502
11.869 0.83564
11.870 0.83629
11.871 0.83695
11.872 0.83763
11.873 0.83834
11.874 0.83905
11.875 0.83979
11.876 0.84054
11.877 0.84130
11.878 0.84207
11.879 0.84285
11.880 0.84365
11.881 0.84445
11.882 0.84526
11.883 0.84607
11.884 0.84689
11.885 0.84771
11.886 0.84854
11.887 0.84936
11.888 0.85019
11.889 0.85101
11.890 0.85183
11.891 0.85264
11.892 0.85345
11.893 0.85425
11.894 0.85505
11.895 0.85583
11.896 0.85661
11.897 0.85737
11.898 0.85812
11.899 0.85885
11.900 0.85957
11.901 0.86028
11.902 0.86096
11.903 0.86164
11.904 0.86230
11.905 0.86294
11.906 0.86358
11.907 0.86420
11.908 0.86482
11.909 0.86542
11.910 0.86602
11.911 0.86661
11.912 0.86720
11.913 0.86779
11.914 0.86837
11.915 0.86895
11.916 0.86952
11.917 0.87010
11.918 0.87068
11.919 0.87126
11.920 0.87185
11.921 0.87244
11.922 0.87303
11.923 0.87364
11.924 0.87425
11.925 0.87486
11.926 0.87549
11.927 0.87613
11.928 0.87678
11.929 0.87745
11.930 0.87812
11.931 0.87882
11.932 0.87953
11.933 0.88025
11.934 0.88100
11.935 0.88176
11.936 0.88255
11.937 0.88335
11.938 0.88418
11.939 0.88503
11.940 0.88591
11.941 0.88681
11.942 0.88774
11.943 0.88870
11.944 0.88969
11.945 0.89071
11.946 0.89175
11.947 0.89283
11.948 0.89395
11.949 0.89510
11.950 0.89628
11.951 0.89750
11.952 0.89875
11.953 0.90004
11.954 0.90136
11.955 0.90271
11.956 0.90409
11.957 0.90550
11.958 0.90693
11.959 0.90839
11.960 0.90988
11.961 0.91138
11.962 0.91291
11.963 0.91445
11.964 0.91601
11.965 0.91759
11.966 0.91919
11.967 0.92079
11.968 0.92241
11.969 0.92405
11.970 0.92568
11.971 0.92733
11.972 0.92899
11.973 0.93064
11.974 0.93231
11.975 0.93397
11.976 0.93564
11.977 0.93730
11.978 0.93896
11.979 0.94062
11.980 0.94227
11.981 0.94392
11.982 0.94556
11.983 0.94719
11.984 0.94881
11.985 0.95041
11.986 0.95201
11.987 0.95358
11.988 0.95514
11.989 0.95669
11.990 0.95821
11.991 0.95971
11.992 0.96119
11.993 0.96265
11.994 0.96408
11.995 0.96549
11.996 0.96686
11.997 0.96821
11.998 0.96953
11.999 0.97081
12.000 0.97206
12.001 0.97328
12.002 0.97446
12.003 0.97560
12.004 0.97672
12.005 0.97780
12.006 0.97884
12.007 0.97985
12.008 0.98083
12.009 0.98178
12.010 0.98270
12.011 0.98358
12.012 0.98443
12.013 0.98526
12.014 0.98605
12.015 0.98681
12.016 0.98754
12.017 0.98825
12.018 0.98892
12.019 0.98957
12.020 0.99019
12.021 0.99078
12.022 0.99134
12.023 0.99187
12.024 0.99238
12.025 0.99287
12.026 0.99333
12.027 0.99376
12.028 0.99416
12.029 0.99455
12.030 0.99490
12.031 0.99524
12.032 0.99555
12.033 0.99584
12.034 0.99610
12.035 0.99634
12.036 0.99656
12.037 0.99676
12.038 0.99694
12.039 0.99709
12.040 0.99723
12.041 0.99734
12.042 0.99744
12.043 0.99751
12.044 0.99757
12.045 0.99761
12.046 0.99763
12.047 0.99763
12.048 0.99761
12.049 0.99758
12.050 0.99753
12.051 0.99746
12.052 0.99738
12.053 0.99728
12.054 0.99717
12.055 0.99704
12.056 0.99690
12.057 0.99675
12.058 0.99659
12.059 0.99641
12.060 0.99623
12.061 0.99603
12.062 0.99583
12.063 0.99561
12.064 0.99539
12.065 0.99516
12.066 0.99492
12.067 0.99468
12.068 0.99444
12.069 0.99418
12.070 0.99393
12.071 0.99367
12.072 0.99340
12.073 0.99314
12.074 0.99287
12.075 0.99261
12.076 0.99234
12.077 0.99207
12.078 0.99181
12.079 0.99154
12.080 0.99128
12.081 0.99102
12.082 0.99076
12.083 0.99051
12.084 0.99027
12.085 0.99003
12.086 0.98979
12.087 0.98957
12.088 0.98935
12.089 0.98914
12.090 0.98893
12.091 0.98874
12.092 0.98856
12.093 0.98838
12.094 0.98822
12.095 0.98808
12.096 0.98794
12.097 0.98782
12.098 0.98771
12.099 0.98762
12.100 0.98754
12.101 0.98748
12.102 0.98743
12.103 0.98740
12.104 0.98738
12.105 0.98737
12.106 0.98738
12.107 0.98739
12.108 0.98742
12.109 0.98746
12.110 0.98751
12.111 0.98756
12.112 0.98762
12.113 0.98769
12.114 0.98776
12.115 0.98784
12.116 0.98793
12.117 0.98801
12.118 0.98810
12.119 0.98819
12.120 0.98829
12.121 0.98838
12.122 0.98847
12.123 0.98856
12.124 0.98865
12.125 0.98874
12.126 0.98882
12.127 0.98890
12.128 0.98897
12.129 0.98903
12.130 0.98909
12.131 0.98914
12.132 0.98919
12.133 0.98922
12.134 0.98925
12.135 0.98926
12.136 0.98926
12.137 0.98925
12.138 0.98923
12.139 0.98919
12.140 0.98914
12.141 0.98907
12.142 0.98899
12.143 0.98888
12.144 0.98877
12.145 0.98863
12.146 0.98847
12.147 0.98829
12.148 0.98809
12.149 0.98787
12.150 0.98763
12.151 0.98737
12.152 0.98708
12.153 0.98677
12.154 0.98643
12.155 0.98608
12.156 0.98570
12.157 0.98530
12.158 0.98488
12.159 0.98444
12.160 0.98399
12.161 0.98351
12.162 0.98301
12.163 0.98250
12.164 0.98196
12.165 0.98141
12.166 0.98084
12.167 0.98026
12.168 0.97966
12.169 0.97904
12.170 0.97841
12.171 0.97776
12.172 0.97709
12.173 0.97642
12.174 0.97572
12.175 0.97502
12.176 0.97430
12.177 0.97357
12.178 0.97282
12.179 0.97207
12.180 0.97130
12.181 0.97052
12.182 0.96973
12.183 0.96893
12.184 0.96812
12.185 0.96730
12.186 0.96647
12.187 0.96563
12.188 0.96478
12.189 0.96393
12.190 0.96306
12.191 0.96219
12.192 0.96132
12.193 0.96043
12.194 0.95955
12.195 0.95865
12.196 0.95775
12.197 0.95685
12.198 0.95594
12.199 0.95503
12.200 0.95411
12.201 0.95319
12.202 0.95227
12.203 0.95135
12.204 0.95042
12.205 0.94950
12.206 0.94858
12.207 0.94766
12.208 0.94674
12.209 0.94583
12.210 0.94493
12.211 0.94403
12.212 0.94313
12.213 0.94225
12.214 0.94137
12.215 0.94051
12.216 0.93965
12.217 0.93881
12.218 0.93798
12.219 0.93716
12.220 0.93636
12.221 0.93557
12.222 0.93480
12.223 0.93404
12.224 0.93331
12.225 0.93259
12.226 0.93189
12.227 0.93122
12.228 0.93056
12.229 0.92993
12.230 0.92932
12.231 0.92874
12.232 0.92818
12.233 0.92765
12.234 0.92715
12.235 0.92667
12.236 0.92623
12.237 0.92581
12.238 0.92543
12.239 0.92508
12.240 0.92476
12.241 0.92447
12.242 0.92422
12.243 0.92401
12.244 0.92383
12.245 0.92369
12.246 0.92359
12.247 0.92353
12.248 0.92351
12.249 0.92353
12.250 0.92359
12.251 0.92369
12.252 0.92384
12.253 0.92403
12.254 0.92426
12.255 0.92453
12.256 0.92483
12.257 0.92518
12.258 0.92556
12.259 0.92597
12.260 0.92642
12.261 0.92690
12.262 0.92742
12.263 0.92797
12.264 0.92854
12.265 0.92915
12.266 0.92978
12.267 0.93045
12.268 0.93114
12.269 0.93185
12.270 0.93259
12.271 0.93335
12.272 0.93414
12.273 0.93494
12.274 0.93577
12.275 0.93662
12.276 0.93748
12.277 0.93837
12.278 0.93927
12.279 0.94018
12.280 0.94111
12.281 0.94205
12.282 0.94301
12.283 0.94398
12.284 0.94496
12.285 0.94594
12.286 0.94694
12.287 0.94795
12.288 0.94896
12.289 0.94997
12.290 0.95100
12.291 0.95202
12.292 0.95305
12.293 0.95408
12.294 0.95511
12.295 0.95614
12.296 0.95717
12.297 0.95820
12.298 0.95922
12.299 0.96025
12.300 0.96126
12.301 0.96227
12.302 0.96327
12.303 0.96427
12.304 0.96526
12.305 0.96624
12.306 0.96722
12.307 0.96819
12.308 0.96915
12.309 0.97010
12.310 0.97105
12.311 0.97199
12.312 0.97292
12.313 0.97384
12.314 0.97475
12.315 0.97565
12.316 0.97655
12.317 0.97743
12.318 0.97830
12.319 0.97917
12.320 0.98002
12.321 0.98087
12.322 0.98170
12.323 0.98253
12.324 0.98334
12.325 0.98414
12.326 0.98493
12.327 0.98571
12.328 0.98648
12.329 0.98724
12.330 0.98798
12.331 0.98871
12.332 0.98943
12.333 0.99014
12.334 0.99083
12.335 0.99151
12.336 0.99218
12.337 0.99283
12.338 0.99347
12.339 0.99410
12.340 0.99471
12.341 0.99530
12.342 0.99589
12.343 0.99645
12.344 0.99701
12.345 0.99755
12.346 0.99807
12.347 0.99857
12.348 0.99907
12.349 0.99954
12.350 1.00000
12.351 1.00044
12.352 1.00087
12.353 1.00127
12.354 1.00166
12.355 1.00202
12.356 1.00237
12.357 1.00268
12.358 1.00298
12.359 1.00325
12.360 1.00349
12.361 1.00370
12.362 1.00388
12.363 1.00404
12.364 1.00416
12.365 1.00424
12.366 1.00430
12.367 1.00432
12.368 1.00430
12.369 1.00424
12.370 1.00414
12.371 1.00401
12.372 1.00383
12.373 1.00361
12.374 1.00335
12.375 1.00304
12.376 1.00268
12.377 1.00228
12.378 1.00183
12.379 1.00133
12.380 1.00078
12.381 1.00018
12.382 0.99952
12.383 0.99881
12.384 0.99804
12.385 0.99722
12.386 0.99634
12.387 0.99539
12.388 0.99439
12.389 0.99333
12.390 0.99220
12.391 0.99101
12.392 0.98976
12.393 0.98844
12.394 0.98705
12.395 0.98559
12.396 0.98406
12.397 0.98246
12.398 0.98079
12.399 0.97904
12.400 0.97722
12.401 0.97533
12.402 0.97336
12.403 0.97131
12.404 0.96919
12.405 0.96700
12.406 0.96473
12.407 0.96239
12.408 0.95998
12.409 0.95750
12.410 0.95494
12.411 0.95232
12.412 0.94963
12.413 0.94686
12.414 0.94403
12.415 0.94113
12.416 0.93816
12.417 0.93513
12.418 0.93203
12.419 0.92886
12.420 0.92563
12.421 0.92233
12.422 0.91897
12.423 0.91554
12.424 0.91206
12.425 0.90851
12.426 0.90489
12.427 0.90122
12.428 0.89748
12.429 0.89369
12.430 0.88983
12.431 0.88592
12.432 0.88194
12.433 0.87791
12.434 0.87382
12.435 0.86968
12.436 0.86547
12.437 0.86121
12.438 0.85690
12.439 0.85253
12.440 0.84811
12.441 0.84363
12.442 0.83910
12.443 0.83452
12.444 0.82989
12.445 0.82520
12.446 0.82046
12.447 0.81567
12.448 0.81084
12.449 0.80595
12.450 0.80102
12.451 0.79603
12.452 0.79100
12.453 0.78593
12.454 0.78081
12.455 0.77565
12.456 0.77045
12.457 0.76521
12.458 0.75993
12.459 0.75462
12.460 0.74927
12.461 0.74389
12.462 0.73848
12.463 0.73303
12.464 0.72756
12.465 0.72207
12.466 0.71654
12.467 0.71100
12.468 0.70543
12.469 0.69984
12.470 0.69423
12.471 0.68860
12.472 0.68296
12.473 0.67730
12.474 0.67163
12.475 0.66594
12.476 0.66025
12.477 0.65455
12.478 0.64884
12.479 0.64313
12.480 0.63741
12.481 0.63169
12.482 0.62596
12.483 0.62024
12.484 0.61452
12.485 0.60880
12.486 0.60309
12.487 0.59739
12.488 0.59169
12.489 0.58600
12.490 0.58033
12.491 0.57466
12.492 0.56901
12.493 0.56338
12.494 0.55776
12.495 0.55216
12.496 0.54658
12.497 0.54103
12.498 0.53549
12.499 0.52999
12.500 0.52450
12.501 0.51905
12.502 0.51362
12.503 0.50822
12.504 0.50285
12.505 0.49751
12.506 0.49220
12.507 0.48692
12.508 0.48167
12.509 0.47645
12.510 0.47125
12.511 0.46609
12.512 0.46096
12.513 0.45587
12.514 0.45080
12.515 0.44577
12.516 0.44076
12.517 0.43580
12.518 0.43086
12.519 0.42596
12.520 0.42109
12.521 0.41625
12.522 0.41145
12.523 0.40668
12.524 0.40195
12.525 0.39725
12.526 0.39259
12.527 0.38797
12.528 0.38338
12.529 0.37882
12.530 0.37430
12.531 0.36982
12.532 0.36538
12.533 0.36098
12.534 0.35661
12.535 0.35228
12.536 0.34799
12.537 0.34373
12.538 0.33952
12.539 0.33535
12.540 0.33121
12.541 0.32712
12.542 0.32306
12.543 0.31905
12.544 0.31508
12.545 0.31115
12.546 0.30726
12.547 0.30341
12.548 0.29960
12.549 0.29584
12.550 0.29212
12.551 0.28844
12.552 0.28480
12.553 0.28121
12.554 0.27766
12.555 0.27415
12.556 0.27068
12.557 0.26725
12.558 0.26386
12.559 0.26051
12.560 0.25720
12.561 0.25393
12.562 0.25070
12.563 0.24750
12.564 0.24435
12.565 0.24123
12.566 0.23814
12.567 0.23510
12.568 0.23209
12.569 0.22911
12.570 0.22617
12.571 0.22327
12.572 0.22039
12.573 0.21756
12.574 0.21475
12.575 0.21198
12.576 0.20924
12.577 0.20654
12.578 0.20386
12.579 0.20122
12.580 0.19861
12.581 0.19603
12.582 0.19348
12.583 0.19096
12.584 0.18846
12.585 0.18600
12.586 0.18357
12.587 0.18116
12.588 0.17878
12.589 0.17643
12.590 0.17410
12.591 0.17180
12.592 0.16953
12.593 0.16728
12.594 0.16506
12.595 0.16287
12.596 0.16069
12.597 0.15854
12.598 0.15642
12.599 0.15432
12.600 0.15224
12.601 0.15018
12.602 0.14814
12.603 0.14613
12.604 0.14414
12.605 0.14217
12.606 0.14022
12.607 0.13829
12.608 0.13639
12.609 0.13450
12.610 0.13264
12.611 0.13080
12.612 0.12898
12.613 0.12718
12.614 0.12540
12.615 0.12364
12.616 0.12190
12.617 0.12018
12.618 0.11848
12.619 0.11680
12.620 0.11514
12.621 0.11350
12.622 0.11189
12.623 0.11029
12.624 0.10871
12.625 0.10715
12.626 0.10560
12.627 0.10408
12.628 0.10258
12.629 0.10109
12.630 0.09963
12.631 0.09818
12.632 0.09675
12.633 0.09534
12.634 0.09395
12.635 0.09257
12.636 0.09121
12.637 0.08987
12.638 0.08855
12.639 0.08725
12.640 0.08596
12.641 0.08469
12.642 0.08344
12.643 0.08221
12.644 0.08099
12.645 0.07979
12.646 0.07860
12.647 0.07744
12.648 0.07629
12.649 0.07515
12.650 0.07403
12.651 0.07293
12.652 0.07184
12.653 0.07077
12.654 0.06972
12.655 0.06868
12.656 0.06765
12.657 0.06664
12.658 0.06565
12.659 0.06466
12.660 0.06370
12.661 0.06274
12.662 0.06181
12.663 0.06088
12.664 0.05997
12.665 0.05907
12.666 0.05818
12.667 0.05731
12.668 0.05645
12.669 0.05560
12.670 0.05476
12.671 0.05394
12.672 0.05312
12.673 0.05232
12.674 0.05153
12.675 0.05075
12.676 0.04998
12.677 0.04923
12.678 0.04848
12.679 0.04774
12.680 0.04701
12.681 0.04630
12.682 0.04559
12.683 0.04489
12.684 0.04420
12.685 0.04352
12.686 0.04285
12.687 0.04219
12.688 0.04153
12.689 0.04089
12.690 0.04025
12.691 0.03962
12.692 0.03899
12.693 0.03838
12.694 0.03777
12.695 0.03716
12.696 0.03657
12.697 0.03598
12.698 0.03540
12.699 0.03482
12.700 0.03425
12.701 0.03368
12.702 0.03312
12.703 0.03257
12.704 0.03202
12.705 0.03147
12.706 0.03094
12.707 0.03040
12.708 0.02988
12.709 0.02936
12.710 0.02884
12.711 0.02834
12.712 0.02783
12.713 0.02734
12.714 0.02685
12.715 0.02636
12.716 0.02588
12.717 0.02541
12.718 0.02495
12.719 0.02449
12.720 0.02403
12.721 0.02359
12.722 0.02314
12.723 0.02271
12.724 0.02228
12.725 0.02186
12.726 0.02144
12.727 0.02103
12.728 0.02063
12.729 0.02023
12.730 0.01984
12.731 0.01946
12.732 0.01908
12.733 0.01871
12.734 0.01835
12.735 0.01799
12.736 0.01764
12.737 0.01730
12.738 0.01696
12.739 0.01663
12.740 0.01631
12.741 0.01599
12.742 0.01568
12.743 0.01538
12.744 0.01509
12.745 0.01480
12.746 0.01452
12.747 0.01424
12.748 0.01397
12.749 0.01371
12.750 0.01346
12.751 0.01321
12.752 0.01298
12.753 0.01274
12.754 0.01252
12.755 0.01230
12.756 0.01209
12.757 0.01188
12.758 0.01168
12.759 0.01149
12.760 0.01130
12.761 0.01112
12.762 0.01094
12.763 0.01077
12.764 0.01060
12.765 0.01044
12.766 0.01028
12.767 0.01013
12.768 0.00999
12.769 0.00984
12.770 0.00971
12.771 0.00957
12.772 0.00944
12.773 0.00932
12.774 0.00919
12.775 0.00907
12.776 0.00896
12.777 0.00885
12.778 0.00874
12.779 0.00863
12.780 0.00853
12.781 0.00843
12.782 0.00833
12.783 0.00823
12.784 0.00814
12.785 0.00804
12.786 0.00795
12.787 0.00787
12.788 0.00778
12.789 0.00769
12.790 0.00761
12.791 0.00753
12.792 0.00744
12.793 0.00736
12.794 0.00728
12.795 0.00720
12.796 0.00712
12.797 0.00704
12.798 0.00696
12.799 0.00688
12.800 0.00680
12.801 0.00672
12.802 0.00664
12.803 0.00656
12.804 0.00648
12.805 0.00640
12.806 0.00632
12.807 0.00624
12.808 0.00615
12.809 0.00607
12.810 0.00599
12.811 0.00591
12.812 0.00583
12.813 0.00575
12.814 0.00567
12.815 0.00559
12.816 0.00551
12.817 0.00543
12.818 0.00535
12.819 0.00527
12.820 0.00519
12.821 0.00511
12.822 0.00504
12.823 0.00496
12.824 0.00489
12.825 0.00481
12.826 0.00474
12.827 0.00467
12.828 0.00459
12.829 0.00452
12.830 0.00446
12.831 0.00439
12.832 0.00432
12.833 0.00426
12.834 0.00419
12.835 0.00413
12.836 0.00407
12.837 0.00401
12.838 0.00395
12.839 0.00389
12.840 0.00384
12.841 0.00379
12.842 0.00374
12.843 0.00369
12.844 0.00364
12.845 0.00359
12.846 0.00355
12.847 0.00351
12.848 0.00347
12.849 0.00343
12.850 0.00340
12.851 0.00337
12.852 0.00333
12.853 0.00331
12.854 0.00328
12.855 0.00326
12.856 0.00323
12.857 0.00321
12.858 0.00320
12.859 0.00318
12.860 0.00316
12.861 0.00315
12.862 0.00314
12.863 0.00313
12.864 0.00312
12.865 0.00311
12.866 0.00311
12.867 0.00310
12.868 0.00310
12.869 0.00310
12.870 0.00310
12.871 0.00310
12.872 0.00310
12.873 0.00310
12.874 0.00310
12.875 0.00311
12.876 0.00311
12.877 0.00312
12.878 0.00312
12.879 0.00313
12.880 0.00314
12.881 0.00315
12.882 0.00316
12.883 0.00316
12.884 0.00317
12.885 0.00318
12.886 0.00319
12.887 0.00320
12.888 0.00321
12.889 0.00322
12.890 0.00323
12.891 0.00324
12.892 0.00325
12.893 0.00326
12.894 0.00327
12.895 0.00328
12.896 0.00329
12.897 0.00329
12.898 0.00330
12.899 0.00331
12.900 0.00332
12.901 0.00332
12.902 0.00333
12.903 0.00333
12.904 0.00333
12.905 0.00334
12.906 0.00334
12.907 0.00334
12.908 0.00334
12.909 0.00334
12.910 0.00334
12.911 0.00334
12.912 0.00334
12.913 0.00334
12.914 0.00334
12.915 0.00334
12.916 0.00334
12.917 0.00334
12.918 0.00334
12.919 0.00333
12.920 0.00333
12.921 0.00333
12.922 0.00332
12.923 0.00332
12.924 0.00332
12.925 0.00331
12.926 0.00331
12.927 0.00331
12.928 0.00330
12.929 0.00330
12.930 0.00330
12.931 0.00329
12.932 0.00329
12.933 0.00329
12.934 0.00328
12.935 0.00328
12.936 0.00328
12.937 0.00327
12.938 0.00327
12.939 0.00327
12.940 0.00327
12.941 0.00326
12.942 0.00326
12.943 0.00326
12.944 0.00326
12.945 0.00326
12.946 0.00326
12.947 0.00326
12.948 0.00326
12.949 0.00326
12.950 0.00326
12.951 0.00327
12.952 0.00327
12.953 0.00327
12.954 0.00327
12.955 0.00328
12.956 0.00328
12.957 0.00329
12.958 0.00329
12.959 0.00330
12.960 0.00330
12.961 0.00331
12.962 0.00331
12.963 0.00332
12.964 0.00332
12.965 0.00333
12.966 0.00334
12.967 0.00334
12.968 0.00335
12.969 0.00335
12.970 0.00336
12.971 0.00336
12.972 0.00337
12.973 0.00337
12.974 0.00338
12.975 0.00338
12.976 0.00338
12.977 0.00339
12.978 0.00339
12.979 0.00339
12.980 0.00339
12.981 0.00340
12.982 0.00340
12.983 0.00340
12.984 0.00340
12.985 0.00340
12.986 0.00339
12.987 0.00339
12.988 0.00339
12.989 0.00338
12.990 0.00338
12.991 0.00337
12.992 0.00337
12.993 0.00336
12.994 0.00335
12.995 0.00334
12.996 0.00333
12.997 0.00332
12.998 0.00330
12.999 0.00329
13.000 0.00327
13.001 0.00326
13.002 0.00324
13.003 0.00322
13.004 0.00320
13.005 0.00318
13.006 0.00316
13.007 0.00314
13.008 0.00311
13.009 0.00309
13.010 0.00306
13.011 0.00304
13.012 0.00301
13.013 0.00298
13.014 0.00295
13.015 0.00293
13.016 0.00290
13.017 0.00287
13.018 0.00284
13.019 0.00281
13.020 0.00278
13.021 0.00275
13.022 0.00272
13.023 0.00269
13.024 0.00266
13.025 0.00262
13.026 0.00259
13.027 0.00256
13.028 0.00253
13.029 0.00250
13.030 0.00247
13.031 0.00244
13.032 0.00241
13.033 0.00238
13.034 0.00235
13.035 0.00233
13.036 0.00230
13.037 0.00227
13.038 0.00225
13.039 0.00222
13.040 0.00219
13.041 0.00217
13.042 0.00215
13.043 0.00212
13.044 0.00210
13.045 0.00208
13.046 0.00206
13.047 0.00205
13.048 0.00203
13.049 0.00201
13.050 0.00200
13.051 0.00198
13.052 0.00197
13.053 0.00196
13.054 0.00195
13.055 0.00194
13.056 0.00193
13.057 0.00193
13.058 0.00192
13.059 0.00192
13.060 0.00191
13.061 0.00191
13.062 0.00191
13.063 0.00191
13.064 0.00191
13.065 0.00191
13.066 0.00191
13.067 0.00191
13.068 0.00191
13.069 0.00192
13.070 0.00192
13.071 0.00193
13.072 0.00193
13.073 0.00193
13.074 0.00194
13.075 0.00195
13.076 0.00195
13.077 0.00196
13.078 0.00196
13.079 0.00197
13.080 0.00198
13.081 0.00198
13.082 0.00199
13.083 0.00200
13.084 0.00200
13.085 0.00201
13.086 0.00202
13.087 0.00202
13.088 0.00203
13.089 0.00204
13.090 0.00204
13.091 0.00205
13.092 0.00205
13.093 0.00206
13.094 0.00206
13.095 0.00207
13.096 0.00207
13.097 0.00207
13.098 0.00207
13.099 0.00207
13.100 0.00208
13.101 0.00208
13.102 0.00207
13.103 0.00207
13.104 0.00207
13.105 0.00207
13.106 0.00207
13.107 0.00206
13.108 0.00206
13.109 0.00205
13.110 0.00205
13.111 0.00204
13.112 0.00204
13.113 0.00203
13.114 0.00202
13.115 0.00202
13.116 0.00201
13.117 0.00200
13.118 0.00200
13.119 0.00199
13.120 0.00198
13.121 0.00197
13.122 0.00197
13.123 0.00196
13.124 0.00195
13.125 0.00194
13.126 0.00193
13.127 0.00193
13.128 0.00192
13.129 0.00191
13.130 0.00190
13.131 0.00190
13.132 0.00189
13.133 0.00188
13.134 0.00188
13.135 0.00187
13.136 0.00187
13.137 0.00186
13.138 0.00186
13.139 0.00185
13.140 0.00185
13.141 0.00185
13.142 0.00185
13.143 0.00184
13.144 0.00184
13.145 0.00184
13.146 0.00184
13.147 0.00184
13.148 0.00185
13.149 0.00185
13.150 0.00185
13.151 0.00186
13.152 0.00186
13.153 0.00187
13.154 0.00187
13.155 0.00188
13.156 0.00189
13.157 0.00190
13.158 0.00191
13.159 0.00191
13.160 0.00192
13.161 0.00194
13.162 0.00195
13.163 0.00196
13.164 0.00197
13.165 0.00198
13.166 0.00199
13.167 0.00201
13.168 0.00202
13.169 0.00203
13.170 0.00205
13.171 0.00206
13.172 0.00207
13.173 0.00209
13.174 0.00210
13.175 0.00211
13.176 0.00213
13.177 0.00214
13.178 0.00215
13.179 0.00217
13.180 0.00218
13.181 0.00219
13.182 0.00220
13.183 0.00221
13.184 0.00223
13.185 0.00224
13.186 0.00225
13.187 0.00226
13.188 0.00227
13.189 0.00227
13.190 0.00228
13.191 0.00229
13.192 0.00230
13.193 0.00230
13.194 0.00231
13.195 0.00231
13.196 0.00232
13.197 0.00232
13.198 0.00232
13.199 0.00232
13.200 0.00232
13.201 0.00232
13.202 0.00232
13.203 0.00232
13.204 0.00231
13.205 0.00231
13.206 0.00230
13.207 0.00230
13.208 0.00229
13.209 0.00228
13.210 0.00227
13.211 0.00226
13.212 0.00225
13.213 0.00224
13.214 0.00223
13.215 0.00222
13.216 0.00221
13.217 0.00220
13.218 0.00218
13.219 0.00217
13.220 0.00216
13.221 0.00215
13.222 0.00213
13.223 0.00212
13.224 0.00210
13.225 0.00209
13.226 0.00208
13.227 0.00206
13.228 0.00205
13.229 0.00204
13.230 0.00202
13.231 0.00201
13.232 0.00200
13.233 0.00198
13.234 0.00197
13.235 0.00196
13.236 0.00195
13.237 0.00193
13.238 0.00192
13.239 0.00191
13.240 0.00190
13.241 0.00189
13.242 0.00188
13.243 0.00188
13.244 0.00187
13.245 0.00186
13.246 0.00185
13.247 0.00185
13.248 0.00184
13.249 0.00184
13.250 0.00184
13.251 0.00184
13.252 0.00184
13.253 0.00184
13.254 0.00184
13.255 0.00184
13.256 0.00184
13.257 0.00184
13.258 0.00185
13.259 0.00185
13.260 0.00186
13.261 0.00186
13.262 0.00187
13.263 0.00188
13.264 0.00189
13.265 0.00189
13.266 0.00190
13.267 0.00191
13.268 0.00192
13.269 0.00193
13.270 0.00194
13.271 0.00196
13.272 0.00197
13.273 0.00198
13.274 0.00199
13.275 0.00200
13.276 0.00202
13.277 0.00203
13.278 0.00204
13.279 0.00206
13.280 0.00207
13.281 0.00208
13.282 0.00210
13.283 0.00211
13.284 0.00212
13.285 0.00214
13.286 0.00215
13.287 0.00216
13.288 0.00218
13.289 0.00219
13.290 0.00220
13.291 0.00222
13.292 0.00223
13.293 0.00224
13.294 0.00225
13.295 0.00226
13.296 0.00228
13.297 0.00229
13.298 0.00230
13.299 0.00231
13.300 0.00232
13.301 0.00233
13.302 0.00234
13.303 0.00235
13.304 0.00235
13.305 0.00236
13.306 0.00237
13.307 0.00237
13.308 0.00238
13.309 0.00239
13.310 0.00239
13.311 0.00240
13.312 0.00240
13.313 0.00241
13.314 0.00241
13.315 0.00242
13.316 0.00242
13.317 0.00242
13.318 0.00243
13.319 0.00243
13.320 0.00243
13.321 0.00243
13.322 0.00243
13.323 0.00244
13.324 0.00244
13.325 0.00244
13.326 0.00244
13.327 0.00244
13.328 0.00244
13.329 0.00244
13.330 0.00244
13.331 0.00244
13.332 0.00244
13.333 0.00244
13.334 0.00244
13.335 0.00244
13.336 0.00244
13.337 0.00244
13.338 0.00244
13.339 0.00244
13.340 0.00244
13.341 0.00244
13.342 0.00243
13.343 0.00243
13.344 0.00243
13.345 0.00243
13.346 0.00243
13.347 0.00243
13.348 0.00243
13.349 0.00243
13.350 0.00242
13.351 0.00242
13.352 0.00242
13.353 0.00242
13.354 0.00242
13.355 0.00242
13.356 0.00242
13.357 0.00242
13.358 0.00242
13.359 0.00242
13.360 0.00242
13.361 0.00241
13.362 0.00241
13.363 0.00241
13.364 0.00241
13.365 0.00241
13.366 0.00241
13.367 0.00241
13.368 0.00241
13.369 0.00241
13.370 0.00241
13.371 0.00241
13.372 0.00241
13.373 0.00240
13.374 0.00240
13.375 0.00240
13.376 0.00240
13.377 0.00240
13.378 0.00240
13.379 0.00240
13.380 0.00240
13.381 0.00240
13.382 0.00240
13.383 0.00239
13.384 0.00239
13.385 0.00239
13.386 0.00239
13.387 0.00239
13.388 0.00239
13.389 0.00238
13.390 0.00238
13.391 0.00238
13.392 0.00238
13.393 0.00238
13.394 0.00237
13.395 0.00237
13.396 0.00237
13.397 0.00237
13.398 0.00236
13.399 0.00236
13.400 0.00236
13.401 0.00236
13.402 0.00235
13.403 0.00235
13.404 0.00235
13.405 0.00234
13.406 0.00234
13.407 0.00234
13.408 0.00233
13.409 0.00233
13.410 0.00233
13.411 0.00232
13.412 0.00232
13.413 0.00231
13.414 0.00231
13.415 0.00230
13.416 0.00230
13.417 0.00230
13.418 0.00229
13.419 0.00229
13.420 0.00228
13.421 0.00228
13.422 0.00227
13.423 0.00227
13.424 0.00226
13.425 0.00226
13.426 0.00225
13.427 0.00224
13.428 0.00224
13.429 0.00223
13.430 0.00223
13.431 0.00222
13.432 0.00222
13.433 0.00221
13.434 0.00220
13.435 0.00220
13.436 0.00219
13.437 0.00218
13.438 0.00218
13.439 0.00217
13.440 0.00216
13.441 0.00216
13.442 0.00215
13.443 0.00214
13.444 0.00214
13.445 0.00213
13.446 0.00212
13.447 0.00211
13.448 0.00211
13.449 0.00210
13.450 0.00209
13.451 0.00208
13.452 0.00208
13.453 0.00207
13.454 0.00206
13.455 0.00205
13.456 0.00204
13.457 0.00204
13.458 0.00203
13.459 0.00202
13.460 0.00201
13.461 0.00200
13.462 0.00200
13.463 0.00199
13.464 0.00198
13.465 0.00197
13.466 0.00196
13.467 0.00196
13.468 0.00195
13.469 0.00194
13.470 0.00193
13.471 0.00193
13.472 0.00192
13.473 0.00191
13.474 0.00190
13.475 0.00190
13.476 0.00189
13.477 0.00188
13.478 0.00187
13.479 0.00187
13.480 0.00186
13.481 0.00185
13.482 0.00185
13.483 0.00184
13.484 0.00184
13.485 0.00183
13.486 0.00182
13.487 0.00182
13.488 0.00181
13.489 0.00181
13.490 0.00180
13.491 0.00180
13.492 0.00179
13.493 0.00179
13.494 0.00178
13.495 0.00178
13.496 0.00178
13.497 0.00177
13.498 0.00177
13.499 0.00177
13.500 0.00177
13.501 0.00176
13.502 0.00176
13.503 0.00176
13.504 0.00176
13.505 0.00176
13.506 0.00176
13.507 0.00176
13.508 0.00176
13.509 0.00176
13.510 0.00176
13.511 0.00176
13.512 0.00176
13.513 0.00176
13.514 0.00176
13.515 0.00176
13.516 0.00176
13.517 0.00176
13.518 0.00176
13.519 0.00176
13.520 0.00176
13.521 0.00177
13.522 0.00177
13.523 0.00177
13.524 0.00177
13.525 0.00177
13.526 0.00177
13.527 0.00178
13.528 0.00178
13.529 0.00178
13.530 0.00178
13.531 0.00178
13.532 0.00179
13.533 0.00179
13.534 0.00179
13.535 0.00179
13.536 0.00179
13.537 0.00179
13.538 0.00180
13.539 0.00180
13.540 0.00180
13.541 0.00180
13.542 0.00180
13.543 0.00180
13.544 0.00180
13.545 0.00180
13.546 0.00180
13.547 0.00181
13.548 0.00181
13.549 0.00181
13.550 0.00181
13.551 0.00181
13.552 0.00180
13.553 0.00180
13.554 0.00180
13.555 0.00180
13.556 0.00180
13.557 0.00180
13.558 0.00180
13.559 0.00180
13.560 0.00179
13.561 0.00179
13.562 0.00179
13.563 0.00179
13.564 0.00179
13.565 0.00178
13.566 0.00178
13.567 0.00178
13.568 0.00178
13.569 0.00177
13.570 0.00177
13.571 0.00177
13.572 0.00177
13.573 0.00176
13.574 0.00176
13.575 0.00176
13.576 0.00176
13.577 0.00175
13.578 0.00175
13.579 0.00175
13.580 0.00175
13.581 0.00174
13.582 0.00174
13.583 0.00174
13.584 0.00174
13.585 0.00174
13.586 0.00173
13.587 0.00173
13.588 0.00173
13.589 0.00173
13.590 0.00173
13.591 0.00173
13.592 0.00173
13.593 0.00173
13.594 0.00173
13.595 0.00172
13.596 0.00172
13.597 0.00172
13.598 0.00172
13.599 0.00173
13.600 0.00173
13.601 0.00173
13.602 0.00173
13.603 0.00173
13.604 0.00173
13.605 0.00173
13.606 0.00173
13.607 0.00174
13.608 0.00174
13.609 0.00174
13.610 0.00174
13.611 0.00175
13.612 0.00175
13.613 0.00175
13.614 0.00176
13.615 0.00176
13.616 0.00176
13.617 0.00177
13.618 0.00177
13.619 0.00177
13.620 0.00178
13.621 0.00178
13.622 0.00179
13.623 0.00179
13.624 0.00179
13.625 0.00180
13.626 0.00180
13.627 0.00180
13.628 0.00181
13.629 0.00181
13.630 0.00182
13.631 0.00182
13.632 0.00182
13.633 0.00183
13.634 0.00183
13.635 0.00183
13.636 0.00184
13.637 0.00184
13.638 0.00184
13.639 0.00185
13.640 0.00185
13.641 0.00185
13.642 0.00185
13.643 0.00186
13.644 0.00186
13.645 0.00186
13.646 0.00186
13.647 0.00186
13.648 0.00187
13.649 0.00187
13.650 0.00187
13.651 0.00187
13.652 0.00187
13.653 0.00187
13.654 0.00187
13.655 0.00187
13.656 0.00187
13.657 0.00187
13.658 0.00187
13.659 0.00187
13.660 0.00186
13.661 0.00186
13.662 0.00186
13.663 0.00186
13.664 0.00186
13.665 0.00186
13.666 0.00185
13.667 0.00185
13.668 0.00185
13.669 0.00185
13.670 0.00184
13.671 0.00184
13.672 0.00184
13.673 0.00184
13.674 0.00183
13.675 0.00183
13.676 0.00183
13.677 0.00183
13.678 0.00182
13.679 0.00182
13.680 0.00182
13.681 0.00182
13.682 0.00181
13.683 0.00181
13.684 0.00181
13.685 0.00181
13.686 0.00180
13.687 0.00180
13.688 0.00180
13.689 0.00180
13.690 0.00179
13.691 0.00179
13.692 0.00179
13.693 0.00179
13.694 0.00179
13.695 0.00179
13.696 0.00178
13.697 0.00178
13.698 0.00178
13.699 0.00178
13.700 0.00178
13.701 0.00178
13.702 0.00178
13.703 0.00178
13.704 0.00178
13.705 0.00178
13.706 0.00178
13.707 0.00178
13.708 0.00178
13.709 0.00178
13.710 0.00178
13.711 0.00179
13.712 0.00179
13.713 0.00179
13.714 0.00179
13.715 0.00179
13.716 0.00179
13.717 0.00180
13.718 0.00180
13.719 0.00180
13.720 0.00180
13.721 0.00180
13.722 0.00181
13.723 0.00181
13.724 0.00181
13.725 0.00181
13.726 0.00181
13.727 0.00182
13.728 0.00182
13.729 0.00182
13.730 0.00182
13.731 0.00182
13.732 0.00183
13.733 0.00183
13.734 0.00183
13.735 0.00183
13.736 0.00183
13.737 0.00184
13.738 0.00184
13.739 0.00184
13.740 0.00184
13.741 0.00184
13.742 0.00184
13.743 0.00185
13.744 0.00185
13.745 0.00185
13.746 0.00185
13.747 0.00185
13.748 0.00185
13.749 0.00185
13.750 0.00185
13.751 0.00185
13.752 0.00185
13.753 0.00185
13.754 0.00185
13.755 0.00185
13.756 0.00185
13.757 0.00185
13.758 0.00185
13.759 0.00185
13.760 0.00184
13.761 0.00184
13.762 0.00184
13.763 0.00184
13.764 0.00184
13.765 0.00184
13.766 0.00183
13.767 0.00183
13.768 0.00183
13.769 0.00183
13.770 0.00183
13.771 0.00182
13.772 0.00182
13.773 0.00182
13.774 0.00182
13.775 0.00182
13.776 0.00181
13.777 0.00181
13.778 0.00181
13.779 0.00181
13.780 0.00180
13.781 0.00180
13.782 0.00180
13.783 0.00180
13.784 0.00179
13.785 0.00179
13.786 0.00179
13.787 0.00179
13.788 0.00178
13.789 0.00178
13.790 0.00178
13.791 0.00178
13.792 0.00178
13.793 0.00177
13.794 0.00177
13.795 0.00177
13.796 0.00177
13.797 0.00177
13.798 0.00177
13.799 0.00176
13.800 0.00176
13.801 0.00176
13.802 0.00176
13.803 0.00176
13.804 0.00176
13.805 0.00176
13.806 0.00176
13.807 0.00176
13.808 0.00176
13.809 0.00176
13.810 0.00176
13.811 0.00176
13.812 0.00176
13.813 0.00176
13.814 0.00176
13.815 0.00176
13.816 0.00176
13.817 0.00176
13.818 0.00176
13.819 0.00176
13.820 0.00176
13.821 0.00176
13.822 0.00177
13.823 0.00177
13.824 0.00177
13.825 0.00177
13.826 0.00177
13.827 0.00177
13.828 0.00177
13.829 0.00178
13.830 0.00178
13.831 0.00178
13.832 0.00178
13.833 0.00178
13.834 0.00179
13.835 0.00179
13.836 0.00179
13.837 0.00179
13.838 0.00179
13.839 0.00180
13.840 0.00180
13.841 0.00180
13.842 0.00180
13.843 0.00181
13.844 0.00181
13.845 0.00181
13.846 0.00182
13.847 0.00182
13.848 0.00182
13.849 0.00182
13.850 0.00183
13.851 0.00183
13.852 0.00183
13.853 0.00184
13.854 0.00184
13.855 0.00184
13.856 0.00185
13.857 0.00185
13.858 0.00185
13.859 0.00185
13.860 0.00186
13.861 0.00186
13.862 0.00186
13.863 0.00187
13.864 0.00187
13.865 0.00187
13.866 0.00188
13.867 0.00188
13.868 0.00188
13.869 0.00189
13.870 0.00189
13.871 0.00189
13.872 0.00189
13.873 0.00190
13.874 0.00190
13.875 0.00190
13.876 0.00191
13.877 0.00191
13.878 0.00191
13.879 0.00191
13.880 0.00192
13.881 0.00192
13.882 0.00192
13.883 0.00192
13.884 0.00192
13.885 0.00193
13.886 0.00193
13.887 0.00193
13.888 0.00193
13.889 0.00193
13.890 0.00193
13.891 0.00194
13.892 0.00194
13.893 0.00194
13.894 0.00194
13.895 0.00194
13.896 0.00194
13.897 0.00194
13.898 0.00194
13.899 0.00194
13.900 0.00194
13.901 0.00194
13.902 0.00194
13.903 0.00194
13.904 0.00194
13.905 0.00194
13.906 0.00194
13.907 0.00194
13.908 0.00194
13.909 0.00194
13.910 0.00193
13.911 0.00193
13.912 0.00193
13.913 0.00193
13.914 0.00193
13.915 0.00193
13.916 0.00192
13.917 0.00192
13.918 0.00192
13.919 0.00192
13.920 0.00192
13.921 0.00191
13.922 0.00191
13.923 0.00191
13.924 0.00191
13.925 0.00190
13.926 0.00190
13.927 0.00190
13.928 0.00190
13.929 0.00189
13.930 0.00189
13.931 0.00189
13.932 0.00188
13.933 0.00188
13.934 0.00188
13.935 0.00188
13.936 0.00187
13.937 0.00187
13.938 0.00187
13.939 0.00186
13.940 0.00186
13.941 0.00186
13.942 0.00186
13.943 0.00185
13.944 0.00185
13.945 0.00185
13.946 0.00184
13.947 0.00184
13.948 0.00184
13.949 0.00184
13.950 0.00183
13.951 0.00183
13.952 0.00183
13.953 0.00183
13.954 0.00183
13.955 0.00182
13.956 0.00182
13.957 0.00182
13.958 0.00182
13.959 0.00181
13.960 0.00181
13.961 0.00181
13.962 0.00181
13.963 0.00181
13.964 0.00181
13.965 0.00180
13.966 0.00180
13.967 0.00180
13.968 0.00180
13.969 0.00180
13.970 0.00180
13.971 0.00179
13.972 0.00179
13.973 0.00179
13.974 0.00179
13.975 0.00179
13.976 0.00179
13.977 0.00179
13.978 0.00179
13.979 0.00178
13.980 0.00178
13.981 0.00178
13.982 0.00178
13.983 0.00178
13.984 0.00178
13.985 0.00178
13.986 0.00178
13.987 0.00178
13.988 0.00177
13.989 0.00177
13.990 0.00177
13.991 0.00177
13.992 0.00177
13.993 0.00177
13.994 0.00177
13.995 0.00177
13.996 0.00177
13.997 0.00177
13.998 0.00177
13.999 0.00176
14.000 0.00176
