181 B6
1.516000 0.000067
1.517000 0.000151
1.518000 0.000249
1.519000 0.000348
1.520000 0.000466
1.521000 0.000585
1.522000 0.000758
1.523000 0.000932
1.524000 0.001150
1.525000 0.001369
1.526000 0.001613
1.527000 0.001859
1.528000 0.002172
1.529000 0.002488
1.530000 0.002881
1.531000 0.003277
1.532000 0.003772
1.533000 0.004271
1.534000 0.004898
1.535000 0.005528
1.536000 0.006421
1.537000 0.007319
1.538000 0.008459
1.539000 0.009606
1.540000 0.010989
1.541000 0.012372
1.542000 0.014303
1.543000 0.016248
1.544000 0.019029
1.545000 0.021831
1.546000 0.025890
1.547000 0.029952
1.548000 0.035171
1.549000 0.040434
1.550000 0.047864
1.551000 0.055352
1.552000 0.065732
1.553000 0.076166
1.554000 0.089024
1.555000 0.101893
1.556000 0.120150
1.557000 0.138642
1.558000 0.163127
1.559000 0.187803
1.560000 0.220261
1.561000 0.252894
1.562000 0.291359
1.563000 0.329939
1.564000 0.375648
1.565000 0.421470
1.566000 0.473560
1.567000 0.525681
1.568000 0.578787
1.569000 0.631645
1.570000 0.676683
1.571000 0.721282
1.572000 0.754770
1.573000 0.788248
1.574000 0.821155
1.575000 0.854065
1.576000 0.873370
1.577000 0.891830
1.578000 0.899817
1.579000 0.907252
1.580000 0.913009
1.581000 0.918685
1.582000 0.922953
1.583000 0.927163
1.584000 0.926860
1.585000 0.926413
1.586000 0.925059
1.587000 0.923683
1.588000 0.923953
1.589000 0.924259
1.590000 0.922828
1.591000 0.921383
1.592000 0.922061
1.593000 0.922756
1.594000 0.924648
1.595000 0.926605
1.596000 0.934552
1.597000 0.942525
1.598000 0.944351
1.599000 0.945872
1.600000 0.946175
1.601000 0.946432
1.602000 0.947006
1.603000 0.947589
1.604000 0.950194
1.605000 0.952859
1.606000 0.951303
1.607000 0.949670
1.608000 0.953047
1.609000 0.956494
1.610000 0.959047
1.611000 0.961545
1.612000 0.960048
1.613000 0.958335
1.614000 0.959835
1.615000 0.961470
1.616000 0.960857
1.617000 0.960175
1.618000 0.960813
1.619000 0.961486
1.620000 0.964703
1.621000 0.967943
1.622000 0.969314
1.623000 0.970589
1.624000 0.973713
1.625000 0.976906
1.626000 0.979100
1.627000 0.981258
1.628000 0.981285
1.629000 0.981372
1.630000 0.988609
1.631000 0.995869
1.632000 0.998021
1.633000 1.000000
1.634000 0.999848
1.635000 0.999642
1.636000 0.996590
1.637000 0.993439
1.638000 0.986217
1.639000 0.978989
1.640000 0.967125
1.641000 0.955120
1.642000 0.936199
1.643000 0.917239
1.644000 0.879424
1.645000 0.840967
1.646000 0.796545
1.647000 0.751893
1.648000 0.694313
1.649000 0.636542
1.650000 0.573232
1.651000 0.509946
1.652000 0.451966
1.653000 0.394030
1.654000 0.342750
1.655000 0.291752
1.656000 0.251309
1.657000 0.211153
1.658000 0.180823
1.659000 0.150540
1.660000 0.128463
1.661000 0.106664
1.662000 0.090735
1.663000 0.074941
1.664000 0.063790
1.665000 0.052752
1.666000 0.045028
1.667000 0.037310
1.668000 0.031821
1.669000 0.026350
1.670000 0.022504
1.671000 0.018724
1.672000 0.016045
1.673000 0.013394
1.674000 0.011483
1.675000 0.009587
1.676000 0.008227
1.677000 0.006882
1.678000 0.005910
1.679000 0.004940
1.680000 0.004257
1.681000 0.003576
1.682000 0.003055
1.683000 0.002541
1.684000 0.002160
1.685000 0.001781
1.686000 0.001512
1.687000 0.001244
1.688000 0.001040
1.689000 0.000837
1.690000 0.000677
1.691000 0.000517
1.692000 0.000409
1.693000 0.000301
1.694000 0.000206
1.695000 0.000112
1.696000 0.000040
