205 B8
0.488000 0.000216
0.489000 0.000514
0.490000 0.001013
0.491000 0.001587
0.492000 0.002619
0.493000 0.003841
0.494000 0.006195
0.495000 0.009003
0.496000 0.015515
0.497000 0.023270
0.498000 0.042723
0.499000 0.066556
0.500000 0.124269
0.501000 0.196006
0.502000 0.323232
0.503000 0.472496
0.504000 0.598302
0.505000 0.714816
0.506000 0.776009
0.507000 0.816555
0.508000 0.831881
0.509000 0.837994
0.510000 0.848975
0.511000 0.861668
0.512000 0.862705
0.513000 0.859640
0.514000 0.858532
0.515000 0.858244
0.516000 0.857148
0.517000 0.855759
0.518000 0.858455
0.519000 0.862834
0.520000 0.860609
0.521000 0.855993
0.522000 0.852785
0.523000 0.850183
0.524000 0.852788
0.525000 0.857317
0.526000 0.859130
0.527000 0.859876
0.528000 0.861508
0.529000 0.863494
0.530000 0.860265
0.531000 0.855102
0.532000 0.864423
0.533000 0.879249
0.534000 0.885593
0.535000 0.888663
0.536000 0.894758
0.537000 0.902017
0.538000 0.906294
0.539000 0.909290
0.540000 0.911734
0.541000 0.914000
0.542000 0.909776
0.543000 0.902939
0.544000 0.908919
0.545000 0.919859
0.546000 0.921620
0.547000 0.919456
0.548000 0.913020
0.549000 0.905134
0.550000 0.892702
0.551000 0.878599
0.552000 0.876838
0.553000 0.879443
0.554000 0.878303
0.555000 0.875692
0.556000 0.872666
0.557000 0.869478
0.558000 0.875361
0.559000 0.884759
0.560000 0.889903
0.561000 0.893427
0.562000 0.885948
0.563000 0.874097
0.564000 0.875674
0.565000 0.882402
0.566000 0.891375
0.567000 0.901194
0.568000 0.903528
0.569000 0.902826
0.570000 0.907551
0.571000 0.914350
0.572000 0.914932
0.573000 0.913190
0.574000 0.915508
0.575000 0.919554
0.576000 0.920802
0.577000 0.921040
0.578000 0.924431
0.579000 0.929105
0.580000 0.930068
0.581000 0.929551
0.582000 0.937549
0.583000 0.948863
0.584000 0.947084
0.585000 0.940273
0.586000 0.940813
0.587000 0.944136
0.588000 0.945674
0.589000 0.946566
0.590000 0.942462
0.591000 0.936298
0.592000 0.939621
0.593000 0.946659
0.594000 0.942374
0.595000 0.933839
0.596000 0.934250
0.597000 0.937840
0.598000 0.940838
0.599000 0.943626
0.600000 0.952415
0.601000 0.963664
0.602000 0.967381
0.603000 0.968241
0.604000 0.968233
0.605000 0.967878
0.606000 0.965083
0.607000 0.961367
0.608000 0.957232
0.609000 0.952939
0.610000 0.949345
0.611000 0.946006
0.612000 0.948081
0.613000 0.952465
0.614000 0.954526
0.615000 0.955814
0.616000 0.959149
0.617000 0.963216
0.618000 0.964158
0.619000 0.963953
0.620000 0.965943
0.621000 0.968789
0.622000 0.972688
0.623000 0.977026
0.624000 0.978028
0.625000 0.977901
0.626000 0.974158
0.627000 0.969078
0.628000 0.969583
0.629000 0.972297
0.630000 0.972906
0.631000 0.972708
0.632000 0.969732
0.633000 0.965780
0.634000 0.965561
0.635000 0.966835
0.636000 0.966641
0.637000 0.965899
0.638000 0.972067
0.639000 0.981077
0.640000 0.980971
0.641000 0.977722
0.642000 0.974405
0.643000 0.971123
0.644000 0.963139
0.645000 0.953260
0.646000 0.953494
0.647000 0.957536
0.648000 0.963851
0.649000 0.970928
0.650000 0.969453
0.651000 0.964750
0.652000 0.966541
0.653000 0.970613
0.654000 0.973941
0.655000 0.977055
0.656000 0.982894
0.657000 0.989770
0.658000 0.988302
0.659000 0.983542
0.660000 0.987968
0.661000 0.995538
0.662000 0.998579
0.663000 1.000000
0.664000 0.999810
0.665000 0.999061
0.666000 0.997891
0.667000 0.996580
0.668000 0.992555
0.669000 0.987369
0.670000 0.985862
0.671000 0.985761
0.672000 0.955679
0.673000 0.913945
0.674000 0.780140
0.675000 0.610197
0.676000 0.438556
0.677000 0.266714
0.678000 0.167313
0.679000 0.094013
0.680000 0.057564
0.681000 0.034787
0.682000 0.022882
0.683000 0.015178
0.684000 0.010755
0.685000 0.007663
0.686000 0.005756
0.687000 0.004292
0.688000 0.003220
0.689000 0.002283
0.690000 0.001545
0.691000 0.000879
0.692000 0.000214
