93 B2
0.436000 0.000010
0.437000 0.000061
0.438000 0.000117
0.439000 0.000241
0.440000 0.000349
0.441000 0.000455
0.442000 0.000756
0.443000 0.001197
0.444000 0.002070
0.445000 0.003712
0.446000 0.006869
0.447000 0.013212
0.448000 0.027170
0.449000 0.058606
0.450000 0.130876
0.451000 0.271370
0.452000 0.493542
0.453000 0.723971
0.454000 0.857510
0.455000 0.894222
0.456000 0.903034
0.457000 0.910928
0.458000 0.909880
0.459000 0.899475
0.460000 0.897977
0.461000 0.889667
0.462000 0.883542
0.463000 0.877453
0.464000 0.881011
0.465000 0.874721
0.466000 0.879688
0.467000 0.886569
0.468000 0.891913
0.469000 0.887680
0.470000 0.861157
0.471000 0.848533
0.472000 0.840828
0.473000 0.828339
0.474000 0.844202
0.475000 0.865864
0.476000 0.868497
0.477000 0.890253
0.478000 0.912538
0.479000 0.910385
0.480000 0.918822
0.481000 0.931726
0.482000 0.931813
0.483000 0.954248
0.484000 0.955545
0.485000 0.962420
0.486000 0.956424
0.487000 0.953352
0.488000 0.978564
0.489000 0.989104
0.490000 0.985615
0.491000 0.989469
0.492000 0.982262
0.493000 0.968801
0.494000 0.967332
0.495000 0.976836
0.496000 0.988729
0.497000 0.980826
0.498000 0.967361
0.499000 0.954754
0.500000 0.964132
0.501000 0.966125
0.502000 0.966772
0.503000 0.981834
0.504000 0.982320
0.505000 0.965685
0.506000 0.963135
0.507000 0.972261
0.508000 0.996498
0.509000 1.000000
0.510000 0.955600
0.511000 0.844893
0.512000 0.534592
0.513000 0.190738
0.514000 0.048329
0.515000 0.013894
0.516000 0.005328
0.517000 0.002611
0.518000 0.001557
0.519000 0.001100
0.520000 0.000785
0.521000 0.000516
0.522000 0.000321
0.523000 0.000162
0.524000 0.000072
0.525000 0.000057
0.526000 0.000023
0.527000 0.000032
0.528000 -0.000016
