5001 B10
9.000 0.00076
9.001 0.00076
9.002 0.00076
9.003 0.00076
9.004 0.00076
9.005 0.00076
9.006 0.00076
9.007 0.00076
9.008 0.00077
9.009 0.00077
9.010 0.00077
9.011 0.00077
9.012 0.00077
9.013 0.00077
9.014 0.00077
9.015 0.00077
9.016 0.00077
9.017 0.00077
9.018 0.00077
9.019 0.00077
9.020 0.00077
9.021 0.00077
9.022 0.00077
9.023 0.00077
9.024 0.00077
9.025 0.00077
9.026 0.00077
9.027 0.00077
9.028 0.00077
9.029 0.00077
9.030 0.00077
9.031 0.00077
9.032 0.00077
9.033 0.00077
9.034 0.00077
9.035 0.00077
9.036 0.00077
9.037 0.00077
9.038 0.00077
9.039 0.00077
9.040 0.00077
9.041 0.00077
9.042 0.00077
9.043 0.00077
9.044 0.00077
9.045 0.00077
9.046 0.00077
9.047 0.00076
9.048 0.00076
9.049 0.00076
9.050 0.00076
9.051 0.00076
9.052 0.00076
9.053 0.00076
9.054 0.00076
9.055 0.00076
9.056 0.00076
9.057 0.00076
9.058 0.00076
9.059 0.00076
9.060 0.00076
9.061 0.00076
9.062 0.00076
9.063 0.00076
9.064 0.00076
9.065 0.00075
9.066 0.00075
9.067 0.00075
9.068 0.00075
9.069 0.00075
9.070 0.00075
9.071 0.00075
9.072 0.00075
9.073 0.00075
9.074 0.00075
9.075 0.00075
9.076 0.00075
9.077 0.00075
9.078 0.00075
9.079 0.00074
9.080 0.00074
9.081 0.00074
9.082 0.00074
9.083 0.00074
9.084 0.00074
9.085 0.00074
9.086 0.00074
9.087 0.00074
9.088 0.00074
9.089 0.00074
9.090 0.00074
9.091 0.00074
9.092 0.00074
9.093 0.00074
9.094 0.00074
9.095 0.00074
9.096 0.00074
9.097 0.00074
9.098 0.00074
9.099 0.00074
9.100 0.00074
9.101 0.00074
9.102 0.00074
9.103 0.00074
9.104 0.00074
9.105 0.00074
9.106 0.00074
9.107 0.00074
9.108 0.00074
9.109 0.00074
9.110 0.00074
9.111 0.00074
9.112 0.00074
9.113 0.00074
9.114 0.00074
9.115 0.00074
9.116 0.00075
9.117 0.00075
9.118 0.00075
9.119 0.00075
9.120 0.00075
9.121 0.00075
9.122 0.00075
9.123 0.00075
9.124 0.00075
9.125 0.00075
9.126 0.00076
9.127 0.00076
9.128 0.00076
9.129 0.00076
9.130 0.00076
9.131 0.00076
9.132 0.00076
9.133 0.00077
9.134 0.00077
9.135 0.00077
9.136 0.00077
9.137 0.00077
9.138 0.00077
9.139 0.00078
9.140 0.00078
9.141 0.00078
9.142 0.00078
9.143 0.00078
9.144 0.00079
9.145 0.00079
9.146 0.00079
9.147 0.00079
9.148 0.00079
9.149 0.00080
9.150 0.00080
9.151 0.00080
9.152 0.00080
9.153 0.00081
9.154 0.00081
9.155 0.00081
9.156 0.00081
9.157 0.00082
9.158 0.00082
9.159 0.00082
9.160 0.00082
9.161 0.00083
9.162 0.00083
9.163 0.00083
9.164 0.00083
9.165 0.00084
9.166 0.00084
9.167 0.00084
9.168 0.00084
9.169 0.00084
9.170 0.00085
9.171 0.00085
9.172 0.00085
9.173 0.00085
9.174 0.00086
9.175 0.00086
9.176 0.00086
9.177 0.00086
9.178 0.00086
9.179 0.00087
9.180 0.00087
9.181 0.00087
9.182 0.00087
9.183 0.00087
9.184 0.00087
9.185 0.00088
9.186 0.00088
9.187 0.00088
9.188 0.00088
9.189 0.00088
9.190 0.00088
9.191 0.00088
9.192 0.00088
9.193 0.00088
9.194 0.00088
9.195 0.00088
9.196 0.00088
9.197 0.00088
9.198 0.00088
9.199 0.00088
9.200 0.00088
9.201 0.00088
9.202 0.00088
9.203 0.00088
9.204 0.00088
9.205 0.00088
9.206 0.00088
9.207 0.00088
9.208 0.00087
9.209 0.00087
9.210 0.00087
9.211 0.00087
9.212 0.00087
9.213 0.00087
9.214 0.00086
9.215 0.00086
9.216 0.00086
9.217 0.00086
9.218 0.00085
9.219 0.00085
9.220 0.00085
9.221 0.00085
9.222 0.00084
9.223 0.00084
9.224 0.00084
9.225 0.00083
9.226 0.00083
9.227 0.00083
9.228 0.00083
9.229 0.00082
9.230 0.00082
9.231 0.00082
9.232 0.00081
9.233 0.00081
9.234 0.00081
9.235 0.00080
9.236 0.00080
9.237 0.00080
9.238 0.00079
9.239 0.00079
9.240 0.00079
9.241 0.00078
9.242 0.00078
9.243 0.00078
9.244 0.00077
9.245 0.00077
9.246 0.00077
9.247 0.00077
9.248 0.00076
9.249 0.00076
9.250 0.00076
9.251 0.00075
9.252 0.00075
9.253 0.00075
9.254 0.00075
9.255 0.00074
9.256 0.00074
9.257 0.00074
9.258 0.00074
9.259 0.00073
9.260 0.00073
9.261 0.00073
9.262 0.00073
9.263 0.00072
9.264 0.00072
9.265 0.00072
9.266 0.00072
9.267 0.00072
9.268 0.00071
9.269 0.00071
9.270 0.00071
9.271 0.00071
9.272 0.00071
9.273 0.00071
9.274 0.00070
9.275 0.00070
9.276 0.00070
9.277 0.00070
9.278 0.00070
9.279 0.00070
9.280 0.00070
9.281 0.00070
9.282 0.00069
9.283 0.00069
9.284 0.00069
9.285 0.00069
9.286 0.00069
9.287 0.00069
9.288 0.00069
9.289 0.00069
9.290 0.00069
9.291 0.00069
9.292 0.00069
9.293 0.00069
9.294 0.00069
9.295 0.00069
9.296 0.00069
9.297 0.00069
9.298 0.00069
9.299 0.00069
9.300 0.00069
9.301 0.00069
9.302 0.00069
9.303 0.00069
9.304 0.00069
9.305 0.00069
9.306 0.00069
9.307 0.00069
9.308 0.00069
9.309 0.00069
9.310 0.00069
9.311 0.00069
9.312 0.00069
9.313 0.00069
9.314 0.00069
9.315 0.00069
9.316 0.00069
9.317 0.00070
9.318 0.00070
9.319 0.00070
9.320 0.00070
9.321 0.00070
9.322 0.00070
9.323 0.00070
9.324 0.00070
9.325 0.00070
9.326 0.00070
9.327 0.00070
9.328 0.00071
9.329 0.00071
9.330 0.00071
9.331 0.00071
9.332 0.00071
9.333 0.00071
9.334 0.00071
9.335 0.00071
9.336 0.00071
9.337 0.00072
9.338 0.00072
9.339 0.00072
9.340 0.00072
9.341 0.00072
9.342 0.00072
9.343 0.00072
9.344 0.00072
9.345 0.00072
9.346 0.00073
9.347 0.00073
9.348 0.00073
9.349 0.00073
9.350 0.00073
9.351 0.00073
9.352 0.00073
9.353 0.00073
9.354 0.00073
9.355 0.00073
9.356 0.00073
9.357 0.00074
9.358 0.00074
9.359 0.00074
9.360 0.00074
9.361 0.00074
9.362 0.00074
9.363 0.00074
9.364 0.00074
9.365 0.00074
9.366 0.00074
9.367 0.00074
9.368 0.00074
9.369 0.00074
9.370 0.00074
9.371 0.00074
9.372 0.00074
9.373 0.00075
9.374 0.00075
9.375 0.00075
9.376 0.00075
9.377 0.00075
9.378 0.00075
9.379 0.00075
9.380 0.00075
9.381 0.00075
9.382 0.00075
9.383 0.00075
9.384 0.00075
9.385 0.00075
9.386 0.00075
9.387 0.00075
9.388 0.00076
9.389 0.00076
9.390 0.00076
9.391 0.00076
9.392 0.00076
9.393 0.00076
9.394 0.00076
9.395 0.00076
9.396 0.00076
9.397 0.00076
9.398 0.00076
9.399 0.00077
9.400 0.00077
9.401 0.00077
9.402 0.00077
9.403 0.00077
9.404 0.00077
9.405 0.00077
9.406 0.00077
9.407 0.00077
9.408 0.00078
9.409 0.00078
9.410 0.00078
9.411 0.00078
9.412 0.00078
9.413 0.00078
9.414 0.00078
9.415 0.00079
9.416 0.00079
9.417 0.00079
9.418 0.00079
9.419 0.00079
9.420 0.00079
9.421 0.00079
9.422 0.00079
9.423 0.00080
9.424 0.00080
9.425 0.00080
9.426 0.00080
9.427 0.00080
9.428 0.00080
9.429 0.00080
9.430 0.00080
9.431 0.00080
9.432 0.00080
9.433 0.00080
9.434 0.00081
9.435 0.00081
9.436 0.00081
9.437 0.00081
9.438 0.00081
9.439 0.00081
9.440 0.00081
9.441 0.00081
9.442 0.00081
9.443 0.00081
9.444 0.00081
9.445 0.00081
9.446 0.00081
9.447 0.00081
9.448 0.00081
9.449 0.00080
9.450 0.00080
9.451 0.00080
9.452 0.00080
9.453 0.00080
9.454 0.00080
9.455 0.00080
9.456 0.00080
9.457 0.00079
9.458 0.00079
9.459 0.00079
9.460 0.00079
9.461 0.00079
9.462 0.00079
9.463 0.00078
9.464 0.00078
9.465 0.00078
9.466 0.00078
9.467 0.00078
9.468 0.00077
9.469 0.00077
9.470 0.00077
9.471 0.00077
9.472 0.00077
9.473 0.00077
9.474 0.00076
9.475 0.00076
9.476 0.00076
9.477 0.00076
9.478 0.00076
9.479 0.00076
9.480 0.00075
9.481 0.00075
9.482 0.00075
9.483 0.00075
9.484 0.00075
9.485 0.00075
9.486 0.00075
9.487 0.00075
9.488 0.00074
9.489 0.00074
9.490 0.00074
9.491 0.00074
9.492 0.00074
9.493 0.00074
9.494 0.00074
9.495 0.00074
9.496 0.00074
9.497 0.00075
9.498 0.00075
9.499 0.00075
9.500 0.00075
9.501 0.00075
9.502 0.00075
9.503 0.00075
9.504 0.00076
9.505 0.00076
9.506 0.00076
9.507 0.00076
9.508 0.00077
9.509 0.00077
9.510 0.00077
9.511 0.00078
9.512 0.00078
9.513 0.00078
9.514 0.00078
9.515 0.00079
9.516 0.00079
9.517 0.00079
9.518 0.00080
9.519 0.00080
9.520 0.00081
9.521 0.00081
9.522 0.00081
9.523 0.00082
9.524 0.00082
9.525 0.00082
9.526 0.00082
9.527 0.00083
9.528 0.00083
9.529 0.00083
9.530 0.00084
9.531 0.00084
9.532 0.00084
9.533 0.00084
9.534 0.00085
9.535 0.00085
9.536 0.00085
9.537 0.00085
9.538 0.00085
9.539 0.00085
9.540 0.00086
9.541 0.00086
9.542 0.00086
9.543 0.00086
9.544 0.00086
9.545 0.00086
9.546 0.00086
9.547 0.00085
9.548 0.00085
9.549 0.00085
9.550 0.00085
9.551 0.00085
9.552 0.00085
9.553 0.00084
9.554 0.00084
9.555 0.00084
9.556 0.00083
9.557 0.00083
9.558 0.00082
9.559 0.00082
9.560 0.00081
9.561 0.00081
9.562 0.00080
9.563 0.00080
9.564 0.00079
9.565 0.00079
9.566 0.00078
9.567 0.00078
9.568 0.00077
9.569 0.00076
9.570 0.00076
9.571 0.00075
9.572 0.00074
9.573 0.00074
9.574 0.00073
9.575 0.00073
9.576 0.00072
9.577 0.00071
9.578 0.00071
9.579 0.00070
9.580 0.00069
9.581 0.00069
9.582 0.00068
9.583 0.00068
9.584 0.00067
9.585 0.00066
9.586 0.00066
9.587 0.00065
9.588 0.00065
9.589 0.00064
9.590 0.00064
9.591 0.00063
9.592 0.00063
9.593 0.00063
9.594 0.00062
9.595 0.00062
9.596 0.00061
9.597 0.00061
9.598 0.00061
9.599 0.00061
9.600 0.00061
9.601 0.00060
9.602 0.00060
9.603 0.00060
9.604 0.00060
9.605 0.00060
9.606 0.00060
9.607 0.00060
9.608 0.00060
9.609 0.00060
9.610 0.00061
9.611 0.00061
9.612 0.00061
9.613 0.00061
9.614 0.00061
9.615 0.00062
9.616 0.00062
9.617 0.00062
9.618 0.00062
9.619 0.00063
9.620 0.00063
9.621 0.00064
9.622 0.00064
9.623 0.00064
9.624 0.00065
9.625 0.00065
9.626 0.00066
9.627 0.00066
9.628 0.00066
9.629 0.00067
9.630 0.00067
9.631 0.00068
9.632 0.00068
9.633 0.00069
9.634 0.00069
9.635 0.00070
9.636 0.00070
9.637 0.00071
9.638 0.00071
9.639 0.00072
9.640 0.00072
9.641 0.00072
9.642 0.00073
9.643 0.00073
9.644 0.00074
9.645 0.00074
9.646 0.00075
9.647 0.00075
9.648 0.00075
9.649 0.00076
9.650 0.00076
9.651 0.00076
9.652 0.00077
9.653 0.00077
9.654 0.00077
9.655 0.00077
9.656 0.00078
9.657 0.00078
9.658 0.00078
9.659 0.00078
9.660 0.00078
9.661 0.00079
9.662 0.00079
9.663 0.00079
9.664 0.00079
9.665 0.00079
9.666 0.00079
9.667 0.00079
9.668 0.00079
9.669 0.00079
9.670 0.00079
9.671 0.00079
9.672 0.00079
9.673 0.00079
9.674 0.00079
9.675 0.00079
9.676 0.00079
9.677 0.00079
9.678 0.00079
9.679 0.00079
9.680 0.00078
9.681 0.00078
9.682 0.00078
9.683 0.00078
9.684 0.00078
9.685 0.00077
9.686 0.00077
9.687 0.00077
9.688 0.00077
9.689 0.00076
9.690 0.00076
9.691 0.00076
9.692 0.00075
9.693 0.00075
9.694 0.00075
9.695 0.00074
9.696 0.00074
9.697 0.00073
9.698 0.00073
9.699 0.00072
9.700 0.00072
9.701 0.00071
9.702 0.00071
9.703 0.00070
9.704 0.00070
9.705 0.00069
9.706 0.00069
9.707 0.00068
9.708 0.00067
9.709 0.00067
9.710 0.00066
9.711 0.00066
9.712 0.00065
9.713 0.00065
9.714 0.00064
9.715 0.00063
9.716 0.00063
9.717 0.00062
9.718 0.00062
9.719 0.00061
9.720 0.00060
9.721 0.00060
9.722 0.00059
9.723 0.00059
9.724 0.00058
9.725 0.00058
9.726 0.00057
9.727 0.00057
9.728 0.00056
9.729 0.00056
9.730 0.00055
9.731 0.00055
9.732 0.00054
9.733 0.00054
9.734 0.00054
9.735 0.00053
9.736 0.00053
9.737 0.00053
9.738 0.00053
9.739 0.00052
9.740 0.00052
9.741 0.00052
9.742 0.00052
9.743 0.00052
9.744 0.00052
9.745 0.00052
9.746 0.00052
9.747 0.00052
9.748 0.00052
9.749 0.00052
9.750 0.00052
9.751 0.00053
9.752 0.00053
9.753 0.00053
9.754 0.00054
9.755 0.00054
9.756 0.00054
9.757 0.00055
9.758 0.00055
9.759 0.00056
9.760 0.00056
9.761 0.00057
9.762 0.00058
9.763 0.00058
9.764 0.00059
9.765 0.00059
9.766 0.00060
9.767 0.00061
9.768 0.00061
9.769 0.00062
9.770 0.00063
9.771 0.00064
9.772 0.00064
9.773 0.00065
9.774 0.00066
9.775 0.00066
9.776 0.00067
9.777 0.00068
9.778 0.00068
9.779 0.00069
9.780 0.00070
9.781 0.00070
9.782 0.00071
9.783 0.00072
9.784 0.00072
9.785 0.00073
9.786 0.00073
9.787 0.00074
9.788 0.00074
9.789 0.00075
9.790 0.00075
9.791 0.00075
9.792 0.00076
9.793 0.00076
9.794 0.00076
9.795 0.00076
9.796 0.00077
9.797 0.00077
9.798 0.00077
9.799 0.00077
9.800 0.00077
9.801 0.00077
9.802 0.00076
9.803 0.00076
9.804 0.00076
9.805 0.00076
9.806 0.00075
9.807 0.00075
9.808 0.00074
9.809 0.00074
9.810 0.00073
9.811 0.00073
9.812 0.00072
9.813 0.00072
9.814 0.00071
9.815 0.00070
9.816 0.00070
9.817 0.00069
9.818 0.00068
9.819 0.00068
9.820 0.00067
9.821 0.00066
9.822 0.00065
9.823 0.00065
9.824 0.00064
9.825 0.00063
9.826 0.00063
9.827 0.00062
9.828 0.00061
9.829 0.00060
9.830 0.00060
9.831 0.00059
9.832 0.00058
9.833 0.00058
9.834 0.00057
9.835 0.00057
9.836 0.00056
9.837 0.00056
9.838 0.00055
9.839 0.00055
9.840 0.00054
9.841 0.00054
9.842 0.00054
9.843 0.00054
9.844 0.00053
9.845 0.00053
9.846 0.00053
9.847 0.00053
9.848 0.00053
9.849 0.00053
9.850 0.00053
9.851 0.00054
9.852 0.00054
9.853 0.00054
9.854 0.00055
9.855 0.00055
9.856 0.00056
9.857 0.00056
9.858 0.00057
9.859 0.00058
9.860 0.00058
9.861 0.00059
9.862 0.00060
9.863 0.00061
9.864 0.00062
9.865 0.00062
9.866 0.00063
9.867 0.00064
9.868 0.00065
9.869 0.00066
9.870 0.00067
9.871 0.00068
9.872 0.00069
9.873 0.00071
9.874 0.00072
9.875 0.00073
9.876 0.00074
9.877 0.00075
9.878 0.00076
9.879 0.00077
9.880 0.00078
9.881 0.00079
9.882 0.00080
9.883 0.00081
9.884 0.00082
9.885 0.00083
9.886 0.00084
9.887 0.00085
9.888 0.00086
9.889 0.00087
9.890 0.00087
9.891 0.00088
9.892 0.00089
9.893 0.00090
9.894 0.00090
9.895 0.00091
9.896 0.00091
9.897 0.00092
9.898 0.00092
9.899 0.00093
9.900 0.00093
9.901 0.00093
9.902 0.00094
9.903 0.00094
9.904 0.00094
9.905 0.00094
9.906 0.00094
9.907 0.00094
9.908 0.00094
9.909 0.00093
9.910 0.00093
9.911 0.00093
9.912 0.00093
9.913 0.00092
9.914 0.00092
9.915 0.00091
9.916 0.00091
9.917 0.00090
9.918 0.00090
9.919 0.00089
9.920 0.00089
9.921 0.00088
9.922 0.00087
9.923 0.00087
9.924 0.00086
9.925 0.00085
9.926 0.00085
9.927 0.00084
9.928 0.00083
9.929 0.00082
9.930 0.00082
9.931 0.00081
9.932 0.00080
9.933 0.00079
9.934 0.00078
9.935 0.00078
9.936 0.00077
9.937 0.00076
9.938 0.00075
9.939 0.00075
9.940 0.00074
9.941 0.00073
9.942 0.00072
9.943 0.00072
9.944 0.00071
9.945 0.00070
9.946 0.00070
9.947 0.00069
9.948 0.00068
9.949 0.00068
9.950 0.00067
9.951 0.00067
9.952 0.00066
9.953 0.00066
9.954 0.00065
9.955 0.00065
9.956 0.00064
9.957 0.00064
9.958 0.00064
9.959 0.00063
9.960 0.00063
9.961 0.00063
9.962 0.00063
9.963 0.00062
9.964 0.00062
9.965 0.00062
9.966 0.00062
9.967 0.00062
9.968 0.00062
9.969 0.00062
9.970 0.00061
9.971 0.00061
9.972 0.00061
9.973 0.00061
9.974 0.00061
9.975 0.00061
9.976 0.00061
9.977 0.00062
9.978 0.00062
9.979 0.00062
9.980 0.00062
9.981 0.00062
9.982 0.00062
9.983 0.00062
9.984 0.00062
9.985 0.00063
9.986 0.00063
9.987 0.00063
9.988 0.00063
9.989 0.00063
9.990 0.00063
9.991 0.00064
9.992 0.00064
9.993 0.00064
9.994 0.00064
9.995 0.00065
9.996 0.00065
9.997 0.00065
9.998 0.00065
9.999 0.00066
10.000 0.00066
10.001 0.00066
10.002 0.00066
10.003 0.00067
10.004 0.00067
10.005 0.00067
10.006 0.00068
10.007 0.00068
10.008 0.00068
10.009 0.00068
10.010 0.00069
10.011 0.00069
10.012 0.00069
10.013 0.00070
10.014 0.00070
10.015 0.00070
10.016 0.00070
10.017 0.00071
10.018 0.00071
10.019 0.00071
10.020 0.00072
10.021 0.00072
10.022 0.00072
10.023 0.00072
10.024 0.00073
10.025 0.00073
10.026 0.00073
10.027 0.00073
10.028 0.00074
10.029 0.00074
10.030 0.00074
10.031 0.00075
10.032 0.00075
10.033 0.00075
10.034 0.00075
10.035 0.00076
10.036 0.00076
10.037 0.00076
10.038 0.00076
10.039 0.00077
10.040 0.00077
10.041 0.00077
10.042 0.00077
10.043 0.00078
10.044 0.00078
10.045 0.00078
10.046 0.00078
10.047 0.00078
10.048 0.00079
10.049 0.00079
10.050 0.00079
10.051 0.00079
10.052 0.00079
10.053 0.00080
10.054 0.00080
10.055 0.00080
10.056 0.00080
10.057 0.00080
10.058 0.00080
10.059 0.00081
10.060 0.00081
10.061 0.00081
10.062 0.00081
10.063 0.00081
10.064 0.00081
10.065 0.00081
10.066 0.00081
10.067 0.00081
10.068 0.00081
10.069 0.00081
10.070 0.00082
10.071 0.00082
10.072 0.00082
10.073 0.00081
10.074 0.00081
10.075 0.00081
10.076 0.00081
10.077 0.00081
10.078 0.00081
10.079 0.00081
10.080 0.00081
10.081 0.00081
10.082 0.00081
10.083 0.00080
10.084 0.00080
10.085 0.00080
10.086 0.00080
10.087 0.00079
10.088 0.00079
10.089 0.00079
10.090 0.00079
10.091 0.00078
10.092 0.00078
10.093 0.00077
10.094 0.00077
10.095 0.00077
10.096 0.00076
10.097 0.00076
10.098 0.00075
10.099 0.00075
10.100 0.00074
10.101 0.00073
10.102 0.00073
10.103 0.00072
10.104 0.00072
10.105 0.00071
10.106 0.00070
10.107 0.00069
10.108 0.00069
10.109 0.00068
10.110 0.00067
10.111 0.00067
10.112 0.00066
10.113 0.00065
10.114 0.00064
10.115 0.00064
10.116 0.00063
10.117 0.00062
10.118 0.00062
10.119 0.00061
10.120 0.00060
10.121 0.00060
10.122 0.00059
10.123 0.00059
10.124 0.00058
10.125 0.00058
10.126 0.00057
10.127 0.00057
10.128 0.00057
10.129 0.00056
10.130 0.00056
10.131 0.00056
10.132 0.00056
10.133 0.00055
10.134 0.00055
10.135 0.00055
10.136 0.00055
10.137 0.00056
10.138 0.00056
10.139 0.00056
10.140 0.00056
10.141 0.00057
10.142 0.00057
10.143 0.00058
10.144 0.00058
10.145 0.00059
10.146 0.00060
10.147 0.00061
10.148 0.00062
10.149 0.00063
10.150 0.00064
10.151 0.00065
10.152 0.00067
10.153 0.00068
10.154 0.00069
10.155 0.00071
10.156 0.00073
10.157 0.00075
10.158 0.00077
10.159 0.00078
10.160 0.00081
10.161 0.00083
10.162 0.00085
10.163 0.00087
10.164 0.00089
10.165 0.00092
10.166 0.00094
10.167 0.00097
10.168 0.00099
10.169 0.00102
10.170 0.00105
10.171 0.00108
10.172 0.00110
10.173 0.00113
10.174 0.00116
10.175 0.00119
10.176 0.00122
10.177 0.00125
10.178 0.00129
10.179 0.00132
10.180 0.00135
10.181 0.00138
10.182 0.00141
10.183 0.00145
10.184 0.00148
10.185 0.00151
10.186 0.00155
10.187 0.00158
10.188 0.00162
10.189 0.00165
10.190 0.00168
10.191 0.00172
10.192 0.00175
10.193 0.00179
10.194 0.00182
10.195 0.00186
10.196 0.00189
10.197 0.00193
10.198 0.00197
10.199 0.00200
10.200 0.00204
10.201 0.00207
10.202 0.00211
10.203 0.00214
10.204 0.00218
10.205 0.00221
10.206 0.00225
10.207 0.00228
10.208 0.00232
10.209 0.00235
10.210 0.00239
10.211 0.00242
10.212 0.00246
10.213 0.00249
10.214 0.00253
10.215 0.00257
10.216 0.00260
10.217 0.00264
10.218 0.00267
10.219 0.00271
10.220 0.00275
10.221 0.00278
10.222 0.00282
10.223 0.00286
10.224 0.00290
10.225 0.00293
10.226 0.00297
10.227 0.00301
10.228 0.00305
10.229 0.00309
10.230 0.00313
10.231 0.00317
10.232 0.00321
10.233 0.00325
10.234 0.00329
10.235 0.00333
10.236 0.00337
10.237 0.00341
10.238 0.00346
10.239 0.00350
10.240 0.00354
10.241 0.00359
10.242 0.00363
10.243 0.00367
10.244 0.00372
10.245 0.00376
10.246 0.00381
10.247 0.00386
10.248 0.00390
10.249 0.00395
10.250 0.00400
10.251 0.00405
10.252 0.00410
10.253 0.00415
10.254 0.00420
10.255 0.00425
10.256 0.00431
10.257 0.00436
10.258 0.00441
10.259 0.00447
10.260 0.00452
10.261 0.00458
10.262 0.00464
10.263 0.00470
10.264 0.00475
10.265 0.00481
10.266 0.00488
10.267 0.00494
10.268 0.00500
10.269 0.00507
10.270 0.00513
10.271 0.00520
10.272 0.00527
10.273 0.00534
10.274 0.00541
10.275 0.00548
10.276 0.00555
10.277 0.00563
10.278 0.00571
10.279 0.00578
10.280 0.00586
10.281 0.00594
10.282 0.00603
10.283 0.00611
10.284 0.00619
10.285 0.00628
10.286 0.00637
10.287 0.00646
10.288 0.00655
10.289 0.00665
10.290 0.00674
10.291 0.00684
10.292 0.00694
10.293 0.00704
10.294 0.00714
10.295 0.00725
10.296 0.00735
10.297 0.00746
10.298 0.00757
10.299 0.00768
10.300 0.00780
10.301 0.00792
10.302 0.00803
10.303 0.00815
10.304 0.00828
10.305 0.00840
10.306 0.00853
10.307 0.00866
10.308 0.00879
10.309 0.00892
10.310 0.00906
10.311 0.00920
10.312 0.00934
10.313 0.00948
10.314 0.00962
10.315 0.00977
10.316 0.00992
10.317 0.01007
10.318 0.01022
10.319 0.01037
10.320 0.01053
10.321 0.01069
10.322 0.01085
10.323 0.01101
10.324 0.01118
10.325 0.01135
10.326 0.01152
10.327 0.01169
10.328 0.01186
10.329 0.01204
10.330 0.01222
10.331 0.01240
10.332 0.01258
10.333 0.01276
10.334 0.01295
10.335 0.01314
10.336 0.01333
10.337 0.01352
10.338 0.01372
10.339 0.01391
10.340 0.01411
10.341 0.01431
10.342 0.01452
10.343 0.01472
10.344 0.01493
10.345 0.01514
10.346 0.01535
10.347 0.01557
10.348 0.01578
10.349 0.01600
10.350 0.01622
10.351 0.01645
10.352 0.01667
10.353 0.01690
10.354 0.01713
10.355 0.01736
10.356 0.01760
10.357 0.01784
10.358 0.01808
10.359 0.01832
10.360 0.01857
10.361 0.01882
10.362 0.01907
10.363 0.01933
10.364 0.01959
10.365 0.01985
10.366 0.02012
10.367 0.02039
10.368 0.02066
10.369 0.02094
10.370 0.02122
10.371 0.02151
10.372 0.02180
10.373 0.02209
10.374 0.02239
10.375 0.02269
10.376 0.02300
10.377 0.02331
10.378 0.02363
10.379 0.02395
10.380 0.02427
10.381 0.02460
10.382 0.02494
10.383 0.02528
10.384 0.02563
10.385 0.02598
10.386 0.02634
10.387 0.02670
10.388 0.02707
10.389 0.02744
10.390 0.02782
10.391 0.02821
10.392 0.02860
10.393 0.02900
10.394 0.02940
10.395 0.02981
10.396 0.03023
10.397 0.03065
10.398 0.03108
10.399 0.03152
10.400 0.03196
10.401 0.03241
10.402 0.03286
10.403 0.03333
10.404 0.03380
10.405 0.03428
10.406 0.03476
10.407 0.03526
10.408 0.03576
10.409 0.03627
10.410 0.03678
10.411 0.03731
10.412 0.03785
10.413 0.03839
10.414 0.03894
10.415 0.03950
10.416 0.04007
10.417 0.04065
10.418 0.04124
10.419 0.04184
10.420 0.04245
10.421 0.04307
10.422 0.04370
10.423 0.04434
10.424 0.04499
10.425 0.04565
10.426 0.04632
10.427 0.04700
10.428 0.04770
10.429 0.04840
10.430 0.04912
10.431 0.04984
10.432 0.05058
10.433 0.05133
10.434 0.05210
10.435 0.05287
10.436 0.05366
10.437 0.05446
10.438 0.05527
10.439 0.05610
10.440 0.05694
10.441 0.05779
10.442 0.05866
10.443 0.05954
10.444 0.06043
10.445 0.06133
10.446 0.06226
10.447 0.06319
10.448 0.06414
10.449 0.06510
10.450 0.06608
10.451 0.06707
10.452 0.06808
10.453 0.06910
10.454 0.07014
10.455 0.07120
10.456 0.07227
10.457 0.07335
10.458 0.07445
10.459 0.07557
10.460 0.07671
10.461 0.07786
10.462 0.07903
10.463 0.08022
10.464 0.08142
10.465 0.08264
10.466 0.08389
10.467 0.08514
10.468 0.08642
10.469 0.08772
10.470 0.08903
10.471 0.09037
10.472 0.09172
10.473 0.09309
10.474 0.09449
10.475 0.09590
10.476 0.09733
10.477 0.09879
10.478 0.10026
10.479 0.10176
10.480 0.10328
10.481 0.10481
10.482 0.10637
10.483 0.10796
10.484 0.10956
10.485 0.11118
10.486 0.11283
10.487 0.11450
10.488 0.11620
10.489 0.11792
10.490 0.11966
10.491 0.12142
10.492 0.12321
10.493 0.12502
10.494 0.12686
10.495 0.12872
10.496 0.13060
10.497 0.13251
10.498 0.13445
10.499 0.13641
10.500 0.13840
10.501 0.14041
10.502 0.14245
10.503 0.14451
10.504 0.14660
10.505 0.14872
10.506 0.15087
10.507 0.15304
10.508 0.15525
10.509 0.15748
10.510 0.15974
10.511 0.16203
10.512 0.16435
10.513 0.16670
10.514 0.16908
10.515 0.17149
10.516 0.17394
10.517 0.17641
10.518 0.17892
10.519 0.18146
10.520 0.18404
10.521 0.18664
10.522 0.18928
10.523 0.19196
10.524 0.19467
10.525 0.19741
10.526 0.20019
10.527 0.20300
10.528 0.20585
10.529 0.20874
10.530 0.21166
10.531 0.21462
10.532 0.21762
10.533 0.22066
10.534 0.22373
10.535 0.22684
10.536 0.22999
10.537 0.23318
10.538 0.23641
10.539 0.23968
10.540 0.24300
10.541 0.24635
10.542 0.24974
10.543 0.25317
10.544 0.25665
10.545 0.26017
10.546 0.26373
10.547 0.26733
10.548 0.27098
10.549 0.27467
10.550 0.27841
10.551 0.28219
10.552 0.28601
10.553 0.28988
10.554 0.29379
10.555 0.29774
10.556 0.30173
10.557 0.30576
10.558 0.30983
10.559 0.31394
10.560 0.31808
10.561 0.32226
10.562 0.32648
10.563 0.33074
10.564 0.33502
10.565 0.33934
10.566 0.34370
10.567 0.34808
10.568 0.35250
10.569 0.35695
10.570 0.36143
10.571 0.36593
10.572 0.37047
10.573 0.37503
10.574 0.37962
10.575 0.38423
10.576 0.38887
10.577 0.39353
10.578 0.39822
10.579 0.40293
10.580 0.40766
10.581 0.41241
10.582 0.41719
10.583 0.42198
10.584 0.42679
10.585 0.43162
10.586 0.43646
10.587 0.44133
10.588 0.44620
10.589 0.45110
10.590 0.45600
10.591 0.46092
10.592 0.46585
10.593 0.47080
10.594 0.47575
10.595 0.48072
10.596 0.48569
10.597 0.49067
10.598 0.49566
10.599 0.50066
10.600 0.50566
10.601 0.51067
10.602 0.51568
10.603 0.52070
10.604 0.52571
10.605 0.53072
10.606 0.53573
10.607 0.54074
10.608 0.54573
10.609 0.55072
10.610 0.55570
10.611 0.56066
10.612 0.56561
10.613 0.57055
10.614 0.57547
10.615 0.58036
10.616 0.58524
10.617 0.59010
10.618 0.59492
10.619 0.59973
10.620 0.60450
10.621 0.60925
10.622 0.61396
10.623 0.61864
10.624 0.62328
10.625 0.62789
10.626 0.63246
10.627 0.63699
10.628 0.64147
10.629 0.64591
10.630 0.65031
10.631 0.65466
10.632 0.65896
10.633 0.66320
10.634 0.66740
10.635 0.67154
10.636 0.67562
10.637 0.67965
10.638 0.68361
10.639 0.68751
10.640 0.69135
10.641 0.69513
10.642 0.69883
10.643 0.70247
10.644 0.70604
10.645 0.70954
10.646 0.71296
10.647 0.71630
10.648 0.71957
10.649 0.72276
10.650 0.72586
10.651 0.72889
10.652 0.73183
10.653 0.73469
10.654 0.73748
10.655 0.74019
10.656 0.74282
10.657 0.74538
10.658 0.74787
10.659 0.75029
10.660 0.75263
10.661 0.75492
10.662 0.75713
10.663 0.75928
10.664 0.76137
10.665 0.76340
10.666 0.76537
10.667 0.76729
10.668 0.76914
10.669 0.77095
10.670 0.77269
10.671 0.77439
10.672 0.77604
10.673 0.77764
10.674 0.77920
10.675 0.78070
10.676 0.78217
10.677 0.78360
10.678 0.78498
10.679 0.78633
10.680 0.78763
10.681 0.78891
10.682 0.79015
10.683 0.79136
10.684 0.79253
10.685 0.79368
10.686 0.79480
10.687 0.79590
10.688 0.79697
10.689 0.79802
10.690 0.79904
10.691 0.80005
10.692 0.80104
10.693 0.80202
10.694 0.80298
10.695 0.80392
10.696 0.80486
10.697 0.80578
10.698 0.80670
10.699 0.80761
10.700 0.80851
10.701 0.80941
10.702 0.81031
10.703 0.81120
10.704 0.81209
10.705 0.81297
10.706 0.81385
10.707 0.81472
10.708 0.81559
10.709 0.81645
10.710 0.81730
10.711 0.81814
10.712 0.81898
10.713 0.81981
10.714 0.82063
10.715 0.82144
10.716 0.82224
10.717 0.82303
10.718 0.82381
10.719 0.82458
10.720 0.82534
10.721 0.82609
10.722 0.82683
10.723 0.82755
10.724 0.82827
10.725 0.82896
10.726 0.82965
10.727 0.83032
10.728 0.83098
10.729 0.83162
10.730 0.83225
10.731 0.83286
10.732 0.83346
10.733 0.83404
10.734 0.83461
10.735 0.83516
10.736 0.83569
10.737 0.83620
10.738 0.83669
10.739 0.83717
10.740 0.83763
10.741 0.83807
10.742 0.83848
10.743 0.83888
10.744 0.83926
10.745 0.83962
10.746 0.83996
10.747 0.84027
10.748 0.84056
10.749 0.84083
10.750 0.84108
10.751 0.84130
10.752 0.84151
10.753 0.84169
10.754 0.84185
10.755 0.84199
10.756 0.84211
10.757 0.84222
10.758 0.84231
10.759 0.84238
10.760 0.84244
10.761 0.84248
10.762 0.84251
10.763 0.84253
10.764 0.84254
10.765 0.84254
10.766 0.84253
10.767 0.84251
10.768 0.84248
10.769 0.84245
10.770 0.84241
10.771 0.84237
10.772 0.84232
10.773 0.84227
10.774 0.84222
10.775 0.84217
10.776 0.84212
10.777 0.84207
10.778 0.84202
10.779 0.84197
10.780 0.84193
10.781 0.84189
10.782 0.84186
10.783 0.84184
10.784 0.84182
10.785 0.84181
10.786 0.84181
10.787 0.84183
10.788 0.84185
10.789 0.84188
10.790 0.84193
10.791 0.84199
10.792 0.84207
10.793 0.84217
10.794 0.84228
10.795 0.84241
10.796 0.84255
10.797 0.84272
10.798 0.84291
10.799 0.84312
10.800 0.84335
10.801 0.84360
10.802 0.84388
10.803 0.84418
10.804 0.84450
10.805 0.84485
10.806 0.84521
10.807 0.84560
10.808 0.84600
10.809 0.84642
10.810 0.84686
10.811 0.84732
10.812 0.84780
10.813 0.84830
10.814 0.84881
10.815 0.84933
10.816 0.84987
10.817 0.85043
10.818 0.85100
10.819 0.85158
10.820 0.85218
10.821 0.85279
10.822 0.85341
10.823 0.85404
10.824 0.85469
10.825 0.85534
10.826 0.85600
10.827 0.85668
10.828 0.85736
10.829 0.85805
10.830 0.85875
10.831 0.85945
10.832 0.86016
10.833 0.86088
10.834 0.86160
10.835 0.86233
10.836 0.86306
10.837 0.86379
10.838 0.86453
10.839 0.86527
10.840 0.86601
10.841 0.86676
10.842 0.86750
10.843 0.86825
10.844 0.86899
10.845 0.86974
10.846 0.87048
10.847 0.87122
10.848 0.87196
10.849 0.87270
10.850 0.87343
10.851 0.87416
10.852 0.87489
10.853 0.87561
10.854 0.87633
10.855 0.87705
10.856 0.87777
10.857 0.87849
10.858 0.87920
10.859 0.87992
10.860 0.88063
10.861 0.88135
10.862 0.88207
10.863 0.88279
10.864 0.88352
10.865 0.88424
10.866 0.88497
10.867 0.88571
10.868 0.88645
10.869 0.88719
10.870 0.88794
10.871 0.88869
10.872 0.88946
10.873 0.89022
10.874 0.89100
10.875 0.89178
10.876 0.89258
10.877 0.89338
10.878 0.89419
10.879 0.89501
10.880 0.89584
10.881 0.89669
10.882 0.89754
10.883 0.89841
10.884 0.89928
10.885 0.90018
10.886 0.90108
10.887 0.90200
10.888 0.90293
10.889 0.90388
10.890 0.90485
10.891 0.90583
10.892 0.90682
10.893 0.90783
10.894 0.90887
10.895 0.90991
10.896 0.91098
10.897 0.91207
10.898 0.91317
10.899 0.91430
10.900 0.91544
10.901 0.91661
10.902 0.91780
10.903 0.91900
10.904 0.92022
10.905 0.92146
10.906 0.92272
10.907 0.92399
10.908 0.92527
10.909 0.92657
10.910 0.92788
10.911 0.92920
10.912 0.93053
10.913 0.93186
10.914 0.93321
10.915 0.93456
10.916 0.93592
10.917 0.93728
10.918 0.93865
10.919 0.94001
10.920 0.94138
10.921 0.94275
10.922 0.94412
10.923 0.94549
10.924 0.94685
10.925 0.94821
10.926 0.94957
10.927 0.95092
10.928 0.95226
10.929 0.95360
10.930 0.95492
10.931 0.95624
10.932 0.95755
10.933 0.95884
10.934 0.96012
10.935 0.96139
10.936 0.96264
10.937 0.96388
10.938 0.96510
10.939 0.96630
10.940 0.96748
10.941 0.96864
10.942 0.96979
10.943 0.97090
10.944 0.97200
10.945 0.97307
10.946 0.97412
10.947 0.97514
10.948 0.97613
10.949 0.97709
10.950 0.97803
10.951 0.97893
10.952 0.97981
10.953 0.98065
10.954 0.98147
10.955 0.98226
10.956 0.98303
10.957 0.98376
10.958 0.98447
10.959 0.98516
10.960 0.98582
10.961 0.98646
10.962 0.98707
10.963 0.98767
10.964 0.98824
10.965 0.98879
10.966 0.98932
10.967 0.98983
10.968 0.99032
10.969 0.99079
10.970 0.99124
10.971 0.99168
10.972 0.99210
10.973 0.99251
10.974 0.99290
10.975 0.99328
10.976 0.99364
10.977 0.99399
10.978 0.99433
10.979 0.99465
10.980 0.99497
10.981 0.99527
10.982 0.99557
10.983 0.99585
10.984 0.99613
10.985 0.99640
10.986 0.99667
10.987 0.99692
10.988 0.99717
10.989 0.99742
10.990 0.99766
10.991 0.99790
10.992 0.99814
10.993 0.99837
10.994 0.99860
10.995 0.99883
10.996 0.99907
10.997 0.99930
10.998 0.99953
10.999 0.99976
11.000 1.00000
11.001 1.00024
11.002 1.00048
11.003 1.00072
11.004 1.00096
11.005 1.00120
11.006 1.00144
11.007 1.00167
11.008 1.00190
11.009 1.00212
11.010 1.00234
11.011 1.00254
11.012 1.00273
11.013 1.00292
11.014 1.00309
11.015 1.00325
11.016 1.00339
11.017 1.00352
11.018 1.00362
11.019 1.00372
11.020 1.00379
11.021 1.00384
11.022 1.00387
11.023 1.00387
11.024 1.00385
11.025 1.00381
11.026 1.00374
11.027 1.00364
11.028 1.00351
11.029 1.00335
11.030 1.00316
11.031 1.00294
11.032 1.00268
11.033 1.00239
11.034 1.00206
11.035 1.00169
11.036 1.00129
11.037 1.00084
11.038 1.00036
11.039 0.99983
11.040 0.99926
11.041 0.99864
11.042 0.99798
11.043 0.99727
11.044 0.99651
11.045 0.99571
11.046 0.99485
11.047 0.99394
11.048 0.99298
11.049 0.99196
11.050 0.99089
11.051 0.98976
11.052 0.98857
11.053 0.98733
11.054 0.98604
11.055 0.98469
11.056 0.98328
11.057 0.98182
11.058 0.98030
11.059 0.97873
11.060 0.97711
11.061 0.97543
11.062 0.97370
11.063 0.97191
11.064 0.97008
11.065 0.96819
11.066 0.96625
11.067 0.96426
11.068 0.96221
11.069 0.96012
11.070 0.95797
11.071 0.95578
11.072 0.95353
11.073 0.95123
11.074 0.94889
11.075 0.94649
11.076 0.94405
11.077 0.94156
11.078 0.93902
11.079 0.93643
11.080 0.93380
11.081 0.93111
11.082 0.92838
11.083 0.92560
11.084 0.92278
11.085 0.91991
11.086 0.91700
11.087 0.91404
11.088 0.91103
11.089 0.90798
11.090 0.90488
11.091 0.90174
11.092 0.89856
11.093 0.89533
11.094 0.89206
11.095 0.88875
11.096 0.88539
11.097 0.88200
11.098 0.87855
11.099 0.87507
11.100 0.87155
11.101 0.86798
11.102 0.86438
11.103 0.86073
11.104 0.85705
11.105 0.85332
11.106 0.84956
11.107 0.84576
11.108 0.84192
11.109 0.83804
11.110 0.83413
11.111 0.83018
11.112 0.82620
11.113 0.82218
11.114 0.81812
11.115 0.81404
11.116 0.80991
11.117 0.80576
11.118 0.80157
11.119 0.79735
11.120 0.79310
11.121 0.78882
11.122 0.78451
11.123 0.78017
11.124 0.77579
11.125 0.77139
11.126 0.76696
11.127 0.76250
11.128 0.75802
11.129 0.75351
11.130 0.74897
11.131 0.74440
11.132 0.73981
11.133 0.73520
11.134 0.73056
11.135 0.72589
11.136 0.72120
11.137 0.71649
11.138 0.71176
11.139 0.70701
11.140 0.70223
11.141 0.69743
11.142 0.69261
11.143 0.68777
11.144 0.68292
11.145 0.67804
11.146 0.67315
11.147 0.66823
11.148 0.66330
11.149 0.65835
11.150 0.65339
11.151 0.64841
11.152 0.64342
11.153 0.63841
11.154 0.63339
11.155 0.62836
11.156 0.62331
11.157 0.61826
11.158 0.61321
11.159 0.60814
11.160 0.60307
11.161 0.59800
11.162 0.59292
11.163 0.58784
11.164 0.58276
11.165 0.57769
11.166 0.57261
11.167 0.56754
11.168 0.56247
11.169 0.55740
11.170 0.55235
11.171 0.54730
11.172 0.54226
11.173 0.53723
11.174 0.53221
11.175 0.52721
11.176 0.52221
11.177 0.51724
11.178 0.51228
11.179 0.50733
11.180 0.50241
11.181 0.49750
11.182 0.49262
11.183 0.48776
11.184 0.48292
11.185 0.47810
11.186 0.47332
11.187 0.46855
11.188 0.46382
11.189 0.45912
11.190 0.45444
11.191 0.44980
11.192 0.44519
11.193 0.44062
11.194 0.43608
11.195 0.43157
11.196 0.42711
11.197 0.42268
11.198 0.41829
11.199 0.41394
11.200 0.40964
11.201 0.40538
11.202 0.40116
11.203 0.39699
11.204 0.39286
11.205 0.38877
11.206 0.38472
11.207 0.38071
11.208 0.37674
11.209 0.37281
11.210 0.36893
11.211 0.36508
11.212 0.36127
11.213 0.35750
11.214 0.35377
11.215 0.35007
11.216 0.34642
11.217 0.34280
11.218 0.33921
11.219 0.33566
11.220 0.33215
11.221 0.32868
11.222 0.32523
11.223 0.32183
11.224 0.31845
11.225 0.31511
11.226 0.31181
11.227 0.30853
11.228 0.30529
11.229 0.30208
11.230 0.29890
11.231 0.29576
11.232 0.29264
11.233 0.28955
11.234 0.28650
11.235 0.28347
11.236 0.28047
11.237 0.27750
11.238 0.27456
11.239 0.27165
11.240 0.26876
11.241 0.26590
11.242 0.26307
11.243 0.26027
11.244 0.25748
11.245 0.25473
11.246 0.25200
11.247 0.24929
11.248 0.24661
11.249 0.24395
11.250 0.24132
11.251 0.23871
11.252 0.23612
11.253 0.23355
11.254 0.23101
11.255 0.22848
11.256 0.22598
11.257 0.22351
11.258 0.22105
11.259 0.21861
11.260 0.21620
11.261 0.21381
11.262 0.21144
11.263 0.20909
11.264 0.20676
11.265 0.20446
11.266 0.20217
11.267 0.19991
11.268 0.19766
11.269 0.19544
11.270 0.19323
11.271 0.19105
11.272 0.18889
11.273 0.18674
11.274 0.18462
11.275 0.18252
11.276 0.18043
11.277 0.17837
11.278 0.17632
11.279 0.17429
11.280 0.17229
11.281 0.17030
11.282 0.16833
11.283 0.16638
11.284 0.16444
11.285 0.16253
11.286 0.16063
11.287 0.15875
11.288 0.15689
11.289 0.15505
11.290 0.15323
11.291 0.15142
11.292 0.14963
11.293 0.14786
11.294 0.14610
11.295 0.14436
11.296 0.14264
11.297 0.14094
11.298 0.13925
11.299 0.13758
11.300 0.13592
11.301 0.13428
11.302 0.13266
11.303 0.13105
11.304 0.12946
11.305 0.12789
11.306 0.12633
11.307 0.12478
11.308 0.12326
11.309 0.12174
11.310 0.12024
11.311 0.11876
11.312 0.11729
11.313 0.11584
11.314 0.11440
11.315 0.11298
11.316 0.11157
11.317 0.11017
11.318 0.10879
11.319 0.10742
11.320 0.10607
11.321 0.10473
11.322 0.10340
11.323 0.10209
11.324 0.10079
11.325 0.09950
11.326 0.09823
11.327 0.09697
11.328 0.09572
11.329 0.09448
11.330 0.09326
11.331 0.09205
11.332 0.09085
11.333 0.08967
11.334 0.08849
11.335 0.08733
11.336 0.08618
11.337 0.08504
11.338 0.08392
11.339 0.08280
11.340 0.08170
11.341 0.08061
11.342 0.07953
11.343 0.07845
11.344 0.07739
11.345 0.07635
11.346 0.07531
11.347 0.07428
11.348 0.07326
11.349 0.07225
11.350 0.07126
11.351 0.07027
11.352 0.06929
11.353 0.06832
11.354 0.06736
11.355 0.06642
11.356 0.06548
11.357 0.06455
11.358 0.06363
11.359 0.06272
11.360 0.06182
11.361 0.06093
11.362 0.06004
11.363 0.05917
11.364 0.05831
11.365 0.05745
11.366 0.05661
11.367 0.05577
11.368 0.05495
11.369 0.05413
11.370 0.05332
11.371 0.05252
11.372 0.05173
11.373 0.05095
11.374 0.05018
11.375 0.04941
11.376 0.04866
11.377 0.04791
11.378 0.04717
11.379 0.04644
11.380 0.04572
11.381 0.04501
11.382 0.04431
11.383 0.04361
11.384 0.04293
11.385 0.04225
11.386 0.04158
11.387 0.04091
11.388 0.04026
11.389 0.03962
11.390 0.03898
11.391 0.03835
11.392 0.03773
11.393 0.03711
11.394 0.03651
11.395 0.03591
11.396 0.03532
11.397 0.03474
11.398 0.03416
11.399 0.03360
11.400 0.03304
11.401 0.03248
11.402 0.03194
11.403 0.03140
11.404 0.03087
11.405 0.03035
11.406 0.02984
11.407 0.02933
11.408 0.02883
11.409 0.02833
11.410 0.02785
11.411 0.02737
11.412 0.02690
11.413 0.02643
11.414 0.02597
11.415 0.02552
11.416 0.02507
11.417 0.02463
11.418 0.02420
11.419 0.02377
11.420 0.02335
11.421 0.02294
11.422 0.02253
11.423 0.02213
11.424 0.02173
11.425 0.02134
11.426 0.02096
11.427 0.02058
11.428 0.02021
11.429 0.01984
11.430 0.01948
11.431 0.01912
11.432 0.01877
11.433 0.01843
11.434 0.01809
11.435 0.01775
11.436 0.01742
11.437 0.01710
11.438 0.01678
11.439 0.01647
11.440 0.01616
11.441 0.01585
11.442 0.01555
11.443 0.01526
11.444 0.01497
11.445 0.01468
11.446 0.01440
11.447 0.01413
11.448 0.01386
11.449 0.01359
11.450 0.01332
11.451 0.01307
11.452 0.01281
11.453 0.01256
11.454 0.01231
11.455 0.01207
11.456 0.01183
11.457 0.01160
11.458 0.01137
11.459 0.01114
11.460 0.01092
11.461 0.01070
11.462 0.01048
11.463 0.01027
11.464 0.01006
11.465 0.00986
11.466 0.00966
11.467 0.00946
11.468 0.00927
11.469 0.00908
11.470 0.00889
11.471 0.00871
11.472 0.00853
11.473 0.00836
11.474 0.00819
11.475 0.00802
11.476 0.00785
11.477 0.00769
11.478 0.00753
11.479 0.00737
11.480 0.00722
11.481 0.00707
11.482 0.00693
11.483 0.00678
11.484 0.00664
11.485 0.00651
11.486 0.00637
11.487 0.00624
11.488 0.00611
11.489 0.00599
11.490 0.00587
11.491 0.00575
11.492 0.00563
11.493 0.00552
11.494 0.00541
11.495 0.00530
11.496 0.00519
11.497 0.00509
11.498 0.00499
11.499 0.00489
11.500 0.00479
11.501 0.00470
11.502 0.00461
11.503 0.00452
11.504 0.00443
11.505 0.00435
11.506 0.00427
11.507 0.00419
11.508 0.00411
11.509 0.00404
11.510 0.00396
11.511 0.00389
11.512 0.00383
11.513 0.00376
11.514 0.00369
11.515 0.00363
11.516 0.00357
11.517 0.00351
11.518 0.00345
11.519 0.00339
11.520 0.00334
11.521 0.00329
11.522 0.00324
11.523 0.00319
11.524 0.00314
11.525 0.00309
11.526 0.00304
11.527 0.00300
11.528 0.00296
11.529 0.00291
11.530 0.00287
11.531 0.00283
11.532 0.00279
11.533 0.00276
11.534 0.00272
11.535 0.00269
11.536 0.00265
11.537 0.00262
11.538 0.00258
11.539 0.00255
11.540 0.00252
11.541 0.00249
11.542 0.00246
11.543 0.00243
11.544 0.00240
11.545 0.00237
11.546 0.00235
11.547 0.00232
11.548 0.00229
11.549 0.00226
11.550 0.00224
11.551 0.00221
11.552 0.00219
11.553 0.00216
11.554 0.00213
11.555 0.00211
11.556 0.00208
11.557 0.00206
11.558 0.00203
11.559 0.00201
11.560 0.00199
11.561 0.00196
11.562 0.00194
11.563 0.00192
11.564 0.00189
11.565 0.00187
11.566 0.00185
11.567 0.00183
11.568 0.00180
11.569 0.00178
11.570 0.00176
11.571 0.00174
11.572 0.00172
11.573 0.00170
11.574 0.00168
11.575 0.00165
11.576 0.00163
11.577 0.00161
11.578 0.00159
11.579 0.00157
11.580 0.00156
11.581 0.00154
11.582 0.00152
11.583 0.00150
11.584 0.00148
11.585 0.00146
11.586 0.00144
11.587 0.00143
11.588 0.00141
11.589 0.00139
11.590 0.00137
11.591 0.00136
11.592 0.00134
11.593 0.00132
11.594 0.00130
11.595 0.00129
11.596 0.00127
11.597 0.00126
11.598 0.00124
11.599 0.00122
11.600 0.00121
11.601 0.00119
11.602 0.00118
11.603 0.00116
11.604 0.00115
11.605 0.00114
11.606 0.00112
11.607 0.00111
11.608 0.00109
11.609 0.00108
11.610 0.00107
11.611 0.00105
11.612 0.00104
11.613 0.00103
11.614 0.00102
11.615 0.00100
11.616 0.00099
11.617 0.00098
11.618 0.00097
11.619 0.00096
11.620 0.00095
11.621 0.00094
11.622 0.00093
11.623 0.00092
11.624 0.00091
11.625 0.00090
11.626 0.00089
11.627 0.00088
11.628 0.00087
11.629 0.00086
11.630 0.00086
11.631 0.00085
11.632 0.00084
11.633 0.00084
11.634 0.00083
11.635 0.00082
11.636 0.00082
11.637 0.00081
11.638 0.00081
11.639 0.00080
11.640 0.00080
11.641 0.00080
11.642 0.00079
11.643 0.00079
11.644 0.00079
11.645 0.00079
11.646 0.00078
11.647 0.00078
11.648 0.00078
11.649 0.00078
11.650 0.00078
11.651 0.00078
11.652 0.00078
11.653 0.00079
11.654 0.00079
11.655 0.00079
11.656 0.00079
11.657 0.00079
11.658 0.00080
11.659 0.00080
11.660 0.00081
11.661 0.00081
11.662 0.00081
11.663 0.00082
11.664 0.00082
11.665 0.00083
11.666 0.00084
11.667 0.00084
11.668 0.00085
11.669 0.00085
11.670 0.00086
11.671 0.00087
11.672 0.00087
11.673 0.00088
11.674 0.00089
11.675 0.00089
11.676 0.00090
11.677 0.00091
11.678 0.00092
11.679 0.00092
11.680 0.00093
11.681 0.00094
11.682 0.00095
11.683 0.00095
11.684 0.00096
11.685 0.00097
11.686 0.00098
11.687 0.00098
11.688 0.00099
11.689 0.00100
11.690 0.00101
11.691 0.00101
11.692 0.00102
11.693 0.00103
11.694 0.00104
11.695 0.00104
11.696 0.00105
11.697 0.00106
11.698 0.00106
11.699 0.00107
11.700 0.00107
11.701 0.00108
11.702 0.00108
11.703 0.00109
11.704 0.00110
11.705 0.00110
11.706 0.00110
11.707 0.00111
11.708 0.00111
11.709 0.00112
11.710 0.00112
11.711 0.00112
11.712 0.00113
11.713 0.00113
11.714 0.00113
11.715 0.00114
11.716 0.00114
11.717 0.00114
11.718 0.00115
11.719 0.00115
11.720 0.00115
11.721 0.00115
11.722 0.00115
11.723 0.00116
11.724 0.00116
11.725 0.00116
11.726 0.00116
11.727 0.00116
11.728 0.00116
11.729 0.00117
11.730 0.00117
11.731 0.00117
11.732 0.00117
11.733 0.00117
11.734 0.00117
11.735 0.00117
11.736 0.00117
11.737 0.00117
11.738 0.00117
11.739 0.00117
11.740 0.00117
11.741 0.00117
11.742 0.00117
11.743 0.00117
11.744 0.00117
11.745 0.00117
11.746 0.00117
11.747 0.00117
11.748 0.00117
11.749 0.00117
11.750 0.00117
11.751 0.00117
11.752 0.00117
11.753 0.00117
11.754 0.00117
11.755 0.00117
11.756 0.00117
11.757 0.00117
11.758 0.00117
11.759 0.00117
11.760 0.00117
11.761 0.00117
11.762 0.00117
11.763 0.00117
11.764 0.00117
11.765 0.00117
11.766 0.00117
11.767 0.00117
11.768 0.00117
11.769 0.00117
11.770 0.00116
11.771 0.00116
11.772 0.00116
11.773 0.00116
11.774 0.00116
11.775 0.00116
11.776 0.00116
11.777 0.00116
11.778 0.00116
11.779 0.00116
11.780 0.00116
11.781 0.00115
11.782 0.00115
11.783 0.00115
11.784 0.00115
11.785 0.00115
11.786 0.00115
11.787 0.00115
11.788 0.00114
11.789 0.00114
11.790 0.00114
11.791 0.00114
11.792 0.00114
11.793 0.00113
11.794 0.00113
11.795 0.00113
11.796 0.00113
11.797 0.00113
11.798 0.00112
11.799 0.00112
11.800 0.00112
11.801 0.00112
11.802 0.00111
11.803 0.00111
11.804 0.00111
11.805 0.00111
11.806 0.00110
11.807 0.00110
11.808 0.00110
11.809 0.00109
11.810 0.00109
11.811 0.00109
11.812 0.00108
11.813 0.00108
11.814 0.00108
11.815 0.00107
11.816 0.00107
11.817 0.00107
11.818 0.00106
11.819 0.00106
11.820 0.00106
11.821 0.00105
11.822 0.00105
11.823 0.00105
11.824 0.00105
11.825 0.00104
11.826 0.00104
11.827 0.00104
11.828 0.00103
11.829 0.00103
11.830 0.00103
11.831 0.00102
11.832 0.00102
11.833 0.00102
11.834 0.00102
11.835 0.00101
11.836 0.00101
11.837 0.00101
11.838 0.00101
11.839 0.00100
11.840 0.00100
11.841 0.00100
11.842 0.00100
11.843 0.00100
11.844 0.00099
11.845 0.00099
11.846 0.00099
11.847 0.00099
11.848 0.00099
11.849 0.00099
11.850 0.00099
11.851 0.00099
11.852 0.00099
11.853 0.00098
11.854 0.00098
11.855 0.00098
11.856 0.00098
11.857 0.00098
11.858 0.00098
11.859 0.00098
11.860 0.00098
11.861 0.00098
11.862 0.00098
11.863 0.00098
11.864 0.00098
11.865 0.00098
11.866 0.00098
11.867 0.00098
11.868 0.00098
11.869 0.00098
11.870 0.00098
11.871 0.00097
11.872 0.00097
11.873 0.00097
11.874 0.00097
11.875 0.00096
11.876 0.00096
11.877 0.00096
11.878 0.00095
11.879 0.00095
11.880 0.00095
11.881 0.00094
11.882 0.00094
11.883 0.00093
11.884 0.00092
11.885 0.00092
11.886 0.00091
11.887 0.00090
11.888 0.00090
11.889 0.00089
11.890 0.00088
11.891 0.00087
11.892 0.00086
11.893 0.00085
11.894 0.00084
11.895 0.00082
11.896 0.00081
11.897 0.00080
11.898 0.00078
11.899 0.00077
11.900 0.00075
11.901 0.00073
11.902 0.00072
11.903 0.00070
11.904 0.00068
11.905 0.00066
11.906 0.00064
11.907 0.00062
11.908 0.00060
11.909 0.00058
11.910 0.00056
11.911 0.00054
11.912 0.00052
11.913 0.00049
11.914 0.00047
11.915 0.00045
11.916 0.00043
11.917 0.00041
11.918 0.00038
11.919 0.00036
11.920 0.00034
11.921 0.00032
11.922 0.00030
11.923 0.00028
11.924 0.00026
11.925 0.00024
11.926 0.00022
11.927 0.00020
11.928 0.00018
11.929 0.00016
11.930 0.00014
11.931 0.00012
11.932 0.00011
11.933 0.00009
11.934 0.00008
11.935 0.00006
11.936 0.00005
11.937 0.00004
11.938 0.00003
11.939 0.00002
11.940 0.00001
11.941 0.00000
11.942 0.00000
11.943 -0.00001
11.944 -0.00001
11.945 -0.00001
11.946 -0.00001
11.947 -0.00001
11.948 -0.00001
11.949 -0.00001
11.950 0.00000
11.951 0.00001
11.952 0.00002
11.953 0.00003
11.954 0.00004
11.955 0.00005
11.956 0.00007
11.957 0.00008
11.958 0.00010
11.959 0.00012
11.960 0.00014
11.961 0.00016
11.962 0.00018
11.963 0.00020
11.964 0.00023
11.965 0.00025
11.966 0.00028
11.967 0.00030
11.968 0.00033
11.969 0.00036
11.970 0.00038
11.971 0.00041
11.972 0.00044
11.973 0.00047
11.974 0.00050
11.975 0.00053
11.976 0.00056
11.977 0.00059
11.978 0.00062
11.979 0.00065
11.980 0.00068
11.981 0.00071
11.982 0.00074
11.983 0.00077
11.984 0.00080
11.985 0.00083
11.986 0.00086
11.987 0.00089
11.988 0.00092
11.989 0.00095
11.990 0.00097
11.991 0.00100
11.992 0.00103
11.993 0.00105
11.994 0.00108
11.995 0.00110
11.996 0.00112
11.997 0.00115
11.998 0.00117
11.999 0.00119
12.000 0.00121
12.001 0.00122
12.002 0.00124
12.003 0.00125
12.004 0.00127
12.005 0.00128
12.006 0.00129
12.007 0.00130
12.008 0.00131
12.009 0.00132
12.010 0.00133
12.011 0.00134
12.012 0.00134
12.013 0.00135
12.014 0.00135
12.015 0.00136
12.016 0.00136
12.017 0.00136
12.018 0.00136
12.019 0.00136
12.020 0.00136
12.021 0.00136
12.022 0.00136
12.023 0.00136
12.024 0.00136
12.025 0.00135
12.026 0.00135
12.027 0.00135
12.028 0.00134
12.029 0.00134
12.030 0.00133
12.031 0.00132
12.032 0.00132
12.033 0.00131
12.034 0.00130
12.035 0.00130
12.036 0.00129
12.037 0.00128
12.038 0.00127
12.039 0.00127
12.040 0.00126
12.041 0.00125
12.042 0.00124
12.043 0.00123
12.044 0.00122
12.045 0.00121
12.046 0.00121
12.047 0.00120
12.048 0.00119
12.049 0.00118
12.050 0.00117
12.051 0.00116
12.052 0.00115
12.053 0.00115
12.054 0.00114
12.055 0.00113
12.056 0.00112
12.057 0.00111
12.058 0.00111
12.059 0.00110
12.060 0.00109
12.061 0.00108
12.062 0.00108
12.063 0.00107
12.064 0.00106
12.065 0.00105
12.066 0.00105
12.067 0.00104
12.068 0.00103
12.069 0.00103
12.070 0.00102
12.071 0.00101
12.072 0.00101
12.073 0.00100
12.074 0.00099
12.075 0.00098
12.076 0.00098
12.077 0.00097
12.078 0.00096
12.079 0.00096
12.080 0.00095
12.081 0.00094
12.082 0.00094
12.083 0.00093
12.084 0.00092
12.085 0.00092
12.086 0.00091
12.087 0.00090
12.088 0.00090
12.089 0.00089
12.090 0.00088
12.091 0.00088
12.092 0.00087
12.093 0.00086
12.094 0.00086
12.095 0.00085
12.096 0.00084
12.097 0.00084
12.098 0.00083
12.099 0.00082
12.100 0.00081
12.101 0.00081
12.102 0.00080
12.103 0.00079
12.104 0.00078
12.105 0.00078
12.106 0.00077
12.107 0.00076
12.108 0.00075
12.109 0.00075
12.110 0.00074
12.111 0.00073
12.112 0.00072
12.113 0.00071
12.114 0.00071
12.115 0.00070
12.116 0.00069
12.117 0.00069
12.118 0.00068
12.119 0.00067
12.120 0.00067
12.121 0.00066
12.122 0.00065
12.123 0.00065
12.124 0.00064
12.125 0.00064
12.126 0.00063
12.127 0.00062
12.128 0.00062
12.129 0.00062
12.130 0.00061
12.131 0.00061
12.132 0.00060
12.133 0.00060
12.134 0.00060
12.135 0.00059
12.136 0.00059
12.137 0.00059
12.138 0.00059
12.139 0.00059
12.140 0.00059
12.141 0.00059
12.142 0.00059
12.143 0.00059
12.144 0.00059
12.145 0.00059
12.146 0.00059
12.147 0.00059
12.148 0.00060
12.149 0.00060
12.150 0.00060
12.151 0.00061
12.152 0.00061
12.153 0.00062
12.154 0.00062
12.155 0.00063
12.156 0.00064
12.157 0.00064
12.158 0.00065
12.159 0.00066
12.160 0.00067
12.161 0.00068
12.162 0.00069
12.163 0.00070
12.164 0.00071
12.165 0.00072
12.166 0.00073
12.167 0.00074
12.168 0.00075
12.169 0.00076
12.170 0.00077
12.171 0.00078
12.172 0.00079
12.173 0.00080
12.174 0.00081
12.175 0.00082
12.176 0.00083
12.177 0.00084
12.178 0.00085
12.179 0.00086
12.180 0.00087
12.181 0.00088
12.182 0.00089
12.183 0.00090
12.184 0.00091
12.185 0.00092
12.186 0.00093
12.187 0.00094
12.188 0.00095
12.189 0.00096
12.190 0.00096
12.191 0.00097
12.192 0.00098
12.193 0.00099
12.194 0.00099
12.195 0.00100
12.196 0.00100
12.197 0.00101
12.198 0.00101
12.199 0.00102
12.200 0.00102
12.201 0.00102
12.202 0.00102
12.203 0.00102
12.204 0.00103
12.205 0.00103
12.206 0.00103
12.207 0.00103
12.208 0.00102
12.209 0.00102
12.210 0.00102
12.211 0.00102
12.212 0.00101
12.213 0.00101
12.214 0.00101
12.215 0.00100
12.216 0.00100
12.217 0.00100
12.218 0.00099
12.219 0.00099
12.220 0.00098
12.221 0.00097
12.222 0.00097
12.223 0.00096
12.224 0.00096
12.225 0.00095
12.226 0.00094
12.227 0.00094
12.228 0.00093
12.229 0.00092
12.230 0.00092
12.231 0.00091
12.232 0.00090
12.233 0.00090
12.234 0.00089
12.235 0.00088
12.236 0.00087
12.237 0.00087
12.238 0.00086
12.239 0.00085
12.240 0.00085
12.241 0.00084
12.242 0.00084
12.243 0.00083
12.244 0.00082
12.245 0.00082
12.246 0.00081
12.247 0.00081
12.248 0.00080
12.249 0.00080
12.250 0.00079
12.251 0.00079
12.252 0.00079
12.253 0.00078
12.254 0.00078
12.255 0.00078
12.256 0.00078
12.257 0.00077
12.258 0.00077
12.259 0.00077
12.260 0.00077
12.261 0.00077
12.262 0.00077
12.263 0.00076
12.264 0.00076
12.265 0.00076
12.266 0.00076
12.267 0.00076
12.268 0.00076
12.269 0.00076
12.270 0.00076
12.271 0.00076
12.272 0.00076
12.273 0.00076
12.274 0.00076
12.275 0.00076
12.276 0.00075
12.277 0.00075
12.278 0.00075
12.279 0.00075
12.280 0.00075
12.281 0.00075
12.282 0.00075
12.283 0.00074
12.284 0.00074
12.285 0.00074
12.286 0.00074
12.287 0.00073
12.288 0.00073
12.289 0.00073
12.290 0.00072
12.291 0.00072
12.292 0.00071
12.293 0.00071
12.294 0.00070
12.295 0.00070
12.296 0.00069
12.297 0.00068
12.298 0.00068
12.299 0.00067
12.300 0.00066
12.301 0.00065
12.302 0.00064
12.303 0.00063
12.304 0.00062
12.305 0.00061
12.306 0.00060
12.307 0.00059
12.308 0.00058
12.309 0.00057
12.310 0.00056
12.311 0.00054
12.312 0.00053
12.313 0.00052
12.314 0.00051
12.315 0.00050
12.316 0.00048
12.317 0.00047
12.318 0.00046
12.319 0.00045
12.320 0.00043
12.321 0.00042
12.322 0.00041
12.323 0.00040
12.324 0.00039
12.325 0.00038
12.326 0.00037
12.327 0.00036
12.328 0.00035
12.329 0.00034
12.330 0.00033
12.331 0.00032
12.332 0.00032
12.333 0.00031
12.334 0.00030
12.335 0.00030
12.336 0.00029
12.337 0.00029
12.338 0.00029
12.339 0.00028
12.340 0.00028
12.341 0.00028
12.342 0.00028
12.343 0.00028
12.344 0.00028
12.345 0.00029
12.346 0.00029
12.347 0.00030
12.348 0.00030
12.349 0.00031
12.350 0.00032
12.351 0.00033
12.352 0.00034
12.353 0.00035
12.354 0.00036
12.355 0.00038
12.356 0.00039
12.357 0.00041
12.358 0.00043
12.359 0.00044
12.360 0.00046
12.361 0.00048
12.362 0.00050
12.363 0.00052
12.364 0.00054
12.365 0.00056
12.366 0.00059
12.367 0.00061
12.368 0.00063
12.369 0.00065
12.370 0.00068
12.371 0.00070
12.372 0.00073
12.373 0.00075
12.374 0.00077
12.375 0.00080
12.376 0.00082
12.377 0.00085
12.378 0.00087
12.379 0.00089
12.380 0.00092
12.381 0.00094
12.382 0.00096
12.383 0.00099
12.384 0.00101
12.385 0.00103
12.386 0.00105
12.387 0.00107
12.388 0.00109
12.389 0.00111
12.390 0.00113
12.391 0.00115
12.392 0.00117
12.393 0.00119
12.394 0.00120
12.395 0.00122
12.396 0.00123
12.397 0.00124
12.398 0.00125
12.399 0.00127
12.400 0.00127
12.401 0.00128
12.402 0.00129
12.403 0.00130
12.404 0.00130
12.405 0.00130
12.406 0.00131
12.407 0.00131
12.408 0.00131
12.409 0.00131
12.410 0.00131
12.411 0.00131
12.412 0.00130
12.413 0.00130
12.414 0.00130
12.415 0.00129
12.416 0.00129
12.417 0.00128
12.418 0.00127
12.419 0.00127
12.420 0.00126
12.421 0.00125
12.422 0.00124
12.423 0.00123
12.424 0.00122
12.425 0.00121
12.426 0.00120
12.427 0.00119
12.428 0.00118
12.429 0.00117
12.430 0.00116
12.431 0.00115
12.432 0.00114
12.433 0.00113
12.434 0.00112
12.435 0.00111
12.436 0.00110
12.437 0.00109
12.438 0.00108
12.439 0.00107
12.440 0.00106
12.441 0.00105
12.442 0.00104
12.443 0.00103
12.444 0.00102
12.445 0.00101
12.446 0.00101
12.447 0.00100
12.448 0.00099
12.449 0.00099
12.450 0.00098
12.451 0.00098
12.452 0.00097
12.453 0.00097
12.454 0.00097
12.455 0.00097
12.456 0.00096
12.457 0.00096
12.458 0.00096
12.459 0.00096
12.460 0.00096
12.461 0.00096
12.462 0.00096
12.463 0.00097
12.464 0.00097
12.465 0.00097
12.466 0.00097
12.467 0.00097
12.468 0.00098
12.469 0.00098
12.470 0.00098
12.471 0.00099
12.472 0.00099
12.473 0.00099
12.474 0.00100
12.475 0.00100
12.476 0.00101
12.477 0.00101
12.478 0.00101
12.479 0.00102
12.480 0.00102
12.481 0.00103
12.482 0.00103
12.483 0.00103
12.484 0.00104
12.485 0.00104
12.486 0.00104
12.487 0.00104
12.488 0.00105
12.489 0.00105
12.490 0.00105
12.491 0.00105
12.492 0.00105
12.493 0.00105
12.494 0.00105
12.495 0.00105
12.496 0.00105
12.497 0.00105
12.498 0.00105
12.499 0.00105
12.500 0.00104
12.501 0.00104
12.502 0.00104
12.503 0.00103
12.504 0.00103
12.505 0.00102
12.506 0.00102
12.507 0.00101
12.508 0.00100
12.509 0.00100
12.510 0.00099
12.511 0.00098
12.512 0.00097
12.513 0.00096
12.514 0.00095
12.515 0.00095
12.516 0.00094
12.517 0.00093
12.518 0.00092
12.519 0.00091
12.520 0.00090
12.521 0.00089
12.522 0.00088
12.523 0.00087
12.524 0.00086
12.525 0.00085
12.526 0.00084
12.527 0.00083
12.528 0.00082
12.529 0.00081
12.530 0.00080
12.531 0.00079
12.532 0.00078
12.533 0.00077
12.534 0.00076
12.535 0.00075
12.536 0.00075
12.537 0.00074
12.538 0.00073
12.539 0.00072
12.540 0.00072
12.541 0.00071
12.542 0.00071
12.543 0.00070
12.544 0.00070
12.545 0.00069
12.546 0.00069
12.547 0.00068
12.548 0.00068
12.549 0.00068
12.550 0.00068
12.551 0.00068
12.552 0.00068
12.553 0.00068
12.554 0.00068
12.555 0.00068
12.556 0.00069
12.557 0.00069
12.558 0.00069
12.559 0.00070
12.560 0.00070
12.561 0.00070
12.562 0.00071
12.563 0.00071
12.564 0.00072
12.565 0.00073
12.566 0.00073
12.567 0.00074
12.568 0.00074
12.569 0.00075
12.570 0.00076
12.571 0.00076
12.572 0.00077
12.573 0.00078
12.574 0.00078
12.575 0.00079
12.576 0.00080
12.577 0.00080
12.578 0.00081
12.579 0.00082
12.580 0.00082
12.581 0.00083
12.582 0.00083
12.583 0.00084
12.584 0.00084
12.585 0.00084
12.586 0.00085
12.587 0.00085
12.588 0.00085
12.589 0.00086
12.590 0.00086
12.591 0.00086
12.592 0.00086
12.593 0.00086
12.594 0.00086
12.595 0.00085
12.596 0.00085
12.597 0.00085
12.598 0.00085
12.599 0.00084
12.600 0.00083
12.601 0.00083
12.602 0.00082
12.603 0.00081
12.604 0.00080
12.605 0.00079
12.606 0.00078
12.607 0.00077
12.608 0.00076
12.609 0.00075
12.610 0.00073
12.611 0.00072
12.612 0.00070
12.613 0.00069
12.614 0.00067
12.615 0.00066
12.616 0.00064
12.617 0.00063
12.618 0.00061
12.619 0.00059
12.620 0.00057
12.621 0.00056
12.622 0.00054
12.623 0.00052
12.624 0.00050
12.625 0.00049
12.626 0.00047
12.627 0.00045
12.628 0.00043
12.629 0.00041
12.630 0.00040
12.631 0.00038
12.632 0.00036
12.633 0.00034
12.634 0.00033
12.635 0.00031
12.636 0.00029
12.637 0.00028
12.638 0.00026
12.639 0.00025
12.640 0.00023
12.641 0.00022
12.642 0.00020
12.643 0.00019
12.644 0.00018
12.645 0.00017
12.646 0.00016
12.647 0.00014
12.648 0.00013
12.649 0.00013
12.650 0.00012
12.651 0.00011
12.652 0.00010
12.653 0.00010
12.654 0.00009
12.655 0.00009
12.656 0.00008
12.657 0.00008
12.658 0.00008
12.659 0.00008
12.660 0.00008
12.661 0.00008
12.662 0.00008
12.663 0.00008
12.664 0.00008
12.665 0.00008
12.666 0.00008
12.667 0.00009
12.668 0.00009
12.669 0.00010
12.670 0.00010
12.671 0.00011
12.672 0.00011
12.673 0.00012
12.674 0.00012
12.675 0.00013
12.676 0.00014
12.677 0.00014
12.678 0.00015
12.679 0.00016
12.680 0.00016
12.681 0.00017
12.682 0.00018
12.683 0.00019
12.684 0.00020
12.685 0.00021
12.686 0.00021
12.687 0.00022
12.688 0.00023
12.689 0.00024
12.690 0.00025
12.691 0.00026
12.692 0.00027
12.693 0.00028
12.694 0.00028
12.695 0.00029
12.696 0.00030
12.697 0.00031
12.698 0.00032
12.699 0.00033
12.700 0.00033
12.701 0.00034
12.702 0.00035
12.703 0.00036
12.704 0.00036
12.705 0.00037
12.706 0.00038
12.707 0.00038
12.708 0.00039
12.709 0.00040
12.710 0.00040
12.711 0.00041
12.712 0.00041
12.713 0.00042
12.714 0.00042
12.715 0.00043
12.716 0.00043
12.717 0.00044
12.718 0.00044
12.719 0.00045
12.720 0.00045
12.721 0.00046
12.722 0.00046
12.723 0.00046
12.724 0.00047
12.725 0.00047
12.726 0.00048
12.727 0.00048
12.728 0.00048
12.729 0.00049
12.730 0.00049
12.731 0.00049
12.732 0.00050
12.733 0.00050
12.734 0.00050
12.735 0.00050
12.736 0.00051
12.737 0.00051
12.738 0.00051
12.739 0.00052
12.740 0.00052
12.741 0.00052
12.742 0.00052
12.743 0.00053
12.744 0.00053
12.745 0.00053
12.746 0.00054
12.747 0.00054
12.748 0.00054
12.749 0.00054
12.750 0.00055
12.751 0.00055
12.752 0.00055
12.753 0.00056
12.754 0.00056
12.755 0.00056
12.756 0.00056
12.757 0.00057
12.758 0.00057
12.759 0.00057
12.760 0.00057
12.761 0.00058
12.762 0.00058
12.763 0.00058
12.764 0.00059
12.765 0.00059
12.766 0.00059
12.767 0.00059
12.768 0.00060
12.769 0.00060
12.770 0.00060
12.771 0.00060
12.772 0.00061
12.773 0.00061
12.774 0.00061
12.775 0.00061
12.776 0.00061
12.777 0.00062
12.778 0.00062
12.779 0.00062
12.780 0.00062
12.781 0.00062
12.782 0.00063
12.783 0.00063
12.784 0.00063
12.785 0.00063
12.786 0.00063
12.787 0.00063
12.788 0.00063
12.789 0.00063
12.790 0.00063
12.791 0.00064
12.792 0.00064
12.793 0.00064
12.794 0.00064
12.795 0.00064
12.796 0.00064
12.797 0.00064
12.798 0.00064
12.799 0.00063
12.800 0.00063
12.801 0.00063
12.802 0.00063
12.803 0.00063
12.804 0.00063
12.805 0.00063
12.806 0.00063
12.807 0.00062
12.808 0.00062
12.809 0.00062
12.810 0.00062
12.811 0.00062
12.812 0.00061
12.813 0.00061
12.814 0.00061
12.815 0.00061
12.816 0.00061
12.817 0.00060
12.818 0.00060
12.819 0.00060
12.820 0.00060
12.821 0.00059
12.822 0.00059
12.823 0.00059
12.824 0.00059
12.825 0.00058
12.826 0.00058
12.827 0.00058
12.828 0.00058
12.829 0.00057
12.830 0.00057
12.831 0.00057
12.832 0.00057
12.833 0.00056
12.834 0.00056
12.835 0.00056
12.836 0.00056
12.837 0.00056
12.838 0.00055
12.839 0.00055
12.840 0.00055
12.841 0.00055
12.842 0.00055
12.843 0.00055
12.844 0.00055
12.845 0.00055
12.846 0.00055
12.847 0.00055
12.848 0.00055
12.849 0.00055
12.850 0.00055
12.851 0.00055
12.852 0.00055
12.853 0.00055
12.854 0.00055
12.855 0.00055
12.856 0.00055
12.857 0.00056
12.858 0.00056
12.859 0.00056
12.860 0.00056
12.861 0.00056
12.862 0.00057
12.863 0.00057
12.864 0.00057
12.865 0.00057
12.866 0.00058
12.867 0.00058
12.868 0.00058
12.869 0.00058
12.870 0.00059
12.871 0.00059
12.872 0.00059
12.873 0.00060
12.874 0.00060
12.875 0.00060
12.876 0.00061
12.877 0.00061
12.878 0.00061
12.879 0.00062
12.880 0.00062
12.881 0.00062
12.882 0.00063
12.883 0.00063
12.884 0.00063
12.885 0.00063
12.886 0.00064
12.887 0.00064
12.888 0.00064
12.889 0.00065
12.890 0.00065
12.891 0.00065
12.892 0.00065
12.893 0.00065
12.894 0.00066
12.895 0.00066
12.896 0.00066
12.897 0.00066
12.898 0.00066
12.899 0.00066
12.900 0.00066
12.901 0.00066
12.902 0.00066
12.903 0.00067
12.904 0.00067
12.905 0.00067
12.906 0.00066
12.907 0.00066
12.908 0.00066
12.909 0.00066
12.910 0.00066
12.911 0.00066
12.912 0.00066
12.913 0.00066
12.914 0.00066
12.915 0.00066
12.916 0.00066
12.917 0.00065
12.918 0.00065
12.919 0.00065
12.920 0.00065
12.921 0.00065
12.922 0.00065
12.923 0.00065
12.924 0.00065
12.925 0.00064
12.926 0.00064
12.927 0.00064
12.928 0.00064
12.929 0.00064
12.930 0.00064
12.931 0.00064
12.932 0.00064
12.933 0.00064
12.934 0.00064
12.935 0.00064
12.936 0.00064
12.937 0.00064
12.938 0.00064
12.939 0.00064
12.940 0.00064
12.941 0.00064
12.942 0.00064
12.943 0.00064
12.944 0.00064
12.945 0.00064
12.946 0.00065
12.947 0.00065
12.948 0.00065
12.949 0.00065
12.950 0.00066
12.951 0.00066
12.952 0.00066
12.953 0.00067
12.954 0.00067
12.955 0.00068
12.956 0.00068
12.957 0.00069
12.958 0.00069
12.959 0.00070
12.960 0.00070
12.961 0.00071
12.962 0.00071
12.963 0.00072
12.964 0.00073
12.965 0.00073
12.966 0.00074
12.967 0.00074
12.968 0.00075
12.969 0.00076
12.970 0.00076
12.971 0.00077
12.972 0.00078
12.973 0.00078
12.974 0.00079
12.975 0.00079
12.976 0.00080
12.977 0.00081
12.978 0.00081
12.979 0.00082
12.980 0.00082
12.981 0.00083
12.982 0.00083
12.983 0.00084
12.984 0.00084
12.985 0.00085
12.986 0.00085
12.987 0.00086
12.988 0.00086
12.989 0.00087
12.990 0.00087
12.991 0.00087
12.992 0.00087
12.993 0.00088
12.994 0.00088
12.995 0.00088
12.996 0.00088
12.997 0.00088
12.998 0.00088
12.999 0.00088
13.000 0.00088
13.001 0.00088
13.002 0.00088
13.003 0.00088
13.004 0.00088
13.005 0.00087
13.006 0.00087
13.007 0.00087
13.008 0.00086
13.009 0.00086
13.010 0.00086
13.011 0.00085
13.012 0.00085
13.013 0.00084
13.014 0.00084
13.015 0.00083
13.016 0.00083
13.017 0.00082
13.018 0.00081
13.019 0.00081
13.020 0.00080
13.021 0.00080
13.022 0.00079
13.023 0.00078
13.024 0.00078
13.025 0.00077
13.026 0.00077
13.027 0.00076
13.028 0.00075
13.029 0.00075
13.030 0.00074
13.031 0.00074
13.032 0.00073
13.033 0.00073
13.034 0.00072
13.035 0.00072
13.036 0.00071
13.037 0.00071
13.038 0.00070
13.039 0.00070
13.040 0.00069
13.041 0.00069
13.042 0.00069
13.043 0.00068
13.044 0.00068
13.045 0.00068
13.046 0.00068
13.047 0.00068
13.048 0.00068
13.049 0.00068
13.050 0.00068
13.051 0.00068
13.052 0.00068
13.053 0.00068
13.054 0.00068
13.055 0.00069
13.056 0.00069
13.057 0.00069
13.058 0.00070
13.059 0.00070
13.060 0.00070
13.061 0.00071
13.062 0.00071
13.063 0.00072
13.064 0.00073
13.065 0.00073
13.066 0.00074
13.067 0.00074
13.068 0.00075
13.069 0.00076
13.070 0.00077
13.071 0.00077
13.072 0.00078
13.073 0.00079
13.074 0.00079
13.075 0.00080
13.076 0.00081
13.077 0.00082
13.078 0.00083
13.079 0.00083
13.080 0.00084
13.081 0.00085
13.082 0.00086
13.083 0.00086
13.084 0.00087
13.085 0.00088
13.086 0.00089
13.087 0.00089
13.088 0.00090
13.089 0.00091
13.090 0.00091
13.091 0.00092
13.092 0.00093
13.093 0.00093
13.094 0.00094
13.095 0.00094
13.096 0.00095
13.097 0.00095
13.098 0.00096
13.099 0.00096
13.100 0.00097
13.101 0.00097
13.102 0.00097
13.103 0.00097
13.104 0.00098
13.105 0.00098
13.106 0.00098
13.107 0.00098
13.108 0.00098
13.109 0.00098
13.110 0.00098
13.111 0.00098
13.112 0.00098
13.113 0.00098
13.114 0.00098
13.115 0.00098
13.116 0.00098
13.117 0.00098
13.118 0.00098
13.119 0.00097
13.120 0.00097
13.121 0.00097
13.122 0.00097
13.123 0.00096
13.124 0.00096
13.125 0.00096
13.126 0.00096
13.127 0.00095
13.128 0.00095
13.129 0.00095
13.130 0.00094
13.131 0.00094
13.132 0.00093
13.133 0.00093
13.134 0.00093
13.135 0.00092
13.136 0.00092
13.137 0.00092
13.138 0.00091
13.139 0.00091
13.140 0.00090
13.141 0.00090
13.142 0.00090
13.143 0.00089
13.144 0.00089
13.145 0.00089
13.146 0.00088
13.147 0.00088
13.148 0.00088
13.149 0.00087
13.150 0.00087
13.151 0.00087
13.152 0.00087
13.153 0.00086
13.154 0.00086
13.155 0.00086
13.156 0.00086
13.157 0.00085
13.158 0.00085
13.159 0.00085
13.160 0.00085
13.161 0.00085
13.162 0.00084
13.163 0.00084
13.164 0.00084
13.165 0.00084
13.166 0.00084
13.167 0.00084
13.168 0.00084
13.169 0.00084
13.170 0.00084
13.171 0.00084
13.172 0.00083
13.173 0.00083
13.174 0.00083
13.175 0.00083
13.176 0.00083
13.177 0.00083
13.178 0.00083
13.179 0.00083
13.180 0.00083
13.181 0.00083
13.182 0.00083
13.183 0.00083
13.184 0.00083
13.185 0.00083
13.186 0.00083
13.187 0.00083
13.188 0.00083
13.189 0.00083
13.190 0.00083
13.191 0.00084
13.192 0.00084
13.193 0.00084
13.194 0.00084
13.195 0.00084
13.196 0.00084
13.197 0.00084
13.198 0.00084
13.199 0.00084
13.200 0.00084
13.201 0.00084
13.202 0.00084
13.203 0.00084
13.204 0.00084
13.205 0.00084
13.206 0.00085
13.207 0.00085
13.208 0.00085
13.209 0.00085
13.210 0.00085
13.211 0.00085
13.212 0.00085
13.213 0.00085
13.214 0.00085
13.215 0.00085
13.216 0.00085
13.217 0.00085
13.218 0.00086
13.219 0.00086
13.220 0.00086
13.221 0.00086
13.222 0.00086
13.223 0.00086
13.224 0.00086
13.225 0.00086
13.226 0.00086
13.227 0.00086
13.228 0.00086
13.229 0.00087
13.230 0.00087
13.231 0.00087
13.232 0.00087
13.233 0.00087
13.234 0.00087
13.235 0.00087
13.236 0.00087
13.237 0.00087
13.238 0.00087
13.239 0.00088
13.240 0.00088
13.241 0.00088
13.242 0.00088
13.243 0.00088
13.244 0.00088
13.245 0.00088
13.246 0.00088
13.247 0.00088
13.248 0.00089
13.249 0.00089
13.250 0.00089
13.251 0.00089
13.252 0.00089
13.253 0.00089
13.254 0.00089
13.255 0.00089
13.256 0.00089
13.257 0.00089
13.258 0.00090
13.259 0.00090
13.260 0.00090
13.261 0.00090
13.262 0.00090
13.263 0.00090
13.264 0.00090
13.265 0.00090
13.266 0.00090
13.267 0.00090
13.268 0.00091
13.269 0.00091
13.270 0.00091
13.271 0.00091
13.272 0.00091
13.273 0.00091
13.274 0.00091
13.275 0.00091
13.276 0.00091
13.277 0.00091
13.278 0.00092
13.279 0.00092
13.280 0.00092
13.281 0.00092
13.282 0.00092
13.283 0.00092
13.284 0.00092
13.285 0.00092
13.286 0.00092
13.287 0.00092
13.288 0.00092
13.289 0.00093
13.290 0.00093
13.291 0.00093
13.292 0.00093
13.293 0.00093
13.294 0.00093
13.295 0.00093
13.296 0.00093
13.297 0.00093
13.298 0.00093
13.299 0.00093
13.300 0.00093
13.301 0.00093
13.302 0.00093
13.303 0.00093
13.304 0.00094
13.305 0.00094
13.306 0.00094
13.307 0.00094
13.308 0.00094
13.309 0.00094
13.310 0.00094
13.311 0.00094
13.312 0.00094
13.313 0.00094
13.314 0.00094
13.315 0.00094
13.316 0.00094
13.317 0.00094
13.318 0.00094
13.319 0.00094
13.320 0.00094
13.321 0.00094
13.322 0.00094
13.323 0.00094
13.324 0.00094
13.325 0.00094
13.326 0.00094
13.327 0.00094
13.328 0.00094
13.329 0.00094
13.330 0.00094
13.331 0.00094
13.332 0.00094
13.333 0.00094
13.334 0.00094
13.335 0.00094
13.336 0.00095
13.337 0.00095
13.338 0.00095
13.339 0.00095
13.340 0.00095
13.341 0.00095
13.342 0.00095
13.343 0.00095
13.344 0.00095
13.345 0.00095
13.346 0.00095
13.347 0.00095
13.348 0.00095
13.349 0.00095
13.350 0.00095
13.351 0.00095
13.352 0.00095
13.353 0.00095
13.354 0.00095
13.355 0.00095
13.356 0.00095
13.357 0.00095
13.358 0.00095
13.359 0.00095
13.360 0.00095
13.361 0.00095
13.362 0.00095
13.363 0.00095
13.364 0.00095
13.365 0.00095
13.366 0.00095
13.367 0.00095
13.368 0.00095
13.369 0.00095
13.370 0.00095
13.371 0.00095
13.372 0.00095
13.373 0.00095
13.374 0.00095
13.375 0.00095
13.376 0.00095
13.377 0.00095
13.378 0.00095
13.379 0.00095
13.380 0.00095
13.381 0.00095
13.382 0.00095
13.383 0.00095
13.384 0.00095
13.385 0.00095
13.386 0.00094
13.387 0.00094
13.388 0.00094
13.389 0.00094
13.390 0.00094
13.391 0.00094
13.392 0.00094
13.393 0.00093
13.394 0.00093
13.395 0.00093
13.396 0.00093
13.397 0.00093
13.398 0.00092
13.399 0.00092
13.400 0.00092
13.401 0.00092
13.402 0.00091
13.403 0.00091
13.404 0.00091
13.405 0.00090
13.406 0.00090
13.407 0.00090
13.408 0.00089
13.409 0.00089
13.410 0.00089
13.411 0.00088
13.412 0.00088
13.413 0.00088
13.414 0.00087
13.415 0.00087
13.416 0.00086
13.417 0.00086
13.418 0.00086
13.419 0.00085
13.420 0.00085
13.421 0.00084
13.422 0.00084
13.423 0.00084
13.424 0.00083
13.425 0.00083
13.426 0.00082
13.427 0.00082
13.428 0.00082
13.429 0.00081
13.430 0.00081
13.431 0.00080
13.432 0.00080
13.433 0.00080
13.434 0.00079
13.435 0.00079
13.436 0.00078
13.437 0.00078
13.438 0.00078
13.439 0.00077
13.440 0.00077
13.441 0.00077
13.442 0.00076
13.443 0.00076
13.444 0.00076
13.445 0.00075
13.446 0.00075
13.447 0.00075
13.448 0.00075
13.449 0.00074
13.450 0.00074
13.451 0.00074
13.452 0.00074
13.453 0.00073
13.454 0.00073
13.455 0.00073
13.456 0.00073
13.457 0.00073
13.458 0.00073
13.459 0.00072
13.460 0.00072
13.461 0.00072
13.462 0.00072
13.463 0.00072
13.464 0.00072
13.465 0.00072
13.466 0.00072
13.467 0.00072
13.468 0.00072
13.469 0.00072
13.470 0.00072
13.471 0.00072
13.472 0.00072
13.473 0.00072
13.474 0.00072
13.475 0.00072
13.476 0.00072
13.477 0.00072
13.478 0.00072
13.479 0.00072
13.480 0.00072
13.481 0.00072
13.482 0.00072
13.483 0.00072
13.484 0.00072
13.485 0.00072
13.486 0.00072
13.487 0.00072
13.488 0.00073
13.489 0.00073
13.490 0.00073
13.491 0.00073
13.492 0.00073
13.493 0.00073
13.494 0.00073
13.495 0.00073
13.496 0.00073
13.497 0.00074
13.498 0.00074
13.499 0.00074
13.500 0.00074
13.501 0.00074
13.502 0.00074
13.503 0.00074
13.504 0.00075
13.505 0.00075
13.506 0.00075
13.507 0.00075
13.508 0.00075
13.509 0.00075
13.510 0.00075
13.511 0.00076
13.512 0.00076
13.513 0.00076
13.514 0.00076
13.515 0.00076
13.516 0.00076
13.517 0.00076
13.518 0.00077
13.519 0.00077
13.520 0.00077
13.521 0.00077
13.522 0.00077
13.523 0.00077
13.524 0.00077
13.525 0.00077
13.526 0.00078
13.527 0.00078
13.528 0.00078
13.529 0.00078
13.530 0.00078
13.531 0.00078
13.532 0.00078
13.533 0.00078
13.534 0.00079
13.535 0.00079
13.536 0.00079
13.537 0.00079
13.538 0.00079
13.539 0.00079
13.540 0.00079
13.541 0.00079
13.542 0.00079
13.543 0.00079
13.544 0.00079
13.545 0.00079
13.546 0.00080
13.547 0.00080
13.548 0.00080
13.549 0.00080
13.550 0.00080
13.551 0.00080
13.552 0.00080
13.553 0.00080
13.554 0.00080
13.555 0.00080
13.556 0.00080
13.557 0.00080
13.558 0.00080
13.559 0.00080
13.560 0.00080
13.561 0.00080
13.562 0.00080
13.563 0.00080
13.564 0.00080
13.565 0.00080
13.566 0.00080
13.567 0.00080
13.568 0.00080
13.569 0.00080
13.570 0.00080
13.571 0.00080
13.572 0.00080
13.573 0.00080
13.574 0.00080
13.575 0.00080
13.576 0.00080
13.577 0.00079
13.578 0.00079
13.579 0.00079
13.580 0.00079
13.581 0.00079
13.582 0.00079
13.583 0.00079
13.584 0.00079
13.585 0.00079
13.586 0.00079
13.587 0.00079
13.588 0.00079
13.589 0.00079
13.590 0.00079
13.591 0.00079
13.592 0.00079
13.593 0.00079
13.594 0.00079
13.595 0.00079
13.596 0.00079
13.597 0.00079
13.598 0.00079
13.599 0.00079
13.600 0.00079
13.601 0.00079
13.602 0.00079
13.603 0.00079
13.604 0.00079
13.605 0.00079
13.606 0.00079
13.607 0.00079
13.608 0.00079
13.609 0.00079
13.610 0.00079
13.611 0.00079
13.612 0.00079
13.613 0.00079
13.614 0.00079
13.615 0.00079
13.616 0.00079
13.617 0.00079
13.618 0.00079
13.619 0.00079
13.620 0.00079
13.621 0.00079
13.622 0.00079
13.623 0.00079
13.624 0.00079
13.625 0.00079
13.626 0.00079
13.627 0.00079
13.628 0.00079
13.629 0.00079
13.630 0.00079
13.631 0.00079
13.632 0.00079
13.633 0.00079
13.634 0.00079
13.635 0.00079
13.636 0.00079
13.637 0.00079
13.638 0.00079
13.639 0.00080
13.640 0.00080
13.641 0.00080
13.642 0.00080
13.643 0.00080
13.644 0.00080
13.645 0.00080
13.646 0.00080
13.647 0.00080
13.648 0.00080
13.649 0.00080
13.650 0.00080
13.651 0.00080
13.652 0.00080
13.653 0.00080
13.654 0.00080
13.655 0.00080
13.656 0.00080
13.657 0.00080
13.658 0.00080
13.659 0.00081
13.660 0.00081
13.661 0.00081
13.662 0.00081
13.663 0.00081
13.664 0.00081
13.665 0.00081
13.666 0.00081
13.667 0.00081
13.668 0.00081
13.669 0.00081
13.670 0.00081
13.671 0.00081
13.672 0.00081
13.673 0.00081
13.674 0.00081
13.675 0.00081
13.676 0.00081
13.677 0.00081
13.678 0.00081
13.679 0.00081
13.680 0.00081
13.681 0.00081
13.682 0.00082
13.683 0.00082
13.684 0.00082
13.685 0.00082
13.686 0.00082
13.687 0.00082
13.688 0.00082
13.689 0.00082
13.690 0.00082
13.691 0.00082
13.692 0.00082
13.693 0.00082
13.694 0.00082
13.695 0.00082
13.696 0.00082
13.697 0.00082
13.698 0.00082
13.699 0.00082
13.700 0.00082
13.701 0.00082
13.702 0.00082
13.703 0.00082
13.704 0.00082
13.705 0.00082
13.706 0.00082
13.707 0.00082
13.708 0.00082
13.709 0.00082
13.710 0.00082
13.711 0.00082
13.712 0.00082
13.713 0.00082
13.714 0.00082
13.715 0.00082
13.716 0.00082
13.717 0.00082
13.718 0.00082
13.719 0.00082
13.720 0.00082
13.721 0.00082
13.722 0.00082
13.723 0.00082
13.724 0.00082
13.725 0.00082
13.726 0.00082
13.727 0.00082
13.728 0.00082
13.729 0.00082
13.730 0.00082
13.731 0.00082
13.732 0.00082
13.733 0.00082
13.734 0.00082
13.735 0.00082
13.736 0.00082
13.737 0.00082
13.738 0.00082
13.739 0.00082
13.740 0.00082
13.741 0.00082
13.742 0.00082
13.743 0.00082
13.744 0.00082
13.745 0.00082
13.746 0.00081
13.747 0.00081
13.748 0.00081
13.749 0.00081
13.750 0.00081
13.751 0.00081
13.752 0.00081
13.753 0.00081
13.754 0.00081
13.755 0.00081
13.756 0.00081
13.757 0.00081
13.758 0.00081
13.759 0.00081
13.760 0.00081
13.761 0.00081
13.762 0.00081
13.763 0.00081
13.764 0.00081
13.765 0.00081
13.766 0.00080
13.767 0.00080
13.768 0.00080
13.769 0.00080
13.770 0.00080
13.771 0.00080
13.772 0.00080
13.773 0.00080
13.774 0.00080
13.775 0.00080
13.776 0.00080
13.777 0.00080
13.778 0.00080
13.779 0.00080
13.780 0.00080
13.781 0.00080
13.782 0.00080
13.783 0.00080
13.784 0.00080
13.785 0.00080
13.786 0.00080
13.787 0.00080
13.788 0.00080
13.789 0.00080
13.790 0.00080
13.791 0.00079
13.792 0.00079
13.793 0.00079
13.794 0.00079
13.795 0.00079
13.796 0.00079
13.797 0.00079
13.798 0.00079
13.799 0.00080
13.800 0.00080
13.801 0.00080
13.802 0.00080
13.803 0.00080
13.804 0.00080
13.805 0.00080
13.806 0.00080
13.807 0.00080
13.808 0.00080
13.809 0.00080
13.810 0.00080
13.811 0.00080
13.812 0.00080
13.813 0.00080
13.814 0.00080
13.815 0.00080
13.816 0.00080
13.817 0.00080
13.818 0.00080
13.819 0.00080
13.820 0.00080
13.821 0.00081
13.822 0.00081
13.823 0.00081
13.824 0.00081
13.825 0.00081
13.826 0.00081
13.827 0.00081
13.828 0.00081
13.829 0.00081
13.830 0.00081
13.831 0.00081
13.832 0.00081
13.833 0.00081
13.834 0.00081
13.835 0.00081
13.836 0.00081
13.837 0.00081
13.838 0.00081
13.839 0.00081
13.840 0.00082
13.841 0.00082
13.842 0.00082
13.843 0.00082
13.844 0.00082
13.845 0.00082
13.846 0.00082
13.847 0.00082
13.848 0.00082
13.849 0.00082
13.850 0.00082
13.851 0.00082
13.852 0.00082
13.853 0.00082
13.854 0.00082
13.855 0.00081
13.856 0.00081
13.857 0.00081
13.858 0.00081
13.859 0.00081
13.860 0.00081
13.861 0.00081
13.862 0.00081
13.863 0.00081
13.864 0.00081
13.865 0.00081
13.866 0.00081
13.867 0.00081
13.868 0.00081
13.869 0.00081
13.870 0.00080
13.871 0.00080
13.872 0.00080
13.873 0.00080
13.874 0.00080
13.875 0.00080
13.876 0.00080
13.877 0.00080
13.878 0.00080
13.879 0.00080
13.880 0.00080
13.881 0.00080
13.882 0.00079
13.883 0.00079
13.884 0.00079
13.885 0.00079
13.886 0.00079
13.887 0.00079
13.888 0.00079
13.889 0.00079
13.890 0.00079
13.891 0.00079
13.892 0.00079
13.893 0.00079
13.894 0.00079
13.895 0.00079
13.896 0.00078
13.897 0.00078
13.898 0.00078
13.899 0.00078
13.900 0.00078
13.901 0.00078
13.902 0.00078
13.903 0.00078
13.904 0.00078
13.905 0.00078
13.906 0.00078
13.907 0.00078
13.908 0.00078
13.909 0.00078
13.910 0.00078
13.911 0.00078
13.912 0.00078
13.913 0.00078
13.914 0.00078
13.915 0.00078
13.916 0.00078
13.917 0.00078
13.918 0.00078
13.919 0.00078
13.920 0.00078
13.921 0.00079
13.922 0.00079
13.923 0.00079
13.924 0.00079
13.925 0.00079
13.926 0.00079
13.927 0.00079
13.928 0.00079
13.929 0.00079
13.930 0.00079
13.931 0.00079
13.932 0.00079
13.933 0.00079
13.934 0.00079
13.935 0.00079
13.936 0.00079
13.937 0.00079
13.938 0.00079
13.939 0.00079
13.940 0.00079
13.941 0.00079
13.942 0.00080
13.943 0.00080
13.944 0.00080
13.945 0.00080
13.946 0.00080
13.947 0.00080
13.948 0.00080
13.949 0.00080
13.950 0.00080
13.951 0.00080
13.952 0.00080
13.953 0.00080
13.954 0.00080
13.955 0.00080
13.956 0.00080
13.957 0.00080
13.958 0.00080
13.959 0.00080
13.960 0.00080
13.961 0.00080
13.962 0.00080
13.963 0.00080
13.964 0.00080
13.965 0.00080
13.966 0.00080
13.967 0.00080
13.968 0.00080
13.969 0.00080
13.970 0.00080
13.971 0.00080
13.972 0.00080
13.973 0.00080
13.974 0.00080
13.975 0.00080
13.976 0.00080
13.977 0.00080
13.978 0.00080
13.979 0.00079
13.980 0.00079
13.981 0.00079
13.982 0.00079
13.983 0.00079
13.984 0.00079
13.985 0.00079
13.986 0.00079
13.987 0.00079
13.988 0.00079
13.989 0.00079
13.990 0.00079
13.991 0.00079
13.992 0.00079
13.993 0.00079
13.994 0.00079
13.995 0.00079
13.996 0.00079
13.997 0.00079
13.998 0.00079
13.999 0.00079
14.000 0.00079
