161    spot3-Band1
480.0000  0.00400 
481.0000  0.01831 
482.0000  0.03300 
483.0000  0.04844 
484.0000  0.06500 
485.0000  0.08306 
486.0000  0.10300 
487.0000  0.12519 
488.0000  0.15000 
489.0000  0.17781 
490.0000  0.20900 
491.0000  0.24375 
492.0000  0.28148 
493.0000  0.32143 
494.0000  0.36283 
495.0000  0.40493 
496.0000  0.44695 
497.0000  0.48814 
498.0000  0.52771 
499.0000  0.56492 
500.0000  0.59900 
501.0000  0.62937 
502.0000  0.65622 
503.0000  0.67993 
504.0000  0.70088 
505.0000  0.71946 
506.0000  0.73604 
507.0000  0.75100 
508.0000  0.76473 
509.0000  0.77760 
510.0000  0.79000 
511.0000  0.80223 
512.0000  0.81433 
513.0000  0.82624 
514.0000  0.83793 
515.0000  0.84936 
516.0000  0.86047 
517.0000  0.87124 
518.0000  0.88161 
519.0000  0.89154 
520.0000  0.90100 
521.0000  0.90995 
522.0000  0.91839 
523.0000  0.92637 
524.0000  0.93389 
525.0000  0.94099 
526.0000  0.94770 
527.0000  0.95402 
528.0000  0.96000 
529.0000  0.96565 
530.0000  0.97100 
531.0000  0.97606 
532.0000  0.98078 
533.0000  0.98512 
534.0000  0.98902 
535.0000  0.99242 
536.0000  0.99526 
537.0000  0.99750 
538.0000  0.99907 
539.0000  0.99992 
540.0000  1.00000 
541.0000  0.99926 
542.0000  0.99766 
543.0000  0.99520 
544.0000  0.99185 
545.0000  0.98759 
546.0000  0.98241 
547.0000  0.97627 
548.0000  0.96918 
549.0000  0.96109 
550.0000  0.95200 
551.0000  0.94191 
552.0000  0.93090 
553.0000  0.91908 
554.0000  0.90657 
555.0000  0.89347 
556.0000  0.87989 
557.0000  0.86595 
558.0000  0.85174 
559.0000  0.83739 
560.0000  0.82300 
561.0000  0.80867 
562.0000  0.79446 
563.0000  0.78042 
564.0000  0.76659 
565.0000  0.75304 
566.0000  0.73980 
567.0000  0.72693 
568.0000  0.71447 
569.0000  0.70248 
570.0000  0.69100 
571.0000  0.68007 
572.0000  0.66963 
573.0000  0.65962 
574.0000  0.64998 
575.0000  0.64063 
576.0000  0.63152 
577.0000  0.62256 
578.0000  0.61370 
579.0000  0.60487 
580.0000  0.59600 
581.0000  0.58701 
582.0000  0.57777 
583.0000  0.56813 
584.0000  0.55794 
585.0000  0.54705 
586.0000  0.53532 
587.0000  0.52260 
588.0000  0.50874 
589.0000  0.49359 
590.0000  0.47700 
591.0000  0.45889 
592.0000  0.43938 
593.0000  0.41867 
594.0000  0.39695 
595.0000  0.37440 
596.0000  0.35122 
597.0000  0.32760 
598.0000  0.30373 
599.0000  0.27980 
600.0000  0.25600 
601.0000  0.23251 
602.0000  0.20952 
603.0000  0.18719 
604.0000  0.16570 
605.0000  0.14522 
606.0000  0.12592 
607.0000  0.10798 
608.0000  0.09156 
609.0000  0.07684 
610.0000  0.06400 
611.0000  0.05314 
612.0000  0.04412 
613.0000  0.03675 
614.0000  0.03081 
615.0000  0.02610 
616.0000  0.02243 
617.0000  0.01958 
618.0000  0.01737 
619.0000  0.01557 
620.0000  0.01400 
621.0000  0.01248 
622.0000  0.01100 
623.0000  0.00956 
624.0000  0.00818 
625.0000  0.00688 
626.0000  0.00567 
627.0000  0.00456 
628.0000  0.00357 
629.0000  0.00271 
630.0000  0.00200 
631.0000  0.00144 
632.0000  0.00103 
633.0000  0.00075 
634.0000  0.00057 
635.0000  0.00050 
636.0000  0.00050 
637.0000  0.00057 
638.0000  0.00069 
639.0000  0.00084 
640.0000  0.00100 
