311    spot3-PAN
490.0000  0.05000 
491.0000  0.07364 
492.0000  0.09721 
493.0000  0.12066 
494.0000  0.14392 
495.0000  0.16692 
496.0000  0.18962 
497.0000  0.21193 
498.0000  0.23381 
499.0000  0.25519 
500.0000  0.27600 
501.0000  0.29620 
502.0000  0.31579 
503.0000  0.33479 
504.0000  0.35322 
505.0000  0.37111 
506.0000  0.38846 
507.0000  0.40531 
508.0000  0.42167 
509.0000  0.43756 
510.0000  0.45300 
511.0000  0.46800 
512.0000  0.48250 
513.0000  0.49645 
514.0000  0.50977 
515.0000  0.52240 
516.0000  0.53429 
517.0000  0.54535 
518.0000  0.55553 
519.0000  0.56477 
520.0000  0.57300 
521.0000  0.58018 
522.0000  0.58638 
523.0000  0.59169 
524.0000  0.59621 
525.0000  0.60003 
526.0000  0.60325 
527.0000  0.60596 
528.0000  0.60826 
529.0000  0.61024 
530.0000  0.61200 
531.0000  0.61363 
532.0000  0.61522 
533.0000  0.61689 
534.0000  0.61873 
535.0000  0.62085 
536.0000  0.62333 
537.0000  0.62629 
538.0000  0.62982 
539.0000  0.63402 
540.0000  0.63900 
541.0000  0.64482 
542.0000  0.65141 
543.0000  0.65868 
544.0000  0.66652 
545.0000  0.67484 
546.0000  0.68352 
547.0000  0.69248 
548.0000  0.70162 
549.0000  0.71082 
550.0000  0.72000 
551.0000  0.72905 
552.0000  0.73787 
553.0000  0.74636 
554.0000  0.75441 
555.0000  0.76193 
556.0000  0.76882 
557.0000  0.77497 
558.0000  0.78029 
559.0000  0.78466 
560.0000  0.78800 
561.0000  0.79023 
562.0000  0.79144 
563.0000  0.79173 
564.0000  0.79123 
565.0000  0.79005 
566.0000  0.78831 
567.0000  0.78611 
568.0000  0.78359 
569.0000  0.78084 
570.0000  0.77800 
571.0000  0.77516 
572.0000  0.77242 
573.0000  0.76984 
574.0000  0.76750 
575.0000  0.76549 
576.0000  0.76388 
577.0000  0.76275 
578.0000  0.76218 
579.0000  0.76223 
580.0000  0.76300 
581.0000  0.76453 
582.0000  0.76681 
583.0000  0.76978 
584.0000  0.77339 
585.0000  0.77760 
586.0000  0.78237 
587.0000  0.78764 
588.0000  0.79336 
589.0000  0.79950 
590.0000  0.80600 
591.0000  0.81281 
592.0000  0.81984 
593.0000  0.82700 
594.0000  0.83420 
595.0000  0.84135 
596.0000  0.84835 
597.0000  0.85510 
598.0000  0.86153 
599.0000  0.86752 
600.0000  0.87300 
601.0000  0.87789 
602.0000  0.88225 
603.0000  0.88615 
604.0000  0.88967 
605.0000  0.89287 
606.0000  0.89585 
607.0000  0.89868 
608.0000  0.90143 
609.0000  0.90418 
610.0000  0.90700 
611.0000  0.90996 
612.0000  0.91302 
613.0000  0.91614 
614.0000  0.91929 
615.0000  0.92240 
616.0000  0.92544 
617.0000  0.92837 
618.0000  0.93114 
619.0000  0.93369 
620.0000  0.93600 
621.0000  0.93803 
622.0000  0.93983 
623.0000  0.94147 
624.0000  0.94301 
625.0000  0.94452 
626.0000  0.94607 
627.0000  0.94773 
628.0000  0.94956 
629.0000  0.95163 
630.0000  0.95400 
631.0000  0.95673 
632.0000  0.95977 
633.0000  0.96308 
634.0000  0.96660 
635.0000  0.97027 
636.0000  0.97404 
637.0000  0.97785 
638.0000  0.98165 
639.0000  0.98539 
640.0000  0.98900 
641.0000  0.99243 
642.0000  0.99559 
643.0000  0.99839 
644.0000  1.00073 
645.0000  1.00253 
646.0000  1.00368 
647.0000  1.00410 
648.0000  1.00368 
649.0000  1.00235 
650.0000  1.00000 
651.0000  0.99658 
652.0000  0.99218 
653.0000  0.98692 
654.0000  0.98094 
655.0000  0.97437 
656.0000  0.96732 
657.0000  0.95993 
658.0000  0.95233 
659.0000  0.94464 
660.0000  0.93700 
661.0000  0.92950 
662.0000  0.92214 
663.0000  0.91489 
664.0000  0.90773 
665.0000  0.90063 
666.0000  0.89356 
667.0000  0.88649 
668.0000  0.87939 
669.0000  0.87224 
670.0000  0.86500 
671.0000  0.85766 
672.0000  0.85026 
673.0000  0.84282 
674.0000  0.83538 
675.0000  0.82798 
676.0000  0.82067 
677.0000  0.81348 
678.0000  0.80644 
679.0000  0.79960 
680.0000  0.79300 
681.0000  0.78666 
682.0000  0.78054 
683.0000  0.77462 
684.0000  0.76885 
685.0000  0.76318 
686.0000  0.75758 
687.0000  0.75200 
688.0000  0.74641 
689.0000  0.74075 
690.0000  0.73500 
691.0000  0.72912 
692.0000  0.72311 
693.0000  0.71702 
694.0000  0.71087 
695.0000  0.70467 
696.0000  0.69846 
697.0000  0.69226 
698.0000  0.68610 
699.0000  0.68001 
700.0000  0.67400 
701.0000  0.66808 
702.0000  0.66216 
703.0000  0.65611 
704.0000  0.64981 
705.0000  0.64314 
706.0000  0.63598 
707.0000  0.62820 
708.0000  0.61970 
709.0000  0.61034 
710.0000  0.60000 
711.0000  0.58860 
712.0000  0.57615 
713.0000  0.56270 
714.0000  0.54831 
715.0000  0.53303 
716.0000  0.51691 
717.0000  0.49999 
718.0000  0.48234 
719.0000  0.46399 
720.0000  0.44500 
721.0000  0.42544 
722.0000  0.40544 
723.0000  0.38514 
724.0000  0.36469 
725.0000  0.34423 
726.0000  0.32392 
727.0000  0.30389 
728.0000  0.28430 
729.0000  0.26529 
730.0000  0.24700 
731.0000  0.22956 
732.0000  0.21298 
733.0000  0.19725 
734.0000  0.18236 
735.0000  0.16830 
736.0000  0.15505 
737.0000  0.14261 
738.0000  0.13096 
739.0000  0.12009 
740.0000  0.11000 
741.0000  0.10066 
742.0000  0.09205 
743.0000  0.08413 
744.0000  0.07686 
745.0000  0.07021 
746.0000  0.06415 
747.0000  0.05863 
748.0000  0.05362 
749.0000  0.04909 
750.0000  0.04500 
751.0000  0.04132 
752.0000  0.03800 
753.0000  0.03503 
754.0000  0.03237 
755.0000  0.02998 
756.0000  0.02783 
757.0000  0.02589 
758.0000  0.02413 
759.0000  0.02251 
760.0000  0.02100 
761.0000  0.01957 
762.0000  0.01823 
763.0000  0.01695 
764.0000  0.01575 
765.0000  0.01462 
766.0000  0.01356 
767.0000  0.01257 
768.0000  0.01165 
769.0000  0.01079 
770.0000  0.01000 
771.0000  0.00927 
772.0000  0.00860 
773.0000  0.00798 
774.0000  0.00742 
775.0000  0.00691 
776.0000  0.00645 
777.0000  0.00603 
778.0000  0.00565 
779.0000  0.00531 
780.0000  0.00500 
781.0000  0.00472 
782.0000  0.00447 
783.0000  0.00425 
784.0000  0.00404 
785.0000  0.00385 
786.0000  0.00367 
787.0000  0.00350 
788.0000  0.00334 
789.0000  0.00317 
790.0000  0.00300 
791.0000  0.00282 
792.0000  0.00264 
793.0000  0.00245 
794.0000  0.00225 
795.0000  0.00205 
796.0000  0.00184 
797.0000  0.00164 
798.0000  0.00143 
799.0000  0.00121 
800.0000  0.00100 
