181    spot3-Band3
750.0000  0.00600 
751.0000  0.00752 
752.0000  0.00914 
753.0000  0.01093 
754.0000  0.01299 
755.0000  0.01541 
756.0000  0.01827 
757.0000  0.02167 
758.0000  0.02570 
759.0000  0.03045 
760.0000  0.03600 
761.0000  0.04245 
762.0000  0.04989 
763.0000  0.05842 
764.0000  0.06815 
765.0000  0.07916 
766.0000  0.09156 
767.0000  0.10544 
768.0000  0.12091 
769.0000  0.13807 
770.0000  0.15700 
771.0000  0.17777 
772.0000  0.20029 
773.0000  0.22442 
774.0000  0.25002 
775.0000  0.27696 
776.0000  0.30510 
777.0000  0.33431 
778.0000  0.36446 
779.0000  0.39540 
780.0000  0.42700 
781.0000  0.45912 
782.0000  0.49158 
783.0000  0.52419 
784.0000  0.55677 
785.0000  0.58913 
786.0000  0.62107 
787.0000  0.65242 
788.0000  0.68298 
789.0000  0.71257 
790.0000  0.74100 
791.0000  0.76811 
792.0000  0.79385 
793.0000  0.81818 
794.0000  0.84109 
795.0000  0.86254 
796.0000  0.88250 
797.0000  0.90096 
798.0000  0.91788 
799.0000  0.93324 
800.0000  0.94700 
801.0000  0.95915 
802.0000  0.96972 
803.0000  0.97871 
804.0000  0.98616 
805.0000  0.99210 
806.0000  0.99656 
807.0000  0.99954 
808.0000  1.00110 
809.0000  1.00124 
810.0000  1.00000 
811.0000  0.99743 
812.0000  0.99368 
813.0000  0.98893 
814.0000  0.98337 
815.0000  0.97717 
816.0000  0.97052 
817.0000  0.96360 
818.0000  0.95658 
819.0000  0.94966 
820.0000  0.94300 
821.0000  0.93675 
822.0000  0.93085 
823.0000  0.92521 
824.0000  0.91974 
825.0000  0.91433 
826.0000  0.90890 
827.0000  0.90335 
828.0000  0.89758 
829.0000  0.89149 
830.0000  0.88500 
831.0000  0.87803 
832.0000  0.87064 
833.0000  0.86289 
834.0000  0.85486 
835.0000  0.84662 
836.0000  0.83826 
837.0000  0.82984 
838.0000  0.82144 
839.0000  0.81314 
840.0000  0.80500 
841.0000  0.79710 
842.0000  0.78943 
843.0000  0.78202 
844.0000  0.77485 
845.0000  0.76792 
846.0000  0.76124 
847.0000  0.75481 
848.0000  0.74863 
849.0000  0.74269 
850.0000  0.73700 
851.0000  0.73155 
852.0000  0.72627 
853.0000  0.72110 
854.0000  0.71597 
855.0000  0.71081 
856.0000  0.70554 
857.0000  0.70009 
858.0000  0.69440 
859.0000  0.68839 
860.0000  0.68200 
861.0000  0.67516 
862.0000  0.66785 
863.0000  0.66008 
864.0000  0.65183 
865.0000  0.64310 
866.0000  0.63388 
867.0000  0.62416 
868.0000  0.61395 
869.0000  0.60323 
870.0000  0.59200 
871.0000  0.58025 
872.0000  0.56797 
873.0000  0.55515 
874.0000  0.54176 
875.0000  0.52781 
876.0000  0.51327 
877.0000  0.49813 
878.0000  0.48239 
879.0000  0.46601 
880.0000  0.44900 
881.0000  0.43136 
882.0000  0.41319 
883.0000  0.39462 
884.0000  0.37578 
885.0000  0.35679 
886.0000  0.33778 
887.0000  0.31886 
888.0000  0.30018 
889.0000  0.28185 
890.0000  0.26400 
891.0000  0.24674 
892.0000  0.23010 
893.0000  0.21411 
894.0000  0.19879 
895.0000  0.18416 
896.0000  0.17023 
897.0000  0.15703 
898.0000  0.14458 
899.0000  0.13289 
900.0000  0.12200 
901.0000  0.11191 
902.0000  0.10257 
903.0000  0.09396 
904.0000  0.08602 
905.0000  0.07871 
906.0000  0.07199 
907.0000  0.06580 
908.0000  0.06010 
909.0000  0.05485 
910.0000  0.05000 
911.0000  0.04551 
912.0000  0.04136 
913.0000  0.03753 
914.0000  0.03399 
915.0000  0.03074 
916.0000  0.02774 
917.0000  0.02499 
918.0000  0.02246 
919.0000  0.02014 
920.0000  0.01800 
921.0000  0.01603 
922.0000  0.01420 
923.0000  0.01251 
924.0000  0.01094 
925.0000  0.00946 
926.0000  0.00807 
927.0000  0.00674 
928.0000  0.00547 
929.0000  0.00423 
930.0000  0.00300 
