131    spot3-Band2
600.0000  0.00200 
601.0000  0.01069 
602.0000  0.01976 
603.0000  0.02956 
604.0000  0.04048 
605.0000  0.05287 
606.0000  0.06712 
607.0000  0.08358 
608.0000  0.10264 
609.0000  0.12465 
610.0000  0.15000 
611.0000  0.17889 
612.0000  0.21094 
613.0000  0.24559 
614.0000  0.28229 
615.0000  0.32051 
616.0000  0.35968 
617.0000  0.39926 
618.0000  0.43871 
619.0000  0.47747 
620.0000  0.51500 
621.0000  0.55084 
622.0000  0.58492 
623.0000  0.61727 
624.0000  0.64790 
625.0000  0.67685 
626.0000  0.70412 
627.0000  0.72975 
628.0000  0.75376 
629.0000  0.77617 
630.0000  0.79700 
631.0000  0.81628 
632.0000  0.83407 
633.0000  0.85043 
634.0000  0.86542 
635.0000  0.87910 
636.0000  0.89153 
637.0000  0.90278 
638.0000  0.91290 
639.0000  0.92195 
640.0000  0.93000 
641.0000  0.93712 
642.0000  0.94347 
643.0000  0.94918 
644.0000  0.95443 
645.0000  0.95937 
646.0000  0.96416 
647.0000  0.96896 
648.0000  0.97393 
649.0000  0.97922 
650.0000  0.98500 
651.0000  0.99132 
652.0000  0.99781 
653.0000  1.00401 
654.0000  1.00945 
655.0000  1.01366 
656.0000  1.01619 
657.0000  1.01655 
658.0000  1.01428 
659.0000  1.00892 
660.0000  1.00000 
661.0000  0.98718 
662.0000  0.97067 
663.0000  0.95081 
664.0000  0.92792 
665.0000  0.90235 
666.0000  0.87443 
667.0000  0.84450 
668.0000  0.81290 
669.0000  0.77995 
670.0000  0.74600 
671.0000  0.71136 
672.0000  0.67629 
673.0000  0.64100 
674.0000  0.60572 
675.0000  0.57068 
676.0000  0.53611 
677.0000  0.50223 
678.0000  0.46926 
679.0000  0.43745 
680.0000  0.40700 
681.0000  0.37811 
682.0000  0.35079 
683.0000  0.32500 
684.0000  0.30073 
685.0000  0.27793 
686.0000  0.25657 
687.0000  0.23663 
688.0000  0.21808 
689.0000  0.20088 
690.0000  0.18500 
691.0000  0.17041 
692.0000  0.15703 
693.0000  0.14478 
694.0000  0.13359 
695.0000  0.12337 
696.0000  0.11403 
697.0000  0.10551 
698.0000  0.09772 
699.0000  0.09057 
700.0000  0.08400 
701.0000  0.07792 
702.0000  0.07231 
703.0000  0.06713 
704.0000  0.06237 
705.0000  0.05799 
706.0000  0.05397 
707.0000  0.05029 
708.0000  0.04692 
709.0000  0.04383 
710.0000  0.04100 
711.0000  0.03841 
712.0000  0.03603 
713.0000  0.03386 
714.0000  0.03187 
715.0000  0.03006 
716.0000  0.02840 
717.0000  0.02688 
718.0000  0.02548 
719.0000  0.02420 
720.0000  0.02300 
721.0000  0.02188 
722.0000  0.02083 
723.0000  0.01984 
724.0000  0.01891 
725.0000  0.01802 
726.0000  0.01717 
727.0000  0.01635 
728.0000  0.01556 
729.0000  0.01477 
730.0000  0.01400 
