179    tm7:Band4
    0.7360     0.0001
    0.7370     0.0002
    0.7380     0.0002
    0.7390     0.0003
    0.7400     0.0004
    0.7410     0.0011
    0.7420     0.0017
    0.7430     0.0024
    0.7440     0.0030
    0.7450     0.0037
    0.7460     0.0032
    0.7470     0.0026
    0.7480     0.0021
    0.7490     0.0015
    0.7500     0.0010
    0.7510     0.0144
    0.7520     0.0182
    0.7530     0.0216
    0.7540     0.0269
    0.7550     0.0315
    0.7560     0.0377
    0.7570     0.0474
    0.7580     0.0562
    0.7590     0.0688
    0.7600     0.0690
    0.7610     0.0830
    0.7620     0.0990
    0.7630     0.1210
    0.7640     0.1460
    0.7650     0.1750
    0.7660     0.2090
    0.7670     0.2480
    0.7680     0.2940
    0.7690     0.3460
    0.7700     0.4020
    0.7710     0.4630
    0.7720     0.5230
    0.7730     0.5880
    0.7740     0.6490
    0.7750     0.7050
    0.7760     0.7570
    0.7770     0.7970
    0.7780     0.8270
    0.7790     0.8530
    0.7800     0.8710
    0.7810     0.8840
    0.7820     0.8920
    0.7830     0.8990
    0.7840     0.9030
    0.7850     0.9080
    0.7860     0.9110
    0.7870     0.9160
    0.7880     0.9200
    0.7890     0.9250
    0.7900     0.9260
    0.7910     0.9270
    0.7920     0.9270
    0.7930     0.9290
    0.7940     0.9320
    0.7950     0.9300
    0.7960     0.9260
    0.7970     0.9260
    0.7980     0.9250
    0.7990     0.9280
    0.8000     0.9250
    0.8010     0.9260
    0.8020     0.9280
    0.8030     0.9280
    0.8040     0.9280
    0.8050     0.9230
    0.8060     0.9200
    0.8070     0.9190
    0.8080     0.9140
    0.8090     0.9100
    0.8100     0.9080
    0.8110     0.9050
    0.8120     0.9030
    0.8130     0.9040
    0.8140     0.9020
    0.8150     0.9090
    0.8160     0.9170
    0.8170     0.9200
    0.8180     0.9280
    0.8190     0.9380
    0.8200     0.9460
    0.8210     0.9530
    0.8220     0.9620
    0.8230     0.9690
    0.8240     0.9710
    0.8250     0.9710
    0.8260     0.9700
    0.8270     0.9690
    0.8280     0.9690
    0.8290     0.9700
    0.8300     0.9670
    0.8310     0.9690
    0.8320     0.9680
    0.8330     0.9630
    0.8340     0.9650
    0.8350     0.9670
    0.8360     0.9650
    0.8370     0.9630
    0.8380     0.9580
    0.8390     0.9500
    0.8400     0.9490
    0.8410     0.9430
    0.8420     0.9330
    0.8430     0.9290
    0.8440     0.9280
    0.8450     0.9250
    0.8460     0.9240
    0.8470     0.9270
    0.8480     0.9320
    0.8490     0.9340
    0.8500     0.9430
    0.8510     0.9520
    0.8520     0.9560
    0.8530     0.9660
    0.8540     0.9770
    0.8550     0.9850
    0.8560     0.9900
    0.8570     0.9920
    0.8580     0.9930
    0.8590     0.9940
    0.8600     0.9980
    0.8610     0.9960
    0.8620     0.9920
    0.8630     0.9910
    0.8640     0.9920
    0.8650     0.9940
    0.8660     0.9930
    0.8670     0.9970
    0.8680     0.9970
    0.8690     0.9960
    0.8700     0.9980
    0.8710     0.9990
    0.8720     1.0000
    0.8730     0.9990
    0.8740     0.9960
    0.8750     0.9910
    0.8760     0.9900
    0.8770     0.9910
    0.8780     0.9850
    0.8790     0.9780
    0.8800     0.9690
    0.8810     0.9550
    0.8820     0.9370
    0.8830     0.9160
    0.8840     0.8920
    0.8850     0.8680
    0.8860     0.8450
    0.8870     0.8240
    0.8880     0.8110
    0.8890     0.8070
    0.8900     0.8190
    0.8910     0.8410
    0.8920     0.8680
    0.8930     0.8920
    0.8940     0.8920
    0.8950     0.8540
    0.8960     0.7700
    0.8970     0.6440
    0.8980     0.5010
    0.8990     0.3650
    0.9000     0.2560
    0.9010     0.1770
    0.9020     0.1220
    0.9030     0.0850
    0.9040     0.0610
    0.9050     0.0440
    0.9060     0.0320
    0.9070     0.0250
    0.9080     0.0190
    0.9090     0.0140
    0.9100     0.0110
    0.9110     0.0107
    0.9120     0.0080
    0.9130     0.0061
    0.9140     0.0052
