86    tm7:Band1
    0.4350     0.0160
    0.4360     0.0270
    0.4370     0.0480
    0.4380     0.0940
    0.4390     0.1670
    0.4400     0.2870
    0.4410     0.4590
    0.4420     0.6050
    0.4430     0.7280
    0.4440     0.7690
    0.4450     0.7920
    0.4460     0.8210
    0.4470     0.8570
    0.4480     0.8570
    0.4490     0.8620
    0.4500     0.8390
    0.4510     0.8450
    0.4520     0.8100
    0.4530     0.8020
    0.4540     0.8040
    0.4550     0.7790
    0.4560     0.7980
    0.4570     0.8160
    0.4580     0.8760
    0.4590     0.8880
    0.4600     0.9010
    0.4610     0.9180
    0.4620     0.8960
    0.4630     0.9030
    0.4640     0.8880
    0.4650     0.8900
    0.4660     0.8630
    0.4670     0.8600
    0.4680     0.8420
    0.4690     0.8660
    0.4700     0.8750
    0.4710     0.8810
    0.4720     0.8880
    0.4730     0.8980
    0.4740     0.8790
    0.4750     0.8840
    0.4760     0.9070
    0.4770     0.9280
    0.4780     0.9320
    0.4790     0.9550
    0.4800     0.9580
    0.4810     0.9480
    0.4820     0.9520
    0.4830     0.9560
    0.4840     0.9800
    0.4850     0.9800
    0.4860     0.9750
    0.4870     0.9730
    0.4880     0.9770
    0.4890     0.9580
    0.4900     0.9650
    0.4910     0.9570
    0.4920     0.9520
    0.4930     0.9730
    0.4940     0.9740
    0.4950     0.9950
    0.4960     0.9860
    0.4970     0.9860
    0.4980     0.9940
    0.4990     1.0000
    0.5000     0.9900
    0.5010     0.9900
    0.5020     0.9760
    0.5030     0.9830
    0.5040     0.9760
    0.5050     0.9830
    0.5060     0.9600
    0.5070     0.9730
    0.5080     0.9640
    0.5090     0.9750
    0.5100     0.9600
    0.5110     0.9320
    0.5120     0.8530
    0.5130     0.6840
    0.5140     0.4860
    0.5150     0.2930
    0.5160     0.1500
    0.5170     0.0730
    0.5180     0.0360
    0.5190     0.0190
    0.5200     0.0090
