389    tm7:Band7
    2.0010     0.0030
    2.0020     0.0005
    2.0030    -0.0020
    2.0040     0.0005
    2.0050     0.0030
    2.0060     0.0010
    2.0070    -0.0010
    2.0080    -0.0005
    2.0090     0.0000
    2.0100     0.0020
    2.0110     0.0040
    2.0120     0.0000
    2.0130    -0.0040
    2.0140    -0.0010
    2.0150     0.0020
    2.0160     0.0020
    2.0170     0.0020
    2.0180     0.0020
    2.0190     0.0070
    2.0200     0.0120
    2.0210     0.0105
    2.0220     0.0090
    2.0230     0.0080
    2.0240     0.0070
    2.0250     0.0090
    2.0260     0.0110
    2.0270     0.0155
    2.0280     0.0200
    2.0290     0.0185
    2.0300     0.0170
    2.0310     0.0235
    2.0320     0.0300
    2.0330     0.0325
    2.0340     0.0350
    2.0350     0.0370
    2.0360     0.0405
    2.0370     0.0440
    2.0380     0.0475
    2.0390     0.0510
    2.0400     0.0580
    2.0410     0.0650
    2.0420     0.0725
    2.0430     0.0800
    2.0440     0.0840
    2.0450     0.0880
    2.0460     0.0950
    2.0470     0.1020
    2.0480     0.1175
    2.0490     0.1330
    2.0500     0.1490
    2.0510     0.1650
    2.0520     0.1880
    2.0530     0.2040
    2.0540     0.2200
    2.0550     0.2420
    2.0560     0.2640
    2.0570     0.2900
    2.0580     0.3160
    2.0590     0.3415
    2.0600     0.3670
    2.0610     0.3940
    2.0620     0.4210
    2.0630     0.4525
    2.0640     0.4840
    2.0650     0.5190
    2.0660     0.5540
    2.0670     0.5900
    2.0680     0.6300
    2.0690     0.6700
    2.0700     0.6765
    2.0710     0.6830
    2.0720     0.7065
    2.0730     0.7300
    2.0740     0.7430
    2.0750     0.7560
    2.0760     0.7615
    2.0770     0.7670
    2.0780     0.7805
    2.0790     0.7940
    2.0800     0.7840
    2.0810     0.7740
    2.0820     0.7750
    2.0830     0.7760
    2.0840     0.7825
    2.0850     0.7890
    2.0860     0.7750
    2.0870     0.7795
    2.0880     0.7840
    2.0890     0.7810
    2.0900     0.7780
    2.0910     0.7730
    2.0920     0.7680
    2.0930     0.7650
    2.0940     0.7620
    2.0950     0.7615
    2.0960     0.7610
    2.0970     0.7657
    2.0980     0.7703
    2.0990     0.7750
    2.1000     0.7750
    2.1010     0.7695
    2.1020     0.7640
    2.1030     0.7740
    2.1040     0.7840
    2.1050     0.7880
    2.1060     0.7920
    2.1070     0.8030
    2.1080     0.8140
    2.1090     0.8040
    2.1100     0.7940
    2.1110     0.8095
    2.1120     0.8250
    2.1130     0.8210
    2.1140     0.8170
    2.1150     0.8115
    2.1160     0.8060
    2.1170     0.8190
    2.1180     0.8200
    2.1190     0.8210
    2.1200     0.8365
    2.1210     0.8520
    2.1220     0.8420
    2.1230     0.8320
    2.1240     0.8340
    2.1250     0.8360
    2.1260     0.8430
    2.1270     0.8500
    2.1280     0.8525
    2.1290     0.8550
    2.1300     0.8585
    2.1310     0.8620
    2.1320     0.8575
    2.1330     0.8530
    2.1340     0.8620
    2.1350     0.8710
    2.1360     0.8480
    2.1370     0.8650
    2.1380     0.8820
    2.1390     0.8785
    2.1400     0.8750
    2.1410     0.8675
    2.1420     0.8600
    2.1430     0.8580
    2.1440     0.8560
    2.1450     0.8715
    2.1460     0.8870
    2.1470     0.8685
    2.1480     0.8500
    2.1490     0.8610
    2.1500     0.8720
    2.1510     0.8790
    2.1520     0.8680
    2.1530     0.8570
    2.1540     0.8610
    2.1550     0.8650
    2.1560     0.8660
    2.1570     0.8670
    2.1580     0.8690
    2.1590     0.8710
    2.1600     0.8765
    2.1610     0.8820
    2.1620     0.8760
    2.1630     0.8700
    2.1640     0.8695
    2.1650     0.8690
    2.1660     0.8730
    2.1670     0.8750
    2.1680     0.8770
    2.1690     0.8725
    2.1700     0.8680
    2.1710     0.8740
    2.1720     0.8800
    2.1730     0.8785
    2.1740     0.8770
    2.1750     0.8735
    2.1760     0.8700
    2.1770     0.8740
    2.1780     0.8780
    2.1790     0.8790
    2.1800     0.8800
    2.1810     0.8740
    2.1820     0.8680
    2.1830     0.8810
    2.1840     0.8755
    2.1850     0.8700
    2.1860     0.8630
    2.1870     0.8560
    2.1880     0.8595
    2.1890     0.8630
    2.1900     0.8630
    2.1910     0.8630
    2.1920     0.8600
    2.1930     0.8570
    2.1940     0.8505
    2.1950     0.8440
    2.1960     0.8515
    2.1970     0.8590
    2.1980     0.8580
    2.1990     0.8570
    2.2000     0.8545
    2.2010     0.8520
    2.2020     0.8590
    2.2030     0.8660
    2.2040     0.8670
    2.2050     0.8680
    2.2060     0.8620
    2.2070     0.8560
    2.2080     0.8560
    2.2090     0.8560
    2.2100     0.8470
    2.2110     0.8540
    2.2120     0.8610
    2.2130     0.8615
    2.2140     0.8620
    2.2150     0.8510
    2.2160     0.8400
    2.2170     0.8480
    2.2180     0.8560
    2.2190     0.8470
    2.2200     0.8380
    2.2210     0.8470
    2.2220     0.8560
    2.2230     0.8370
    2.2240     0.8387
    2.2250     0.8403
    2.2260     0.8420
    2.2270     0.8260
    2.2280     0.8350
    2.2290     0.8440
    2.2300     0.8355
    2.2310     0.8270
    2.2320     0.8345
    2.2330     0.8420
    2.2340     0.8320
    2.2350     0.8220
    2.2360     0.8325
    2.2370     0.8430
    2.2380     0.8330
    2.2390     0.8230
    2.2400     0.8385
    2.2410     0.8540
    2.2420     0.8390
    2.2430     0.8460
    2.2440     0.8530
    2.2450     0.8535
    2.2460     0.8540
    2.2470     0.8595
    2.2480     0.8650
    2.2490     0.8690
    2.2500     0.8730
    2.2510     0.8710
    2.2520     0.8690
    2.2530     0.8670
    2.2540     0.8650
    2.2550     0.8790
    2.2560     0.8930
    2.2570     0.8915
    2.2580     0.8900
    2.2590     0.8900
    2.2600     0.8980
    2.2610     0.9060
    2.2620     0.9150
    2.2630     0.9240
    2.2640     0.9220
    2.2650     0.9200
    2.2660     0.9210
    2.2670     0.9220
    2.2680     0.9305
    2.2690     0.9390
    2.2700     0.9275
    2.2710     0.9160
    2.2720     0.9280
    2.2730     0.9400
    2.2740     0.9300
    2.2750     0.9360
    2.2760     0.9420
    2.2770     0.9495
    2.2780     0.9570
    2.2790     0.9555
    2.2800     0.9540
    2.2810     0.9525
    2.2820     0.9510
    2.2830     0.9525
    2.2840     0.9540
    2.2850     0.9600
    2.2860     0.9660
    2.2870     0.9705
    2.2880     0.9750
    2.2890     0.9800
    2.2900     0.9850
    2.2910     0.9780
    2.2920     0.9710
    2.2930     0.9730
    2.2940     0.9715
    2.2950     0.9700
    2.2960     0.9815
    2.2970     0.9930
    2.2980     0.9945
    2.2990     0.9960
    2.3000     0.9895
    2.3010     0.9830
    2.3020     0.9775
    2.3030     0.9720
    2.3040     0.9860
    2.3050     1.0000
    2.3060     0.9990
    2.3070     0.9980
    2.3080     0.9845
    2.3090     0.9710
    2.3100     0.9680
    2.3110     0.9675
    2.3120     0.9670
    2.3130     0.9645
    2.3140     0.9620
    2.3150     0.9555
    2.3160     0.9490
    2.3170     0.9360
    2.3180     0.9230
    2.3190     0.9260
    2.3200     0.9290
    2.3210     0.9230
    2.3220     0.9170
    2.3230     0.9340
    2.3240     0.9185
    2.3250     0.9030
    2.3260     0.9145
    2.3270     0.9260
    2.3280     0.9210
    2.3290     0.9160
    2.3300     0.9290
    2.3310     0.9420
    2.3320     0.9330
    2.3330     0.9240
    2.3340     0.9220
    2.3350     0.9200
    2.3360     0.8915
    2.3370     0.8630
    2.3380     0.8435
    2.3390     0.8240
    2.3400     0.7750
    2.3410     0.7295
    2.3420     0.6840
    2.3430     0.6335
    2.3440     0.5830
    2.3450     0.5315
    2.3460     0.4800
    2.3470     0.4290
    2.3480     0.3780
    2.3490     0.3265
    2.3500     0.2750
    2.3510     0.2540
    2.3520     0.2330
    2.3530     0.2020
    2.3540     0.1710
    2.3550     0.1310
    2.3560     0.1210
    2.3570     0.1110
    2.3580     0.0960
    2.3590     0.0810
    2.3600     0.0750
    2.3610     0.0690
    2.3620     0.0575
    2.3630     0.0460
    2.3640     0.0375
    2.3650     0.0290
    2.3660     0.0335
    2.3670     0.0380
    2.3680     0.0180
    2.3690    -0.0020
    2.3700     0.0135
    2.3710     0.0290
    2.3720     0.0225
    2.3730     0.0160
    2.3740     0.0090
    2.3750     0.0130
    2.3760     0.0170
    2.3770     0.0100
    2.3780     0.0030
    2.3790     0.0090
    2.3800     0.0150
    2.3810     0.0075
    2.3820     0.0000
    2.3830    -0.0045
    2.3840    -0.0090
    2.3850    -0.0010
    2.3860     0.0070
    2.3870     0.0052
    2.3880     0.0035
    2.3890     0.0018
