125    tm7:Band2
    0.5000     0.0006
    0.5010     0.0009
    0.5020     0.0010
    0.5030     0.0020
    0.5040     0.0020
    0.5050     0.0030
    0.5060     0.0050
    0.5070     0.0090
    0.5080     0.0145
    0.5090     0.0236
    0.5100     0.0260
    0.5110     0.0410
    0.5120     0.0600
    0.5130     0.0880
    0.5140     0.1260
    0.5150     0.1740
    0.5160     0.2360
    0.5170     0.3080
    0.5180     0.3880
    0.5190     0.4720
    0.5200     0.5520
    0.5210     0.6210
    0.5220     0.6760
    0.5230     0.7160
    0.5240     0.7430
    0.5250     0.7590
    0.5260     0.7690
    0.5270     0.7790
    0.5280     0.7900
    0.5290     0.8050
    0.5300     0.8220
    0.5310     0.8420
    0.5320     0.8610
    0.5330     0.8780
    0.5340     0.8930
    0.5350     0.9050
    0.5360     0.9160
    0.5370     0.9240
    0.5380     0.9330
    0.5390     0.9420
    0.5400     0.9470
    0.5410     0.9510
    0.5420     0.9530
    0.5430     0.9520
    0.5440     0.9510
    0.5450     0.9520
    0.5460     0.9510
    0.5470     0.9510
    0.5480     0.9520
    0.5490     0.9520
    0.5500     0.9530
    0.5510     0.9510
    0.5520     0.9500
    0.5530     0.9500
    0.5540     0.9510
    0.5550     0.9540
    0.5560     0.9600
    0.5570     0.9660
    0.5580     0.9680
    0.5590     0.9650
    0.5600     0.9590
    0.5610     0.9510
    0.5620     0.9440
    0.5630     0.9370
    0.5640     0.9320
    0.5650     0.9330
    0.5660     0.9350
    0.5670     0.9370
    0.5680     0.9400
    0.5690     0.9450
    0.5700     0.9510
    0.5710     0.9550
    0.5720     0.9570
    0.5730     0.9560
    0.5740     0.9570
    0.5750     0.9550
    0.5760     0.9520
    0.5770     0.9540
    0.5780     0.9580
    0.5790     0.9630
    0.5800     0.9730
    0.5810     0.9810
    0.5820     0.9880
    0.5830     0.9950
    0.5840     1.0000
    0.5850     1.0000
    0.5860     0.9940
    0.5870     0.9830
    0.5880     0.9690
    0.5890     0.9540
    0.5900     0.9420
    0.5910     0.9360
    0.5920     0.9320
    0.5930     0.9280
    0.5940     0.9240
    0.5950     0.9120
    0.5960     0.8830
    0.5970     0.8340
    0.5980     0.7630
    0.5990     0.6740
    0.6000     0.5740
    0.6010     0.4730
    0.6020     0.3800
    0.6030     0.3000
    0.6040     0.2350
    0.6050     0.1850
    0.6060     0.1460
    0.6070     0.1170
    0.6080     0.0940
    0.6090     0.0770
    0.6100     0.0620
    0.6110     0.0520
    0.6120     0.0420
    0.6130     0.0330
    0.6140     0.0260
    0.6150     0.0210
    0.6160     0.0158
    0.6170     0.0124
    0.6180     0.0094
    0.6190     0.0072
    0.6200     0.0048
    0.6210     0.0037
    0.6220     0.0026
    0.6230     0.0017
    0.6240     0.0014
