91    tm7:Band3
    0.6140     0.0005
    0.6150     0.0001
    0.6160     0.0000
    0.6170     0.0005
    0.6180     0.0006
    0.6190     0.0014
    0.6200     0.0020
    0.6210     0.0030
    0.6220     0.0060
    0.6230     0.0130
    0.6240     0.0250
    0.6250     0.0470
    0.6260     0.0830
    0.6270     0.1370
    0.6280     0.2110
    0.6290     0.3060
    0.6300     0.4190
    0.6310     0.5450
    0.6320     0.6740
    0.6330     0.7880
    0.6340     0.8730
    0.6350     0.9210
    0.6360     0.9410
    0.6370     0.9430
    0.6380     0.9420
    0.6390     0.9390
    0.6400     0.9370
    0.6410     0.9350
    0.6420     0.9350
    0.6430     0.9380
    0.6440     0.9430
    0.6450     0.9490
    0.6460     0.9530
    0.6470     0.9610
    0.6480     0.9680
    0.6490     0.9710
    0.6500     0.9730
    0.6510     0.9740
    0.6520     0.9720
    0.6530     0.9690
    0.6540     0.9630
    0.6550     0.9580
    0.6560     0.9560
    0.6570     0.9550
    0.6580     0.9550
    0.6590     0.9560
    0.6600     0.9620
    0.6610     0.9690
    0.6620     0.9770
    0.6630     0.9830
    0.6640     0.9880
    0.6650     0.9930
    0.6660     0.9960
    0.6670     0.9970
    0.6680     0.9990
    0.6690     1.0000
    0.6700     1.0000
    0.6710     0.9980
    0.6720     0.9960
    0.6730     0.9950
    0.6740     0.9930
    0.6750     0.9920
    0.6760     0.9910
    0.6770     0.9890
    0.6780     0.9880
    0.6790     0.9840
    0.6800     0.9770
    0.6810     0.9700
    0.6820     0.9600
    0.6830     0.9490
    0.6840     0.9400
    0.6850     0.9320
    0.6860     0.9190
    0.6870     0.8980
    0.6880     0.8630
    0.6890     0.8090
    0.6900     0.7290
    0.6910     0.6250
    0.6920     0.5060
    0.6930     0.3820
    0.6940     0.2720
    0.6950     0.1830
    0.6960     0.1200
    0.6970     0.0790
    0.6980     0.0530
    0.6990     0.0360
    0.7000     0.0250
    0.7010     0.0196
    0.7020     0.0142
    0.7030     0.0101
    0.7040     0.0075
