289    tm7:Band5
    1.5040     0.0060
    1.5050     0.0015
    1.5060    -0.0030
    1.5070    -0.0010
    1.5080     0.0010
    1.5090     0.0010
    1.5100     0.0010
    1.5110     0.0070
    1.5120     0.0130
    1.5130     0.0095
    1.5140     0.0060
    1.5150     0.0120
    1.5160     0.0075
    1.5170     0.0030
    1.5180     0.0090
    1.5190     0.0150
    1.5200     0.0135
    1.5210     0.0120
    1.5220     0.0180
    1.5230     0.0240
    1.5240     0.0320
    1.5250     0.0400
    1.5260     0.0410
    1.5270     0.0490
    1.5280     0.0570
    1.5290     0.0665
    1.5300     0.0760
    1.5310     0.0865
    1.5320     0.0970
    1.5330     0.1085
    1.5340     0.1200
    1.5350     0.1480
    1.5360     0.1760
    1.5370     0.1955
    1.5380     0.2150
    1.5390     0.2445
    1.5400     0.2740
    1.5410     0.3065
    1.5420     0.3390
    1.5430     0.3930
    1.5440     0.4275
    1.5450     0.4620
    1.5460     0.4805
    1.5470     0.4990
    1.5480     0.5285
    1.5490     0.5580
    1.5500     0.5780
    1.5510     0.5980
    1.5520     0.6160
    1.5530     0.6340
    1.5540     0.6505
    1.5550     0.6670
    1.5560     0.6855
    1.5570     0.7040
    1.5580     0.7140
    1.5590     0.7240
    1.5600     0.7370
    1.5610     0.7500
    1.5620     0.7640
    1.5630     0.7780
    1.5640     0.7930
    1.5650     0.8080
    1.5660     0.8165
    1.5670     0.8250
    1.5680     0.8380
    1.5690     0.8510
    1.5700     0.8590
    1.5710     0.8670
    1.5720     0.8720
    1.5730     0.8780
    1.5740     0.8840
    1.5750     0.8930
    1.5760     0.9020
    1.5770     0.9015
    1.5780     0.9010
    1.5790     0.8985
    1.5800     0.8960
    1.5810     0.8965
    1.5820     0.8970
    1.5830     0.8935
    1.5840     0.8900
    1.5850     0.8945
    1.5860     0.8990
    1.5870     0.8915
    1.5880     0.8840
    1.5890     0.8800
    1.5900     0.8760
    1.5910     0.8715
    1.5920     0.8670
    1.5930     0.8700
    1.5940     0.8730
    1.5950     0.8725
    1.5960     0.8720
    1.5970     0.8755
    1.5980     0.8790
    1.5990     0.8765
    1.6000     0.8740
    1.6010     0.8675
    1.6020     0.8610
    1.6030     0.8600
    1.6040     0.8590
    1.6050     0.8680
    1.6060     0.8770
    1.6070     0.8780
    1.6080     0.8790
    1.6090     0.8890
    1.6100     0.8990
    1.6110     0.8970
    1.6120     0.8950
    1.6130     0.8930
    1.6140     0.8965
    1.6150     0.9000
    1.6160     0.8985
    1.6170     0.8970
    1.6180     0.9070
    1.6190     0.9170
    1.6200     0.9190
    1.6210     0.9210
    1.6220     0.9235
    1.6230     0.9260
    1.6240     0.9275
    1.6250     0.9290
    1.6260     0.9370
    1.6270     0.9450
    1.6280     0.9460
    1.6290     0.9470
    1.6300     0.9475
    1.6310     0.9480
    1.6320     0.9515
    1.6330     0.9550
    1.6340     0.9535
    1.6350     0.9520
    1.6360     0.9605
    1.6370     0.9690
    1.6380     0.9645
    1.6390     0.9600
    1.6400     0.9610
    1.6410     0.9620
    1.6420     0.9605
    1.6430     0.9590
    1.6440     0.9685
    1.6450     0.9780
    1.6460     0.9690
    1.6470     0.9600
    1.6480     0.9575
    1.6490     0.9550
    1.6500     0.9535
    1.6510     0.9520
    1.6520     0.9515
    1.6530     0.9510
    1.6540     0.9513
    1.6550     0.9517
    1.6560     0.9520
    1.6570     0.9540
    1.6580     0.9560
    1.6590     0.9500
    1.6600     0.9440
    1.6610     0.9395
    1.6620     0.9350
    1.6630     0.9340
    1.6640     0.9330
    1.6650     0.9305
    1.6660     0.9280
    1.6670     0.9350
    1.6680     0.9420
    1.6690     0.9450
    1.6700     0.9480
    1.6710     0.9450
    1.6720     0.9420
    1.6730     0.9375
    1.6740     0.9330
    1.6750     0.9385
    1.6760     0.9440
    1.6770     0.9460
    1.6780     0.9480
    1.6790     0.9465
    1.6800     0.9450
    1.6810     0.9440
    1.6820     0.9430
    1.6830     0.9470
    1.6840     0.9510
    1.6850     0.9553
    1.6860     0.9597
    1.6870     0.9640
    1.6880     0.9655
    1.6890     0.9670
    1.6900     0.9690
    1.6910     0.9710
    1.6920     0.9725
    1.6930     0.9740
    1.6940     0.9825
    1.6950     0.9910
    1.6960     0.9930
    1.6970     0.9950
    1.6980     0.9970
    1.6990     0.9990
    1.7000     0.9975
    1.7010     0.9960
    1.7020     0.9950
    1.7030     0.9940
    1.7040     0.9970
    1.7050     1.0000
    1.7060     0.9970
    1.7070     0.9940
    1.7080     0.9885
    1.7090     0.9830
    1.7100     0.9865
    1.7110     0.9900
    1.7120     0.9890
    1.7130     0.9880
    1.7140     0.9870
    1.7150     0.9895
    1.7160     0.9920
    1.7170     0.9890
    1.7180     0.9860
    1.7190     0.9835
    1.7200     0.9810
    1.7210     0.9820
    1.7220     0.9830
    1.7230     0.9795
    1.7240     0.9760
    1.7250     0.9780
    1.7260     0.9700
    1.7270     0.9690
    1.7280     0.9680
    1.7290     0.9640
    1.7300     0.9600
    1.7310     0.9520
    1.7320     0.9440
    1.7330     0.9325
    1.7340     0.9210
    1.7350     0.9020
    1.7360     0.8830
    1.7370     0.8640
    1.7380     0.8450
    1.7390     0.8180
    1.7400     0.7910
    1.7410     0.7510
    1.7420     0.7110
    1.7430     0.6745
    1.7440     0.6380
    1.7450     0.6077
    1.7460     0.5773
    1.7470     0.5470
    1.7480     0.5045
    1.7490     0.4620
    1.7500     0.4275
    1.7510     0.3930
    1.7520     0.3590
    1.7530     0.3250
    1.7540     0.2960
    1.7550     0.2670
    1.7560     0.2395
    1.7570     0.2120
    1.7580     0.1935
    1.7590     0.1750
    1.7600     0.1585
    1.7610     0.1420
    1.7620     0.1265
    1.7630     0.1110
    1.7640     0.0975
    1.7650     0.0840
    1.7660     0.0805
    1.7670     0.0770
    1.7680     0.0675
    1.7690     0.0580
    1.7700     0.0535
    1.7710     0.0490
    1.7720     0.0455
    1.7730     0.0420
    1.7740     0.0405
    1.7750     0.0390
    1.7760     0.0365
    1.7770     0.0340
    1.7780     0.0270
    1.7790     0.0200
    1.7800     0.0205
    1.7810     0.0210
    1.7820     0.0215
    1.7830     0.0220
    1.7840     0.0165
    1.7850     0.0110
    1.7860     0.0115
    1.7870     0.0120
    1.7880     0.0080
    1.7890     0.0040
    1.7900     0.0060
    1.7910     0.0080
    1.7920     0.0040
