2741    tm7:Band6
    10.020    0.02000
    10.021    0.01941
    10.022    0.01883
    10.023    0.01827
    10.024    0.01775
    10.025    0.01727
    10.026    0.01686
    10.027    0.01651
    10.028    0.01624
    10.029    0.01607
    10.030    0.01600
    10.031    0.01604
    10.032    0.01619
    10.033    0.01641
    10.034    0.01671
    10.035    0.01705
    10.036    0.01744
    10.037    0.01784
    10.038    0.01824
    10.039    0.01864
    10.040    0.01900
    10.041    0.01932
    10.042    0.01961
    10.043    0.01985
    10.044    0.02007
    10.045    0.02026
    10.046    0.02043
    10.047    0.02059
    10.048    0.02073
    10.049    0.02087
    10.050    0.02100
    10.051    0.02114
    10.052    0.02127
    10.053    0.02140
    10.054    0.02153
    10.055    0.02165
    10.056    0.02175
    10.057    0.02185
    10.058    0.02192
    10.059    0.02197
    10.060    0.02200
    10.061    0.02201
    10.062    0.02200
    10.063    0.02199
    10.064    0.02199
    10.065    0.02202
    10.066    0.02209
    10.067    0.02221
    10.068    0.02239
    10.069    0.02265
    10.070    0.02300
    10.071    0.02345
    10.072    0.02398
    10.073    0.02458
    10.074    0.02523
    10.075    0.02590
    10.076    0.02658
    10.077    0.02725
    10.078    0.02789
    10.079    0.02848
    10.080    0.02900
    10.081    0.02944
    10.082    0.02981
    10.083    0.03012
    10.084    0.03039
    10.085    0.03063
    10.086    0.03087
    10.087    0.03111
    10.088    0.03136
    10.089    0.03166
    10.090    0.03200
    10.091    0.03241
    10.092    0.03286
    10.093    0.03336
    10.094    0.03389
    10.095    0.03444
    10.096    0.03499
    10.097    0.03554
    10.098    0.03606
    10.099    0.03655
    10.100    0.03700
    10.101    0.03739
    10.102    0.03774
    10.103    0.03803
    10.104    0.03829
    10.105    0.03851
    10.106    0.03870
    10.107    0.03886
    10.108    0.03901
    10.109    0.03914
    10.110    0.03925
    10.111    0.03937
    10.112    0.03948
    10.113    0.03960
    10.114    0.03973
    10.115    0.03987
    10.116    0.04003
    10.117    0.04022
    10.118    0.04045
    10.119    0.04070
    10.120    0.04100
    10.121    0.04134
    10.122    0.04172
    10.123    0.04213
    10.124    0.04255
    10.125    0.04299
    10.126    0.04343
    10.127    0.04386
    10.128    0.04427
    10.129    0.04465
    10.130    0.04500
    10.131    0.04531
    10.132    0.04558
    10.133    0.04584
    10.134    0.04608
    10.135    0.04633
    10.136    0.04659
    10.137    0.04687
    10.138    0.04719
    10.139    0.04757
    10.140    0.04800
    10.141    0.04850
    10.142    0.04906
    10.143    0.04967
    10.144    0.05030
    10.145    0.05096
    10.146    0.05161
    10.147    0.05226
    10.148    0.05288
    10.149    0.05347
    10.150    0.05400
    10.151    0.05447
    10.152    0.05490
    10.153    0.05530
    10.154    0.05569
    10.155    0.05610
    10.156    0.05654
    10.157    0.05703
    10.158    0.05759
    10.159    0.05824
    10.160    0.05900
    10.161    0.05988
    10.162    0.06088
    10.163    0.06195
    10.164    0.06309
    10.165    0.06427
    10.166    0.06547
    10.167    0.06666
    10.168    0.06783
    10.169    0.06895
    10.170    0.07000
    10.171    0.07096
    10.172    0.07185
    10.173    0.07267
    10.174    0.07345
    10.175    0.07419
    10.176    0.07492
    10.177    0.07565
    10.178    0.07640
    10.179    0.07718
    10.180    0.07800
    10.181    0.07888
    10.182    0.07983
    10.183    0.08085
    10.184    0.08193
    10.185    0.08309
    10.186    0.08432
    10.187    0.08562
    10.188    0.08700
    10.189    0.08846
    10.190    0.09000
    10.191    0.09162
    10.192    0.09331
    10.193    0.09507
    10.194    0.09687
    10.195    0.09870
    10.196    0.10056
    10.197    0.10243
    10.198    0.10431
    10.199    0.10617
    10.200    0.10800
    10.201    0.10980
    10.202    0.11158
    10.203    0.11334
    10.204    0.11509
    10.205    0.11685
    10.206    0.11861
    10.207    0.12040
    10.208    0.12222
    10.209    0.12409
    10.210    0.12600
    10.211    0.12797
    10.212    0.13000
    10.213    0.13209
    10.214    0.13422
    10.215    0.13641
    10.216    0.13865
    10.217    0.14092
    10.218    0.14325
    10.219    0.14560
    10.220    0.14800
    10.221    0.15043
    10.222    0.15289
    10.223    0.15537
    10.224    0.15787
    10.225    0.16038
    10.226    0.16291
    10.227    0.16543
    10.228    0.16796
    10.229    0.17049
    10.230    0.17300
    10.231    0.17550
    10.232    0.17800
    10.233    0.18050
    10.234    0.18302
    10.235    0.18556
    10.236    0.18814
    10.237    0.19076
    10.238    0.19344
    10.239    0.19618
    10.240    0.19900
    10.241    0.20190
    10.242    0.20488
    10.243    0.20793
    10.244    0.21106
    10.245    0.21425
    10.246    0.21749
    10.247    0.22080
    10.248    0.22416
    10.249    0.22756
    10.250    0.23100
    10.251    0.23448
    10.252    0.23799
    10.253    0.24154
    10.254    0.24511
    10.255    0.24871
    10.256    0.25233
    10.257    0.25597
    10.258    0.25963
    10.259    0.26331
    10.260    0.26700
    10.261    0.27070
    10.262    0.27442
    10.263    0.27818
    10.264    0.28196
    10.265    0.28580
    10.266    0.28969
    10.267    0.29365
    10.268    0.29768
    10.269    0.30179
    10.270    0.30600
    10.271    0.31030
    10.272    0.31470
    10.273    0.31918
    10.274    0.32373
    10.275    0.32834
    10.276    0.33301
    10.277    0.33772
    10.278    0.34246
    10.279    0.34722
    10.280    0.35200
    10.281    0.35678
    10.282    0.36157
    10.283    0.36636
    10.284    0.37115
    10.285    0.37595
    10.286    0.38075
    10.287    0.38556
    10.288    0.39037
    10.289    0.39518
    10.290    0.40000
    10.291    0.40483
    10.292    0.40968
    10.293    0.41458
    10.294    0.41955
    10.295    0.42460
    10.296    0.42977
    10.297    0.43508
    10.298    0.44054
    10.299    0.44617
    10.300    0.45200
    10.301    0.45803
    10.302    0.46421
    10.303    0.47046
    10.304    0.47671
    10.305    0.48288
    10.306    0.48890
    10.307    0.49470
    10.308    0.50020
    10.309    0.50532
    10.310    0.51000
    10.311    0.51418
    10.312    0.51789
    10.313    0.52119
    10.314    0.52413
    10.315    0.52676
    10.316    0.52913
    10.317    0.53130
    10.318    0.53332
    10.319    0.53524
    10.320    0.53711
    10.321    0.53900
    10.322    0.54094
    10.323    0.54300
    10.324    0.54522
    10.325    0.54766
    10.326    0.55038
    10.327    0.55341
    10.328    0.55683
    10.329    0.56067
    10.330    0.56500
    10.331    0.56984
    10.332    0.57514
    10.333    0.58083
    10.334    0.58682
    10.335    0.59304
    10.336    0.59943
    10.337    0.60589
    10.338    0.61236
    10.339    0.61875
    10.340    0.62500
    10.341    0.63104
    10.342    0.63689
    10.343    0.64257
    10.344    0.64812
    10.345    0.65355
    10.346    0.65890
    10.347    0.66419
    10.348    0.66945
    10.349    0.67471
    10.350    0.68000
    10.351    0.68534
    10.352    0.69072
    10.353    0.69613
    10.354    0.70157
    10.355    0.70701
    10.356    0.71246
    10.357    0.71789
    10.358    0.72330
    10.359    0.72867
    10.360    0.73400
    10.361    0.73927
    10.362    0.74449
    10.363    0.74964
    10.364    0.75474
    10.365    0.75977
    10.366    0.76475
    10.367    0.76966
    10.368    0.77450
    10.369    0.77928
    10.370    0.78400
    10.371    0.78865
    10.372    0.79323
    10.373    0.79773
    10.374    0.80216
    10.375    0.80652
    10.376    0.81079
    10.377    0.81498
    10.378    0.81907
    10.379    0.82308
    10.380    0.82700
    10.381    0.83082
    10.382    0.83456
    10.383    0.83823
    10.384    0.84184
    10.385    0.84541
    10.386    0.84894
    10.387    0.85245
    10.388    0.85596
    10.389    0.85947
    10.390    0.86300
    10.391    0.86656
    10.392    0.87012
    10.393    0.87369
    10.394    0.87723
    10.395    0.88073
    10.396    0.88417
    10.397    0.88754
    10.398    0.89081
    10.399    0.89397
    10.400    0.89700
    10.401    0.89989
    10.402    0.90265
    10.403    0.90529
    10.404    0.90783
    10.405    0.91030
    10.406    0.91270
    10.407    0.91505
    10.408    0.91738
    10.409    0.91969
    10.410    0.92200
    10.411    0.92433
    10.412    0.92666
    10.413    0.92899
    10.414    0.93130
    10.415    0.93357
    10.416    0.93580
    10.417    0.93797
    10.418    0.94007
    10.419    0.94209
    10.420    0.94400
    10.421    0.94581
    10.422    0.94751
    10.423    0.94913
    10.424    0.95067
    10.425    0.95215
    10.426    0.95358
    10.427    0.95497
    10.428    0.95632
    10.429    0.95766
    10.430    0.95900
    10.431    0.96034
    10.432    0.96168
    10.433    0.96303
    10.434    0.96436
    10.435    0.96569
    10.436    0.96700
    10.437    0.96829
    10.438    0.96956
    10.439    0.97079
    10.440    0.97200
    10.441    0.97317
    10.442    0.97431
    10.443    0.97542
    10.444    0.97652
    10.445    0.97760
    10.446    0.97867
    10.447    0.97974
    10.448    0.98082
    10.449    0.98190
    10.450    0.98300
    10.451    0.98412
    10.452    0.98524
    10.453    0.98637
    10.454    0.98747
    10.455    0.98855
    10.456    0.98958
    10.457    0.99055
    10.458    0.99145
    10.459    0.99227
    10.460    0.99300
    10.461    0.99362
    10.462    0.99414
    10.463    0.99458
    10.464    0.99493
    10.465    0.99522
    10.466    0.99545
    10.467    0.99563
    10.468    0.99578
    10.469    0.99590
    10.470    0.99600
    10.471    0.99609
    10.472    0.99618
    10.473    0.99627
    10.474    0.99636
    10.475    0.99644
    10.476    0.99654
    10.477    0.99664
    10.478    0.99675
    10.479    0.99687
    10.480    0.99700
    10.481    0.99715
    10.482    0.99731
    10.483    0.99749
    10.484    0.99768
    10.485    0.99788
    10.486    0.99809
    10.487    0.99831
    10.488    0.99853
    10.489    0.99876
    10.490    0.99900
    10.491    0.99924
    10.492    0.99947
    10.493    0.99969
    10.494    0.99989
    10.495    1.00005
    10.496    1.00016
    10.497    1.00022
    10.498    1.00023
    10.499    1.00015
    10.500    1.00000
    10.501    0.99976
    10.502    0.99944
    10.503    0.99907
    10.504    0.99864
    10.505    0.99819
    10.506    0.99772
    10.507    0.99725
    10.508    0.99680
    10.509    0.99638
    10.510    0.99600
    10.511    0.99568
    10.512    0.99540
    10.513    0.99516
    10.514    0.99493
    10.515    0.99469
    10.516    0.99445
    10.517    0.99417
    10.518    0.99385
    10.519    0.99346
    10.520    0.99300
    10.521    0.99245
    10.522    0.99183
    10.523    0.99114
    10.524    0.99041
    10.525    0.98966
    10.526    0.98889
    10.527    0.98812
    10.528    0.98737
    10.529    0.98666
    10.530    0.98600
    10.531    0.98540
    10.532    0.98486
    10.533    0.98438
    10.534    0.98394
    10.535    0.98355
    10.536    0.98319
    10.537    0.98286
    10.538    0.98256
    10.539    0.98227
    10.540    0.98200
    10.541    0.98173
    10.542    0.98147
    10.543    0.98121
    10.544    0.98096
    10.545    0.98071
    10.546    0.98047
    10.547    0.98023
    10.548    0.98000
    10.549    0.97978
    10.550    0.97956
    10.551    0.97934
    10.552    0.97913
    10.553    0.97893
    10.554    0.97873
    10.555    0.97853
    10.556    0.97835
    10.557    0.97816
    10.558    0.97798
    10.559    0.97781
    10.560    0.97764
    10.561    0.97748
    10.562    0.97732
    10.563    0.97717
    10.564    0.97702
    10.565    0.97688
    10.566    0.97675
    10.567    0.97662
    10.568    0.97649
    10.569    0.97637
    10.570    0.97625
    10.571    0.97614
    10.572    0.97604
    10.573    0.97593
    10.574    0.97584
    10.575    0.97575
    10.576    0.97566
    10.577    0.97558
    10.578    0.97551
    10.579    0.97544
    10.580    0.97537
    10.581    0.97531
    10.582    0.97526
    10.583    0.97521
    10.584    0.97516
    10.585    0.97512
    10.586    0.97509
    10.587    0.97506
    10.588    0.97503
    10.589    0.97501
    10.590    0.97500
    10.591    0.97499
    10.592    0.97498
    10.593    0.97498
    10.594    0.97499
    10.595    0.97499
    10.596    0.97501
    10.597    0.97502
    10.598    0.97504
    10.599    0.97506
    10.600    0.97508
    10.601    0.97511
    10.602    0.97513
    10.603    0.97516
    10.604    0.97519
    10.605    0.97522
    10.606    0.97525
    10.607    0.97529
    10.608    0.97532
    10.609    0.97536
    10.610    0.97539
    10.611    0.97542
    10.612    0.97545
    10.613    0.97549
    10.614    0.97552
    10.615    0.97554
    10.616    0.97557
    10.617    0.97560
    10.618    0.97562
    10.619    0.97564
    10.620    0.97566
    10.621    0.97567
    10.622    0.97568
    10.623    0.97569
    10.624    0.97569
    10.625    0.97569
    10.626    0.97569
    10.627    0.97568
    10.628    0.97566
    10.629    0.97564
    10.630    0.97562
    10.631    0.97559
    10.632    0.97555
    10.633    0.97550
    10.634    0.97545
    10.635    0.97540
    10.636    0.97533
    10.637    0.97526
    10.638    0.97518
    10.639    0.97510
    10.640    0.97500
    10.641    0.97490
    10.642    0.97478
    10.643    0.97467
    10.644    0.97454
    10.645    0.97440
    10.646    0.97426
    10.647    0.97412
    10.648    0.97396
    10.649    0.97380
    10.650    0.97364
    10.651    0.97347
    10.652    0.97329
    10.653    0.97312
    10.654    0.97293
    10.655    0.97275
    10.656    0.97256
    10.657    0.97236
    10.658    0.97217
    10.659    0.97197
    10.660    0.97177
    10.661    0.97157
    10.662    0.97137
    10.663    0.97116
    10.664    0.97096
    10.665    0.97075
    10.666    0.97055
    10.667    0.97034
    10.668    0.97014
    10.669    0.96994
    10.670    0.96973
    10.671    0.96953
    10.672    0.96934
    10.673    0.96914
    10.674    0.96895
    10.675    0.96876
    10.676    0.96857
    10.677    0.96839
    10.678    0.96821
    10.679    0.96804
    10.680    0.96787
    10.681    0.96770
    10.682    0.96755
    10.683    0.96739
    10.684    0.96725
    10.685    0.96710
    10.686    0.96697
    10.687    0.96684
    10.688    0.96673
    10.689    0.96661
    10.690    0.96651
    10.691    0.96642
    10.692    0.96633
    10.693    0.96625
    10.694    0.96619
    10.695    0.96613
    10.696    0.96608
    10.697    0.96604
    10.698    0.96602
    10.699    0.96600
    10.700    0.96600
    10.701    0.96601
    10.702    0.96603
    10.703    0.96606
    10.704    0.96610
    10.705    0.96615
    10.706    0.96620
    10.707    0.96627
    10.708    0.96634
    10.709    0.96642
    10.710    0.96650
    10.711    0.96659
    10.712    0.96668
    10.713    0.96677
    10.714    0.96687
    10.715    0.96697
    10.716    0.96707
    10.717    0.96717
    10.718    0.96727
    10.719    0.96737
    10.720    0.96747
    10.721    0.96756
    10.722    0.96765
    10.723    0.96774
    10.724    0.96782
    10.725    0.96790
    10.726    0.96797
    10.727    0.96804
    10.728    0.96809
    10.729    0.96814
    10.730    0.96818
    10.731    0.96821
    10.732    0.96823
    10.733    0.96824
    10.734    0.96824
    10.735    0.96822
    10.736    0.96820
    10.737    0.96815
    10.738    0.96810
    10.739    0.96802
    10.740    0.96793
    10.741    0.96783
    10.742    0.96771
    10.743    0.96756
    10.744    0.96740
    10.745    0.96722
    10.746    0.96702
    10.747    0.96680
    10.748    0.96656
    10.749    0.96629
    10.750    0.96600
    10.751    0.96569
    10.752    0.96535
    10.753    0.96499
    10.754    0.96461
    10.755    0.96421
    10.756    0.96379
    10.757    0.96335
    10.758    0.96290
    10.759    0.96242
    10.760    0.96194
    10.761    0.96143
    10.762    0.96092
    10.763    0.96039
    10.764    0.95984
    10.765    0.95929
    10.766    0.95873
    10.767    0.95815
    10.768    0.95757
    10.769    0.95698
    10.770    0.95639
    10.771    0.95579
    10.772    0.95518
    10.773    0.95457
    10.774    0.95396
    10.775    0.95334
    10.776    0.95273
    10.777    0.95211
    10.778    0.95149
    10.779    0.95088
    10.780    0.95027
    10.781    0.94966
    10.782    0.94906
    10.783    0.94846
    10.784    0.94787
    10.785    0.94728
    10.786    0.94671
    10.787    0.94614
    10.788    0.94558
    10.789    0.94504
    10.790    0.94450
    10.791    0.94398
    10.792    0.94347
    10.793    0.94298
    10.794    0.94250
    10.795    0.94204
    10.796    0.94159
    10.797    0.94116
    10.798    0.94076
    10.799    0.94037
    10.800    0.94000
    10.801    0.93965
    10.802    0.93933
    10.803    0.93903
    10.804    0.93874
    10.805    0.93847
    10.806    0.93823
    10.807    0.93799
    10.808    0.93778
    10.809    0.93758
    10.810    0.93739
    10.811    0.93722
    10.812    0.93706
    10.813    0.93691
    10.814    0.93677
    10.815    0.93664
    10.816    0.93652
    10.817    0.93641
    10.818    0.93631
    10.819    0.93621
    10.820    0.93612
    10.821    0.93604
    10.822    0.93596
    10.823    0.93588
    10.824    0.93580
    10.825    0.93573
    10.826    0.93566
    10.827    0.93559
    10.828    0.93551
    10.829    0.93544
    10.830    0.93536
    10.831    0.93528
    10.832    0.93520
    10.833    0.93511
    10.834    0.93501
    10.835    0.93491
    10.836    0.93480
    10.837    0.93468
    10.838    0.93455
    10.839    0.93442
    10.840    0.93427
    10.841    0.93411
    10.842    0.93393
    10.843    0.93375
    10.844    0.93355
    10.845    0.93333
    10.846    0.93310
    10.847    0.93285
    10.848    0.93259
    10.849    0.93230
    10.850    0.93200
    10.851    0.93168
    10.852    0.93133
    10.853    0.93097
    10.854    0.93060
    10.855    0.93020
    10.856    0.92979
    10.857    0.92937
    10.858    0.92893
    10.859    0.92847
    10.860    0.92801
    10.861    0.92754
    10.862    0.92705
    10.863    0.92656
    10.864    0.92605
    10.865    0.92554
    10.866    0.92503
    10.867    0.92451
    10.868    0.92398
    10.869    0.92345
    10.870    0.92291
    10.871    0.92238
    10.872    0.92184
    10.873    0.92130
    10.874    0.92077
    10.875    0.92023
    10.876    0.91970
    10.877    0.91917
    10.878    0.91864
    10.879    0.91812
    10.880    0.91761
    10.881    0.91710
    10.882    0.91661
    10.883    0.91611
    10.884    0.91563
    10.885    0.91516
    10.886    0.91471
    10.887    0.91426
    10.888    0.91383
    10.889    0.91341
    10.890    0.91301
    10.891    0.91262
    10.892    0.91225
    10.893    0.91189
    10.894    0.91156
    10.895    0.91125
    10.896    0.91095
    10.897    0.91068
    10.898    0.91043
    10.899    0.91020
    10.900    0.91000
    10.901    0.90982
    10.902    0.90967
    10.903    0.90954
    10.904    0.90943
    10.905    0.90934
    10.906    0.90928
    10.907    0.90923
    10.908    0.90921
    10.909    0.90920
    10.910    0.90921
    10.911    0.90923
    10.912    0.90927
    10.913    0.90933
    10.914    0.90940
    10.915    0.90948
    10.916    0.90958
    10.917    0.90968
    10.918    0.90980
    10.919    0.90993
    10.920    0.91006
    10.921    0.91021
    10.922    0.91036
    10.923    0.91051
    10.924    0.91067
    10.925    0.91084
    10.926    0.91101
    10.927    0.91119
    10.928    0.91136
    10.929    0.91154
    10.930    0.91171
    10.931    0.91189
    10.932    0.91207
    10.933    0.91224
    10.934    0.91241
    10.935    0.91257
    10.936    0.91273
    10.937    0.91289
    10.938    0.91304
    10.939    0.91318
    10.940    0.91331
    10.941    0.91344
    10.942    0.91355
    10.943    0.91365
    10.944    0.91374
    10.945    0.91382
    10.946    0.91389
    10.947    0.91394
    10.948    0.91398
    10.949    0.91400
    10.950    0.91400
    10.951    0.91399
    10.952    0.91396
    10.953    0.91391
    10.954    0.91384
    10.955    0.91377
    10.956    0.91367
    10.957    0.91356
    10.958    0.91344
    10.959    0.91331
    10.960    0.91316
    10.961    0.91300
    10.962    0.91283
    10.963    0.91264
    10.964    0.91245
    10.965    0.91225
    10.966    0.91203
    10.967    0.91181
    10.968    0.91158
    10.969    0.91134
    10.970    0.91110
    10.971    0.91084
    10.972    0.91058
    10.973    0.91032
    10.974    0.91005
    10.975    0.90978
    10.976    0.90950
    10.977    0.90922
    10.978    0.90893
    10.979    0.90864
    10.980    0.90835
    10.981    0.90806
    10.982    0.90777
    10.983    0.90748
    10.984    0.90719
    10.985    0.90690
    10.986    0.90661
    10.987    0.90632
    10.988    0.90604
    10.989    0.90575
    10.990    0.90548
    10.991    0.90520
    10.992    0.90493
    10.993    0.90467
    10.994    0.90441
    10.995    0.90415
    10.996    0.90391
    10.997    0.90367
    10.998    0.90344
    10.999    0.90321
    11.000    0.90300
    11.001    0.90280
    11.002    0.90260
    11.003    0.90241
    11.004    0.90224
    11.005    0.90207
    11.006    0.90191
    11.007    0.90175
    11.008    0.90161
    11.009    0.90147
    11.010    0.90134
    11.011    0.90122
    11.012    0.90111
    11.013    0.90100
    11.014    0.90090
    11.015    0.90081
    11.016    0.90072
    11.017    0.90064
    11.018    0.90056
    11.019    0.90049
    11.020    0.90043
    11.021    0.90037
    11.022    0.90031
    11.023    0.90026
    11.024    0.90022
    11.025    0.90018
    11.026    0.90014
    11.027    0.90011
    11.028    0.90008
    11.029    0.90006
    11.030    0.90003
    11.031    0.90002
    11.032    0.90000
    11.033    0.89999
    11.034    0.89998
    11.035    0.89997
    11.036    0.89997
    11.037    0.89996
    11.038    0.89996
    11.039    0.89996
    11.040    0.89996
    11.041    0.89996
    11.042    0.89997
    11.043    0.89997
    11.044    0.89998
    11.045    0.89998
    11.046    0.89999
    11.047    0.89999
    11.048    0.89999
    11.049    0.90000
    11.050    0.90000
    11.051    0.90000
    11.052    0.90000
    11.053    0.90000
    11.054    0.90000
    11.055    0.90000
    11.056    0.90000
    11.057    0.89999
    11.058    0.89999
    11.059    0.89998
    11.060    0.89997
    11.061    0.89997
    11.062    0.89996
    11.063    0.89995
    11.064    0.89994
    11.065    0.89993
    11.066    0.89991
    11.067    0.89990
    11.068    0.89989
    11.069    0.89987
    11.070    0.89986
    11.071    0.89984
    11.072    0.89982
    11.073    0.89980
    11.074    0.89978
    11.075    0.89976
    11.076    0.89974
    11.077    0.89972
    11.078    0.89970
    11.079    0.89967
    11.080    0.89965
    11.081    0.89963
    11.082    0.89960
    11.083    0.89957
    11.084    0.89954
    11.085    0.89952
    11.086    0.89949
    11.087    0.89946
    11.088    0.89943
    11.089    0.89940
    11.090    0.89936
    11.091    0.89933
    11.092    0.89930
    11.093    0.89926
    11.094    0.89923
    11.095    0.89919
    11.096    0.89915
    11.097    0.89912
    11.098    0.89908
    11.099    0.89904
    11.100    0.89900
    11.101    0.89896
    11.102    0.89892
    11.103    0.89888
    11.104    0.89884
    11.105    0.89879
    11.106    0.89875
    11.107    0.89871
    11.108    0.89866
    11.109    0.89862
    11.110    0.89857
    11.111    0.89853
    11.112    0.89848
    11.113    0.89844
    11.114    0.89839
    11.115    0.89835
    11.116    0.89830
    11.117    0.89825
    11.118    0.89821
    11.119    0.89816
    11.120    0.89812
    11.121    0.89807
    11.122    0.89803
    11.123    0.89798
    11.124    0.89794
    11.125    0.89789
    11.126    0.89785
    11.127    0.89780
    11.128    0.89776
    11.129    0.89772
    11.130    0.89768
    11.131    0.89763
    11.132    0.89759
    11.133    0.89755
    11.134    0.89751
    11.135    0.89747
    11.136    0.89744
    11.137    0.89740
    11.138    0.89736
    11.139    0.89732
    11.140    0.89729
    11.141    0.89726
    11.142    0.89722
    11.143    0.89719
    11.144    0.89716
    11.145    0.89713
    11.146    0.89710
    11.147    0.89707
    11.148    0.89705
    11.149    0.89702
    11.150    0.89700
    11.151    0.89698
    11.152    0.89696
    11.153    0.89694
    11.154    0.89692
    11.155    0.89690
    11.156    0.89688
    11.157    0.89686
    11.158    0.89684
    11.159    0.89681
    11.160    0.89679
    11.161    0.89676
    11.162    0.89674
    11.163    0.89671
    11.164    0.89667
    11.165    0.89664
    11.166    0.89660
    11.167    0.89655
    11.168    0.89651
    11.169    0.89646
    11.170    0.89640
    11.171    0.89634
    11.172    0.89627
    11.173    0.89620
    11.174    0.89612
    11.175    0.89604
    11.176    0.89595
    11.177    0.89585
    11.178    0.89575
    11.179    0.89564
    11.180    0.89552
    11.181    0.89539
    11.182    0.89525
    11.183    0.89511
    11.184    0.89495
    11.185    0.89479
    11.186    0.89462
    11.187    0.89443
    11.188    0.89424
    11.189    0.89404
    11.190    0.89382
    11.191    0.89360
    11.192    0.89336
    11.193    0.89311
    11.194    0.89285
    11.195    0.89257
    11.196    0.89228
    11.197    0.89198
    11.198    0.89167
    11.199    0.89134
    11.200    0.89100
    11.201    0.89064
    11.202    0.89027
    11.203    0.88989
    11.204    0.88950
    11.205    0.88909
    11.206    0.88867
    11.207    0.88825
    11.208    0.88781
    11.209    0.88737
    11.210    0.88692
    11.211    0.88646
    11.212    0.88600
    11.213    0.88553
    11.214    0.88506
    11.215    0.88458
    11.216    0.88411
    11.217    0.88363
    11.218    0.88315
    11.219    0.88267
    11.220    0.88219
    11.221    0.88171
    11.222    0.88123
    11.223    0.88076
    11.224    0.88029
    11.225    0.87982
    11.226    0.87936
    11.227    0.87891
    11.228    0.87846
    11.229    0.87802
    11.230    0.87759
    11.231    0.87717
    11.232    0.87676
    11.233    0.87636
    11.234    0.87597
    11.235    0.87560
    11.236    0.87523
    11.237    0.87489
    11.238    0.87455
    11.239    0.87424
    11.240    0.87393
    11.241    0.87365
    11.242    0.87338
    11.243    0.87314
    11.244    0.87291
    11.245    0.87270
    11.246    0.87252
    11.247    0.87235
    11.248    0.87221
    11.249    0.87209
    11.250    0.87200
    11.251    0.87193
    11.252    0.87189
    11.253    0.87186
    11.254    0.87186
    11.255    0.87188
    11.256    0.87192
    11.257    0.87197
    11.258    0.87203
    11.259    0.87211
    11.260    0.87220
    11.261    0.87230
    11.262    0.87241
    11.263    0.87253
    11.264    0.87266
    11.265    0.87278
    11.266    0.87291
    11.267    0.87304
    11.268    0.87318
    11.269    0.87331
    11.270    0.87343
    11.271    0.87355
    11.272    0.87367
    11.273    0.87378
    11.274    0.87388
    11.275    0.87397
    11.276    0.87404
    11.277    0.87410
    11.278    0.87415
    11.279    0.87418
    11.280    0.87420
    11.281    0.87419
    11.282    0.87416
    11.283    0.87411
    11.284    0.87404
    11.285    0.87394
    11.286    0.87381
    11.287    0.87365
    11.288    0.87347
    11.289    0.87325
    11.290    0.87300
    11.291    0.87272
    11.292    0.87240
    11.293    0.87205
    11.294    0.87167
    11.295    0.87126
    11.296    0.87083
    11.297    0.87037
    11.298    0.86988
    11.299    0.86937
    11.300    0.86884
    11.301    0.86829
    11.302    0.86772
    11.303    0.86713
    11.304    0.86653
    11.305    0.86591
    11.306    0.86527
    11.307    0.86463
    11.308    0.86398
    11.309    0.86331
    11.310    0.86264
    11.311    0.86197
    11.312    0.86128
    11.313    0.86060
    11.314    0.85991
    11.315    0.85922
    11.316    0.85854
    11.317    0.85785
    11.318    0.85717
    11.319    0.85650
    11.320    0.85583
    11.321    0.85517
    11.322    0.85451
    11.323    0.85387
    11.324    0.85324
    11.325    0.85263
    11.326    0.85203
    11.327    0.85145
    11.328    0.85088
    11.329    0.85033
    11.330    0.84981
    11.331    0.84930
    11.332    0.84882
    11.333    0.84837
    11.334    0.84794
    11.335    0.84754
    11.336    0.84717
    11.337    0.84683
    11.338    0.84652
    11.339    0.84624
    11.340    0.84600
    11.341    0.84579
    11.342    0.84562
    11.343    0.84549
    11.344    0.84538
    11.345    0.84531
    11.346    0.84526
    11.347    0.84524
    11.348    0.84525
    11.349    0.84528
    11.350    0.84533
    11.351    0.84541
    11.352    0.84550
    11.353    0.84562
    11.354    0.84575
    11.355    0.84589
    11.356    0.84605
    11.357    0.84622
    11.358    0.84641
    11.359    0.84660
    11.360    0.84680
    11.361    0.84700
    11.362    0.84721
    11.363    0.84743
    11.364    0.84764
    11.365    0.84786
    11.366    0.84808
    11.367    0.84829
    11.368    0.84850
    11.369    0.84870
    11.370    0.84890
    11.371    0.84908
    11.372    0.84926
    11.373    0.84942
    11.374    0.84958
    11.375    0.84971
    11.376    0.84983
    11.377    0.84994
    11.378    0.85002
    11.379    0.85009
    11.380    0.85013
    11.381    0.85015
    11.382    0.85014
    11.383    0.85011
    11.384    0.85004
    11.385    0.84995
    11.386    0.84983
    11.387    0.84968
    11.388    0.84949
    11.389    0.84926
    11.390    0.84900
    11.391    0.84870
    11.392    0.84836
    11.393    0.84799
    11.394    0.84758
    11.395    0.84714
    11.396    0.84667
    11.397    0.84617
    11.398    0.84563
    11.399    0.84508
    11.400    0.84449
    11.401    0.84388
    11.402    0.84324
    11.403    0.84259
    11.404    0.84191
    11.405    0.84121
    11.406    0.84050
    11.407    0.83976
    11.408    0.83901
    11.409    0.83825
    11.410    0.83748
    11.411    0.83669
    11.412    0.83589
    11.413    0.83509
    11.414    0.83428
    11.415    0.83346
    11.416    0.83263
    11.417    0.83181
    11.418    0.83098
    11.419    0.83015
    11.420    0.82932
    11.421    0.82849
    11.422    0.82767
    11.423    0.82685
    11.424    0.82604
    11.425    0.82524
    11.426    0.82444
    11.427    0.82366
    11.428    0.82288
    11.429    0.82212
    11.430    0.82138
    11.431    0.82064
    11.432    0.81993
    11.433    0.81924
    11.434    0.81856
    11.435    0.81791
    11.436    0.81727
    11.437    0.81667
    11.438    0.81608
    11.439    0.81553
    11.440    0.81500
    11.441    0.81450
    11.442    0.81403
    11.443    0.81359
    11.444    0.81317
    11.445    0.81278
    11.446    0.81242
    11.447    0.81208
    11.448    0.81177
    11.449    0.81148
    11.450    0.81121
    11.451    0.81097
    11.452    0.81075
    11.453    0.81055
    11.454    0.81037
    11.455    0.81021
    11.456    0.81007
    11.457    0.80995
    11.458    0.80984
    11.459    0.80976
    11.460    0.80969
    11.461    0.80963
    11.462    0.80959
    11.463    0.80957
    11.464    0.80956
    11.465    0.80956
    11.466    0.80958
    11.467    0.80961
    11.468    0.80964
    11.469    0.80969
    11.470    0.80975
    11.471    0.80982
    11.472    0.80990
    11.473    0.80998
    11.474    0.81008
    11.475    0.81018
    11.476    0.81028
    11.477    0.81039
    11.478    0.81051
    11.479    0.81062
    11.480    0.81075
    11.481    0.81087
    11.482    0.81100
    11.483    0.81113
    11.484    0.81125
    11.485    0.81138
    11.486    0.81151
    11.487    0.81164
    11.488    0.81176
    11.489    0.81188
    11.490    0.81200
    11.491    0.81211
    11.492    0.81222
    11.493    0.81233
    11.494    0.81243
    11.495    0.81252
    11.496    0.81261
    11.497    0.81269
    11.498    0.81276
    11.499    0.81283
    11.500    0.81289
    11.501    0.81294
    11.502    0.81298
    11.503    0.81301
    11.504    0.81304
    11.505    0.81305
    11.506    0.81305
    11.507    0.81305
    11.508    0.81303
    11.509    0.81300
    11.510    0.81295
    11.511    0.81290
    11.512    0.81283
    11.513    0.81275
    11.514    0.81265
    11.515    0.81254
    11.516    0.81242
    11.517    0.81228
    11.518    0.81213
    11.519    0.81196
    11.520    0.81177
    11.521    0.81157
    11.522    0.81135
    11.523    0.81111
    11.524    0.81086
    11.525    0.81058
    11.526    0.81029
    11.527    0.80998
    11.528    0.80965
    11.529    0.80930
    11.530    0.80893
    11.531    0.80854
    11.532    0.80812
    11.533    0.80769
    11.534    0.80723
    11.535    0.80675
    11.536    0.80625
    11.537    0.80572
    11.538    0.80517
    11.539    0.80460
    11.540    0.80400
    11.541    0.80338
    11.542    0.80273
    11.543    0.80206
    11.544    0.80136
    11.545    0.80065
    11.546    0.79991
    11.547    0.79915
    11.548    0.79838
    11.549    0.79758
    11.550    0.79677
    11.551    0.79594
    11.552    0.79509
    11.553    0.79422
    11.554    0.79334
    11.555    0.79245
    11.556    0.79154
    11.557    0.79062
    11.558    0.78969
    11.559    0.78875
    11.560    0.78779
    11.561    0.78683
    11.562    0.78585
    11.563    0.78487
    11.564    0.78388
    11.565    0.78289
    11.566    0.78188
    11.567    0.78088
    11.568    0.77987
    11.569    0.77885
    11.570    0.77783
    11.571    0.77681
    11.572    0.77579
    11.573    0.77477
    11.574    0.77374
    11.575    0.77272
    11.576    0.77170
    11.577    0.77068
    11.578    0.76967
    11.579    0.76866
    11.580    0.76765
    11.581    0.76665
    11.582    0.76565
    11.583    0.76466
    11.584    0.76368
    11.585    0.76271
    11.586    0.76175
    11.587    0.76079
    11.588    0.75985
    11.589    0.75892
    11.590    0.75800
    11.591    0.75709
    11.592    0.75620
    11.593    0.75532
    11.594    0.75445
    11.595    0.75360
    11.596    0.75276
    11.597    0.75193
    11.598    0.75111
    11.599    0.75031
    11.600    0.74952
    11.601    0.74875
    11.602    0.74798
    11.603    0.74723
    11.604    0.74650
    11.605    0.74577
    11.606    0.74506
    11.607    0.74437
    11.608    0.74368
    11.609    0.74301
    11.610    0.74235
    11.611    0.74171
    11.612    0.74108
    11.613    0.74046
    11.614    0.73986
    11.615    0.73926
    11.616    0.73869
    11.617    0.73812
    11.618    0.73757
    11.619    0.73703
    11.620    0.73651
    11.621    0.73600
    11.622    0.73550
    11.623    0.73501
    11.624    0.73454
    11.625    0.73409
    11.626    0.73364
    11.627    0.73321
    11.628    0.73279
    11.629    0.73239
    11.630    0.73200
    11.631    0.73162
    11.632    0.73126
    11.633    0.73091
    11.634    0.73057
    11.635    0.73025
    11.636    0.72993
    11.637    0.72963
    11.638    0.72934
    11.639    0.72906
    11.640    0.72880
    11.641    0.72854
    11.642    0.72829
    11.643    0.72806
    11.644    0.72783
    11.645    0.72761
    11.646    0.72741
    11.647    0.72721
    11.648    0.72702
    11.649    0.72684
    11.650    0.72667
    11.651    0.72650
    11.652    0.72635
    11.653    0.72620
    11.654    0.72606
    11.655    0.72592
    11.656    0.72579
    11.657    0.72567
    11.658    0.72556
    11.659    0.72545
    11.660    0.72534
    11.661    0.72524
    11.662    0.72515
    11.663    0.72506
    11.664    0.72498
    11.665    0.72490
    11.666    0.72482
    11.667    0.72475
    11.668    0.72468
    11.669    0.72461
    11.670    0.72455
    11.671    0.72448
    11.672    0.72443
    11.673    0.72437
    11.674    0.72431
    11.675    0.72426
    11.676    0.72421
    11.677    0.72415
    11.678    0.72410
    11.679    0.72405
    11.680    0.72400
    11.681    0.72395
    11.682    0.72390
    11.683    0.72384
    11.684    0.72379
    11.685    0.72373
    11.686    0.72367
    11.687    0.72361
    11.688    0.72355
    11.689    0.72348
    11.690    0.72340
    11.691    0.72333
    11.692    0.72324
    11.693    0.72316
    11.694    0.72306
    11.695    0.72296
    11.696    0.72285
    11.697    0.72274
    11.698    0.72262
    11.699    0.72249
    11.700    0.72235
    11.701    0.72220
    11.702    0.72204
    11.703    0.72187
    11.704    0.72170
    11.705    0.72151
    11.706    0.72131
    11.707    0.72109
    11.708    0.72087
    11.709    0.72064
    11.710    0.72039
    11.711    0.72012
    11.712    0.71985
    11.713    0.71956
    11.714    0.71925
    11.715    0.71893
    11.716    0.71859
    11.717    0.71824
    11.718    0.71787
    11.719    0.71749
    11.720    0.71708
    11.721    0.71666
    11.722    0.71622
    11.723    0.71577
    11.724    0.71529
    11.725    0.71479
    11.726    0.71428
    11.727    0.71374
    11.728    0.71318
    11.729    0.71260
    11.730    0.71200
    11.731    0.71138
    11.732    0.71073
    11.733    0.71007
    11.734    0.70939
    11.735    0.70869
    11.736    0.70797
    11.737    0.70724
    11.738    0.70650
    11.739    0.70574
    11.740    0.70497
    11.741    0.70419
    11.742    0.70341
    11.743    0.70261
    11.744    0.70181
    11.745    0.70100
    11.746    0.70019
    11.747    0.69938
    11.748    0.69857
    11.749    0.69775
    11.750    0.69694
    11.751    0.69613
    11.752    0.69532
    11.753    0.69452
    11.754    0.69372
    11.755    0.69293
    11.756    0.69214
    11.757    0.69137
    11.758    0.69061
    11.759    0.68986
    11.760    0.68912
    11.761    0.68840
    11.762    0.68769
    11.763    0.68700
    11.764    0.68633
    11.765    0.68567
    11.766    0.68504
    11.767    0.68443
    11.768    0.68384
    11.769    0.68327
    11.770    0.68274
    11.771    0.68222
    11.772    0.68174
    11.773    0.68128
    11.774    0.68085
    11.775    0.68046
    11.776    0.68010
    11.777    0.67977
    11.778    0.67948
    11.779    0.67922
    11.780    0.67900
    11.781    0.67882
    11.782    0.67867
    11.783    0.67856
    11.784    0.67848
    11.785    0.67844
    11.786    0.67842
    11.787    0.67842
    11.788    0.67845
    11.789    0.67850
    11.790    0.67857
    11.791    0.67866
    11.792    0.67876
    11.793    0.67888
    11.794    0.67900
    11.795    0.67914
    11.796    0.67928
    11.797    0.67942
    11.798    0.67957
    11.799    0.67972
    11.800    0.67986
    11.801    0.68000
    11.802    0.68014
    11.803    0.68026
    11.804    0.68038
    11.805    0.68048
    11.806    0.68057
    11.807    0.68064
    11.808    0.68069
    11.809    0.68072
    11.810    0.68072
    11.811    0.68070
    11.812    0.68065
    11.813    0.68057
    11.814    0.68046
    11.815    0.68032
    11.816    0.68014
    11.817    0.67992
    11.818    0.67965
    11.819    0.67935
    11.820    0.67900
    11.821    0.67860
    11.822    0.67816
    11.823    0.67768
    11.824    0.67715
    11.825    0.67658
    11.826    0.67598
    11.827    0.67534
    11.828    0.67466
    11.829    0.67395
    11.830    0.67322
    11.831    0.67245
    11.832    0.67166
    11.833    0.67084
    11.834    0.66999
    11.835    0.66913
    11.836    0.66825
    11.837    0.66735
    11.838    0.66643
    11.839    0.66550
    11.840    0.66456
    11.841    0.66361
    11.842    0.66265
    11.843    0.66169
    11.844    0.66071
    11.845    0.65974
    11.846    0.65877
    11.847    0.65779
    11.848    0.65682
    11.849    0.65586
    11.850    0.65490
    11.851    0.65395
    11.852    0.65301
    11.853    0.65208
    11.854    0.65117
    11.855    0.65027
    11.856    0.64939
    11.857    0.64854
    11.858    0.64770
    11.859    0.64688
    11.860    0.64609
    11.861    0.64533
    11.862    0.64460
    11.863    0.64390
    11.864    0.64323
    11.865    0.64259
    11.866    0.64199
    11.867    0.64143
    11.868    0.64091
    11.869    0.64043
    11.870    0.64000
    11.871    0.63961
    11.872    0.63927
    11.873    0.63896
    11.874    0.63870
    11.875    0.63848
    11.876    0.63829
    11.877    0.63813
    11.878    0.63801
    11.879    0.63792
    11.880    0.63786
    11.881    0.63783
    11.882    0.63782
    11.883    0.63784
    11.884    0.63788
    11.885    0.63793
    11.886    0.63801
    11.887    0.63810
    11.888    0.63820
    11.889    0.63832
    11.890    0.63845
    11.891    0.63859
    11.892    0.63873
    11.893    0.63888
    11.894    0.63903
    11.895    0.63918
    11.896    0.63934
    11.897    0.63949
    11.898    0.63963
    11.899    0.63977
    11.900    0.63990
    11.901    0.64003
    11.902    0.64014
    11.903    0.64023
    11.904    0.64031
    11.905    0.64038
    11.906    0.64042
    11.907    0.64045
    11.908    0.64045
    11.909    0.64042
    11.910    0.64037
    11.911    0.64029
    11.912    0.64018
    11.913    0.64004
    11.914    0.63987
    11.915    0.63966
    11.916    0.63941
    11.917    0.63912
    11.918    0.63879
    11.919    0.63842
    11.920    0.63800
    11.921    0.63754
    11.922    0.63703
    11.923    0.63647
    11.924    0.63588
    11.925    0.63525
    11.926    0.63458
    11.927    0.63387
    11.928    0.63313
    11.929    0.63236
    11.930    0.63156
    11.931    0.63073
    11.932    0.62987
    11.933    0.62899
    11.934    0.62809
    11.935    0.62717
    11.936    0.62623
    11.937    0.62527
    11.938    0.62430
    11.939    0.62331
    11.940    0.62232
    11.941    0.62131
    11.942    0.62030
    11.943    0.61928
    11.944    0.61826
    11.945    0.61724
    11.946    0.61621
    11.947    0.61519
    11.948    0.61418
    11.949    0.61317
    11.950    0.61217
    11.951    0.61117
    11.952    0.61019
    11.953    0.60923
    11.954    0.60827
    11.955    0.60734
    11.956    0.60643
    11.957    0.60553
    11.958    0.60466
    11.959    0.60382
    11.960    0.60300
    11.961    0.60221
    11.962    0.60145
    11.963    0.60072
    11.964    0.60001
    11.965    0.59934
    11.966    0.59869
    11.967    0.59807
    11.968    0.59748
    11.969    0.59692
    11.970    0.59638
    11.971    0.59588
    11.972    0.59540
    11.973    0.59495
    11.974    0.59452
    11.975    0.59413
    11.976    0.59376
    11.977    0.59342
    11.978    0.59310
    11.979    0.59282
    11.980    0.59256
    11.981    0.59233
    11.982    0.59212
    11.983    0.59194
    11.984    0.59179
    11.985    0.59167
    11.986    0.59157
    11.987    0.59150
    11.988    0.59145
    11.989    0.59144
    11.990    0.59144
    11.991    0.59148
    11.992    0.59154
    11.993    0.59163
    11.994    0.59174
    11.995    0.59188
    11.996    0.59204
    11.997    0.59223
    11.998    0.59245
    11.999    0.59269
    12.000    0.59295
    12.001    0.59324
    12.002    0.59356
    12.003    0.59390
    12.004    0.59427
    12.005    0.59466
    12.006    0.59508
    12.007    0.59552
    12.008    0.59599
    12.009    0.59648
    12.010    0.59700
    12.011    0.59754
    12.012    0.59808
    12.013    0.59860
    12.014    0.59909
    12.015    0.59951
    12.016    0.59986
    12.017    0.60010
    12.018    0.60022
    12.019    0.60019
    12.020    0.60000
    12.021    0.59963
    12.022    0.59911
    12.023    0.59846
    12.024    0.59772
    12.025    0.59691
    12.026    0.59607
    12.027    0.59523
    12.028    0.59442
    12.029    0.59366
    12.030    0.59300
    12.031    0.59245
    12.032    0.59200
    12.033    0.59164
    12.034    0.59135
    12.035    0.59110
    12.036    0.59089
    12.037    0.59069
    12.038    0.59049
    12.039    0.59026
    12.040    0.59000
    12.041    0.58968
    12.042    0.58930
    12.043    0.58887
    12.044    0.58837
    12.045    0.58780
    12.046    0.58718
    12.047    0.58648
    12.048    0.58573
    12.049    0.58490
    12.050    0.58400
    12.051    0.58303
    12.052    0.58201
    12.053    0.58093
    12.054    0.57982
    12.055    0.57868
    12.056    0.57753
    12.057    0.57637
    12.058    0.57523
    12.059    0.57410
    12.060    0.57300
    12.061    0.57194
    12.062    0.57094
    12.063    0.57000
    12.064    0.56913
    12.065    0.56835
    12.066    0.56765
    12.067    0.56706
    12.068    0.56658
    12.069    0.56622
    12.070    0.56600
    12.071    0.56591
    12.072    0.56593
    12.073    0.56603
    12.074    0.56617
    12.075    0.56631
    12.076    0.56643
    12.077    0.56650
    12.078    0.56647
    12.079    0.56631
    12.080    0.56600
    12.081    0.56551
    12.082    0.56486
    12.083    0.56410
    12.084    0.56327
    12.085    0.56241
    12.086    0.56155
    12.087    0.56074
    12.088    0.56002
    12.089    0.55943
    12.090    0.55900
    12.091    0.55877
    12.092    0.55870
    12.093    0.55875
    12.094    0.55889
    12.095    0.55906
    12.096    0.55923
    12.097    0.55935
    12.098    0.55938
    12.099    0.55928
    12.100    0.55900
    12.101    0.55852
    12.102    0.55787
    12.103    0.55707
    12.104    0.55618
    12.105    0.55524
    12.106    0.55427
    12.107    0.55332
    12.108    0.55243
    12.109    0.55165
    12.110    0.55100
    12.111    0.55052
    12.112    0.55020
    12.113    0.55002
    12.114    0.54996
    12.115    0.55000
    12.116    0.55012
    12.117    0.55030
    12.118    0.55052
    12.119    0.55076
    12.120    0.55100
    12.121    0.55123
    12.122    0.55143
    12.123    0.55161
    12.124    0.55177
    12.125    0.55190
    12.126    0.55199
    12.127    0.55205
    12.128    0.55207
    12.129    0.55206
    12.130    0.55200
    12.131    0.55190
    12.132    0.55177
    12.133    0.55164
    12.134    0.55151
    12.135    0.55142
    12.136    0.55137
    12.137    0.55138
    12.138    0.55148
    12.139    0.55168
    12.140    0.55200
    12.141    0.55245
    12.142    0.55299
    12.143    0.55359
    12.144    0.55421
    12.145    0.55481
    12.146    0.55533
    12.147    0.55576
    12.148    0.55604
    12.149    0.55613
    12.150    0.55600
    12.151    0.55562
    12.152    0.55502
    12.153    0.55426
    12.154    0.55340
    12.155    0.55249
    12.156    0.55157
    12.157    0.55071
    12.158    0.54996
    12.159    0.54937
    12.160    0.54900
    12.161    0.54888
    12.162    0.54899
    12.163    0.54928
    12.164    0.54972
    12.165    0.55025
    12.166    0.55085
    12.167    0.55147
    12.168    0.55206
    12.169    0.55258
    12.170    0.55300
    12.171    0.55328
    12.172    0.55342
    12.173    0.55343
    12.174    0.55333
    12.175    0.55313
    12.176    0.55284
    12.177    0.55247
    12.178    0.55203
    12.179    0.55154
    12.180    0.55100
    12.181    0.55043
    12.182    0.54984
    12.183    0.54923
    12.184    0.54861
    12.185    0.54798
    12.186    0.54736
    12.187    0.54674
    12.188    0.54614
    12.189    0.54555
    12.190    0.54500
    12.191    0.54448
    12.192    0.54401
    12.193    0.54359
    12.194    0.54323
    12.195    0.54295
    12.196    0.54275
    12.197    0.54265
    12.198    0.54265
    12.199    0.54276
    12.200    0.54300
    12.201    0.54337
    12.202    0.54384
    12.203    0.54439
    12.204    0.54499
    12.205    0.54561
    12.206    0.54622
    12.207    0.54679
    12.208    0.54730
    12.209    0.54771
    12.210    0.54800
    12.211    0.54815
    12.212    0.54816
    12.213    0.54807
    12.214    0.54788
    12.215    0.54763
    12.216    0.54732
    12.217    0.54698
    12.218    0.54664
    12.219    0.54630
    12.220    0.54600
    12.221    0.54574
    12.222    0.54553
    12.223    0.54537
    12.224    0.54524
    12.225    0.54514
    12.226    0.54507
    12.227    0.54503
    12.228    0.54501
    12.229    0.54500
    12.230    0.54500
    12.231    0.54501
    12.232    0.54502
    12.233    0.54504
    12.234    0.54505
    12.235    0.54506
    12.236    0.54507
    12.237    0.54507
    12.238    0.54506
    12.239    0.54504
    12.240    0.54500
    12.241    0.54495
    12.242    0.54488
    12.243    0.54481
    12.244    0.54472
    12.245    0.54461
    12.246    0.54450
    12.247    0.54439
    12.248    0.54426
    12.249    0.54413
    12.250    0.54400
    12.251    0.54386
    12.252    0.54373
    12.253    0.54360
    12.254    0.54347
    12.255    0.54335
    12.256    0.54325
    12.257    0.54316
    12.258    0.54308
    12.259    0.54303
    12.260    0.54300
    12.261    0.54299
    12.262    0.54301
    12.263    0.54306
    12.264    0.54312
    12.265    0.54322
    12.266    0.54333
    12.267    0.54347
    12.268    0.54362
    12.269    0.54380
    12.270    0.54400
    12.271    0.54422
    12.272    0.54446
    12.273    0.54471
    12.274    0.54499
    12.275    0.54528
    12.276    0.54559
    12.277    0.54592
    12.278    0.54626
    12.279    0.54662
    12.280    0.54700
    12.281    0.54739
    12.282    0.54778
    12.283    0.54818
    12.284    0.54855
    12.285    0.54891
    12.286    0.54923
    12.287    0.54951
    12.288    0.54974
    12.289    0.54990
    12.290    0.55000
    12.291    0.55002
    12.292    0.54997
    12.293    0.54988
    12.294    0.54974
    12.295    0.54959
    12.296    0.54943
    12.297    0.54927
    12.298    0.54914
    12.299    0.54904
    12.300    0.54900
    12.301    0.54902
    12.302    0.54910
    12.303    0.54922
    12.304    0.54940
    12.305    0.54961
    12.306    0.54985
    12.307    0.55012
    12.308    0.55041
    12.309    0.55070
    12.310    0.55100
    12.311    0.55129
    12.312    0.55157
    12.313    0.55180
    12.314    0.55198
    12.315    0.55209
    12.316    0.55212
    12.317    0.55203
    12.318    0.55183
    12.319    0.55149
    12.320    0.55100
    12.321    0.55034
    12.322    0.54954
    12.323    0.54862
    12.324    0.54760
    12.325    0.54652
    12.326    0.54540
    12.327    0.54426
    12.328    0.54313
    12.329    0.54203
    12.330    0.54100
    12.331    0.54005
    12.332    0.53917
    12.333    0.53835
    12.334    0.53757
    12.335    0.53682
    12.336    0.53609
    12.337    0.53535
    12.338    0.53460
    12.339    0.53382
    12.340    0.53300
    12.341    0.53212
    12.342    0.53118
    12.343    0.53020
    12.344    0.52916
    12.345    0.52807
    12.346    0.52693
    12.347    0.52576
    12.348    0.52454
    12.349    0.52329
    12.350    0.52200
    12.351    0.52068
    12.352    0.51933
    12.353    0.51796
    12.354    0.51657
    12.355    0.51516
    12.356    0.51374
    12.357    0.51230
    12.358    0.51087
    12.359    0.50943
    12.360    0.50800
    12.361    0.50657
    12.362    0.50514
    12.363    0.50371
    12.364    0.50227
    12.365    0.50080
    12.366    0.49932
    12.367    0.49780
    12.368    0.49624
    12.369    0.49465
    12.370    0.49300
    12.371    0.49130
    12.372    0.48955
    12.373    0.48777
    12.374    0.48596
    12.375    0.48413
    12.376    0.48228
    12.377    0.48044
    12.378    0.47861
    12.379    0.47679
    12.380    0.47500
    12.381    0.47324
    12.382    0.47152
    12.383    0.46984
    12.384    0.46818
    12.385    0.46657
    12.386    0.46499
    12.387    0.46344
    12.388    0.46193
    12.389    0.46045
    12.390    0.45900
    12.391    0.45759
    12.392    0.45620
    12.393    0.45483
    12.394    0.45346
    12.395    0.45210
    12.396    0.45073
    12.397    0.44934
    12.398    0.44793
    12.399    0.44649
    12.400    0.44500
    12.401    0.44347
    12.402    0.44189
    12.403    0.44029
    12.404    0.43866
    12.405    0.43702
    12.406    0.43538
    12.407    0.43375
    12.408    0.43214
    12.409    0.43055
    12.410    0.42900
    12.411    0.42749
    12.412    0.42602
    12.413    0.42456
    12.414    0.42312
    12.415    0.42168
    12.416    0.42022
    12.417    0.41873
    12.418    0.41721
    12.419    0.41564
    12.420    0.41400
    12.421    0.41229
    12.422    0.41051
    12.423    0.40866
    12.424    0.40675
    12.425    0.40477
    12.426    0.40273
    12.427    0.40063
    12.428    0.39847
    12.429    0.39626
    12.430    0.39400
    12.431    0.39169
    12.432    0.38933
    12.433    0.38693
    12.434    0.38448
    12.435    0.38200
    12.436    0.37947
    12.437    0.37690
    12.438    0.37430
    12.439    0.37167
    12.440    0.36900
    12.441    0.36630
    12.442    0.36360
    12.443    0.36090
    12.444    0.35824
    12.445    0.35562
    12.446    0.35307
    12.447    0.35062
    12.448    0.34828
    12.449    0.34606
    12.450    0.34400
    12.451    0.34210
    12.452    0.34032
    12.453    0.33862
    12.454    0.33696
    12.455    0.33527
    12.456    0.33353
    12.457    0.33168
    12.458    0.32967
    12.459    0.32746
    12.460    0.32500
    12.461    0.32226
    12.462    0.31928
    12.463    0.31609
    12.464    0.31274
    12.465    0.30929
    12.466    0.30577
    12.467    0.30224
    12.468    0.29873
    12.469    0.29531
    12.470    0.29200
    12.471    0.28885
    12.472    0.28586
    12.473    0.28301
    12.474    0.28029
    12.475    0.27769
    12.476    0.27520
    12.477    0.27279
    12.478    0.27047
    12.479    0.26821
    12.480    0.26600
    12.481    0.26384
    12.482    0.26171
    12.483    0.25962
    12.484    0.25757
    12.485    0.25556
    12.486    0.25358
    12.487    0.25164
    12.488    0.24973
    12.489    0.24785
    12.490    0.24600
    12.491    0.24418
    12.492    0.24239
    12.493    0.24061
    12.494    0.23883
    12.495    0.23707
    12.496    0.23529
    12.497    0.23350
    12.498    0.23170
    12.499    0.22987
    12.500    0.22800
    12.501    0.22609
    12.502    0.22413
    12.503    0.22210
    12.504    0.22000
    12.505    0.21780
    12.506    0.21550
    12.507    0.21308
    12.508    0.21054
    12.509    0.20785
    12.510    0.20500
    12.511    0.20200
    12.512    0.19887
    12.513    0.19567
    12.514    0.19244
    12.515    0.18922
    12.516    0.18607
    12.517    0.18303
    12.518    0.18014
    12.519    0.17745
    12.520    0.17500
    12.521    0.17283
    12.522    0.17091
    12.523    0.16919
    12.524    0.16763
    12.525    0.16617
    12.526    0.16479
    12.527    0.16342
    12.528    0.16203
    12.529    0.16057
    12.530    0.15900
    12.531    0.15728
    12.532    0.15541
    12.533    0.15341
    12.534    0.15130
    12.535    0.14908
    12.536    0.14678
    12.537    0.14440
    12.538    0.14197
    12.539    0.13950
    12.540    0.13700
    12.541    0.13449
    12.542    0.13197
    12.543    0.12946
    12.544    0.12697
    12.545    0.12451
    12.546    0.12209
    12.547    0.11971
    12.548    0.11740
    12.549    0.11516
    12.550    0.11300
    12.551    0.11093
    12.552    0.10896
    12.553    0.10708
    12.554    0.10531
    12.555    0.10364
    12.556    0.10208
    12.557    0.10063
    12.558    0.09930
    12.559    0.09809
    12.560    0.09700
    12.561    0.09603
    12.562    0.09518
    12.563    0.09443
    12.564    0.09377
    12.565    0.09319
    12.566    0.09267
    12.567    0.09220
    12.568    0.09178
    12.569    0.09138
    12.570    0.09100
    12.571    0.09062
    12.572    0.09025
    12.573    0.08988
    12.574    0.08950
    12.575    0.08911
    12.576    0.08872
    12.577    0.08831
    12.578    0.08789
    12.579    0.08746
    12.580    0.08700
    12.581    0.08652
    12.582    0.08603
    12.583    0.08553
    12.584    0.08501
    12.585    0.08449
    12.586    0.08398
    12.587    0.08346
    12.588    0.08296
    12.589    0.08247
    12.590    0.08200
    12.591    0.08155
    12.592    0.08113
    12.593    0.08073
    12.594    0.08037
    12.595    0.08004
    12.596    0.07975
    12.597    0.07950
    12.598    0.07928
    12.599    0.07912
    12.600    0.07900
    12.601    0.07893
    12.602    0.07889
    12.603    0.07888
    12.604    0.07887
    12.605    0.07884
    12.606    0.07879
    12.607    0.07870
    12.608    0.07854
    12.609    0.07832
    12.610    0.07800
    12.611    0.07758
    12.612    0.07708
    12.613    0.07651
    12.614    0.07588
    12.615    0.07522
    12.616    0.07454
    12.617    0.07386
    12.618    0.07320
    12.619    0.07257
    12.620    0.07200
    12.621    0.07149
    12.622    0.07104
    12.623    0.07064
    12.624    0.07026
    12.625    0.06991
    12.626    0.06956
    12.627    0.06921
    12.628    0.06884
    12.629    0.06844
    12.630    0.06800
    12.631    0.06750
    12.632    0.06695
    12.633    0.06635
    12.634    0.06571
    12.635    0.06501
    12.636    0.06428
    12.637    0.06351
    12.638    0.06271
    12.639    0.06187
    12.640    0.06100
    12.641    0.06011
    12.642    0.05919
    12.643    0.05827
    12.644    0.05734
    12.645    0.05641
    12.646    0.05548
    12.647    0.05457
    12.648    0.05369
    12.649    0.05283
    12.650    0.05200
    12.651    0.05121
    12.652    0.05045
    12.653    0.04971
    12.654    0.04898
    12.655    0.04823
    12.656    0.04747
    12.657    0.04668
    12.658    0.04585
    12.659    0.04496
    12.660    0.04400
    12.661    0.04297
    12.662    0.04188
    12.663    0.04074
    12.664    0.03958
    12.665    0.03841
    12.666    0.03724
    12.667    0.03610
    12.668    0.03500
    12.669    0.03396
    12.670    0.03300
    12.671    0.03213
    12.672    0.03135
    12.673    0.03065
    12.674    0.03004
    12.675    0.02952
    12.676    0.02907
    12.677    0.02869
    12.678    0.02839
    12.679    0.02816
    12.680    0.02800
    12.681    0.02790
    12.682    0.02783
    12.683    0.02779
    12.684    0.02773
    12.685    0.02765
    12.686    0.02752
    12.687    0.02731
    12.688    0.02700
    12.689    0.02657
    12.690    0.02600
    12.691    0.02527
    12.692    0.02439
    12.693    0.02339
    12.694    0.02229
    12.695    0.02112
    12.696    0.01990
    12.697    0.01866
    12.698    0.01741
    12.699    0.01618
    12.700    0.01500
    12.701    0.01389
    12.702    0.01285
    12.703    0.01191
    12.704    0.01108
    12.705    0.01036
    12.706    0.00978
    12.707    0.00934
    12.708    0.00905
    12.709    0.00894
    12.710    0.00900
    12.711    0.00925
    12.712    0.00965
    12.713    0.01015
    12.714    0.01072
    12.715    0.01130
    12.716    0.01187
    12.717    0.01236
    12.718    0.01274
    12.719    0.01297
    12.720    0.01300
    12.721    0.01280
    12.722    0.01240
    12.723    0.01184
    12.724    0.01117
    12.725    0.01042
    12.726    0.00963
    12.727    0.00886
    12.728    0.00813
    12.729    0.00750
    12.730    0.00700
    12.731    0.00666
    12.732    0.00647
    12.733    0.00641
    12.734    0.00643
    12.735    0.00652
    12.736    0.00665
    12.737    0.00679
    12.738    0.00691
    12.739    0.00699
    12.740    0.00700
    12.741    0.00692
    12.742    0.00675
    12.743    0.00651
    12.744    0.00621
    12.745    0.00587
    12.746    0.00550
    12.747    0.00511
    12.748    0.00473
    12.749    0.00435
    12.750    0.00400
    12.751    0.00369
    12.752    0.00341
    12.753    0.00316
    12.754    0.00295
    12.755    0.00275
    12.756    0.00258
    12.757    0.00242
    12.758    0.00227
    12.759    0.00213
    12.760    0.00200
