131    spot2-Band2
600.0000  0.01000 
601.0000  0.02974 
602.0000  0.04965 
603.0000  0.06987 
604.0000  0.09058 
605.0000  0.11194 
606.0000  0.13410 
607.0000  0.15722 
608.0000  0.18147 
609.0000  0.20701 
610.0000  0.23400 
611.0000  0.26253 
612.0000  0.29245 
613.0000  0.32351 
614.0000  0.35550 
615.0000  0.38819 
616.0000  0.42134 
617.0000  0.45472 
618.0000  0.48811 
619.0000  0.52128 
620.0000  0.55400 
621.0000  0.58608 
622.0000  0.61750 
623.0000  0.64827 
624.0000  0.67841 
625.0000  0.70794 
626.0000  0.73687 
627.0000  0.76523 
628.0000  0.79302 
629.0000  0.82028 
630.0000  0.84700 
631.0000  0.87313 
632.0000  0.89822 
633.0000  0.92178 
634.0000  0.94327 
635.0000  0.96219 
636.0000  0.97801 
637.0000  0.99022 
638.0000  0.99830 
639.0000  1.00173 
640.0000  1.00000 
641.0000  0.99277 
642.0000  0.98041 
643.0000  0.96347 
644.0000  0.94250 
645.0000  0.91806 
646.0000  0.89069 
647.0000  0.86095 
648.0000  0.82939 
649.0000  0.79655 
650.0000  0.76300 
651.0000  0.72921 
652.0000  0.69536 
653.0000  0.66158 
654.0000  0.62799 
655.0000  0.59471 
656.0000  0.56184 
657.0000  0.52952 
658.0000  0.49786 
659.0000  0.46698 
660.0000  0.43700 
661.0000  0.40802 
662.0000  0.38009 
663.0000  0.35325 
664.0000  0.32754 
665.0000  0.30299 
666.0000  0.27964 
667.0000  0.25753 
668.0000  0.23670 
669.0000  0.21718 
670.0000  0.19900 
671.0000  0.18219 
672.0000  0.16670 
673.0000  0.15244 
674.0000  0.13934 
675.0000  0.12733 
676.0000  0.11633 
677.0000  0.10628 
678.0000  0.09708 
679.0000  0.08868 
680.0000  0.08100 
681.0000  0.07396 
682.0000  0.06753 
683.0000  0.06166 
684.0000  0.05631 
685.0000  0.05145 
686.0000  0.04703 
687.0000  0.04301 
688.0000  0.03936 
689.0000  0.03604 
690.0000  0.03300 
691.0000  0.03021 
692.0000  0.02766 
693.0000  0.02532 
694.0000  0.02320 
695.0000  0.02126 
696.0000  0.01950 
697.0000  0.01791 
698.0000  0.01647 
699.0000  0.01517 
700.0000  0.01400 
701.0000  0.01294 
702.0000  0.01198 
703.0000  0.01112 
704.0000  0.01034 
705.0000  0.00964 
706.0000  0.00901 
707.0000  0.00844 
708.0000  0.00792 
709.0000  0.00744 
710.0000  0.00700 
711.0000  0.00659 
712.0000  0.00620 
713.0000  0.00584 
714.0000  0.00550 
715.0000  0.00519 
716.0000  0.00490 
717.0000  0.00464 
718.0000  0.00440 
719.0000  0.00419 
720.0000  0.00400 
721.0000  0.00383 
722.0000  0.00369 
723.0000  0.00356 
724.0000  0.00345 
725.0000  0.00335 
726.0000  0.00327 
727.0000  0.00319 
728.0000  0.00312 
729.0000  0.00306 
730.0000  0.00300 
