321    spot2-PAN
470.0000  0.00100 
471.0000  0.00057 
472.0000  0.00033 
473.0000  0.00051 
474.0000  0.00128 
475.0000  0.00287 
476.0000  0.00547 
477.0000  0.00928 
478.0000  0.01450 
479.0000  0.02134 
480.0000  0.03000 
481.0000  0.04062 
482.0000  0.05308 
483.0000  0.06723 
484.0000  0.08289 
485.0000  0.09989 
486.0000  0.11805 
487.0000  0.13722 
488.0000  0.15721 
489.0000  0.17786 
490.0000  0.19900 
491.0000  0.22045 
492.0000  0.24203 
493.0000  0.26354 
494.0000  0.28479 
495.0000  0.30559 
496.0000  0.32573 
497.0000  0.34504 
498.0000  0.36332 
499.0000  0.38037 
500.0000  0.39600 
501.0000  0.41007 
502.0000  0.42268 
503.0000  0.43394 
504.0000  0.44401 
505.0000  0.45302 
506.0000  0.46111 
507.0000  0.46841 
508.0000  0.47507 
509.0000  0.48122 
510.0000  0.48700 
511.0000  0.49254 
512.0000  0.49790 
513.0000  0.50313 
514.0000  0.50831 
515.0000  0.51347 
516.0000  0.51867 
517.0000  0.52397 
518.0000  0.52942 
519.0000  0.53508 
520.0000  0.54100 
521.0000  0.54722 
522.0000  0.55368 
523.0000  0.56033 
524.0000  0.56708 
525.0000  0.57387 
526.0000  0.58063 
527.0000  0.58730 
528.0000  0.59379 
529.0000  0.60005 
530.0000  0.60600 
531.0000  0.61159 
532.0000  0.61683 
533.0000  0.62174 
534.0000  0.62635 
535.0000  0.63068 
536.0000  0.63475 
537.0000  0.63860 
538.0000  0.64224 
539.0000  0.64570 
540.0000  0.64900 
541.0000  0.65217 
542.0000  0.65523 
543.0000  0.65821 
544.0000  0.66114 
545.0000  0.66404 
546.0000  0.66693 
547.0000  0.66985 
548.0000  0.67282 
549.0000  0.67586 
550.0000  0.67900 
551.0000  0.68226 
552.0000  0.68565 
553.0000  0.68916 
554.0000  0.69280 
555.0000  0.69655 
556.0000  0.70041 
557.0000  0.70439 
558.0000  0.70849 
559.0000  0.71269 
560.0000  0.71700 
561.0000  0.72141 
562.0000  0.72590 
563.0000  0.73044 
564.0000  0.73499 
565.0000  0.73953 
566.0000  0.74403 
567.0000  0.74845 
568.0000  0.75278 
569.0000  0.75697 
570.0000  0.76100 
571.0000  0.76485 
572.0000  0.76856 
573.0000  0.77216 
574.0000  0.77569 
575.0000  0.77921 
576.0000  0.78275 
577.0000  0.78636 
578.0000  0.79007 
579.0000  0.79394 
580.0000  0.79800 
581.0000  0.80228 
582.0000  0.80673 
583.0000  0.81130 
584.0000  0.81591 
585.0000  0.82050 
586.0000  0.82502 
587.0000  0.82939 
588.0000  0.83355 
589.0000  0.83744 
590.0000  0.84100 
591.0000  0.84418 
592.0000  0.84699 
593.0000  0.84946 
594.0000  0.85163 
595.0000  0.85353 
596.0000  0.85519 
597.0000  0.85663 
598.0000  0.85789 
599.0000  0.85900 
600.0000  0.86000 
601.0000  0.86091 
602.0000  0.86180 
603.0000  0.86271 
604.0000  0.86372 
605.0000  0.86488 
606.0000  0.86624 
607.0000  0.86788 
608.0000  0.86985 
609.0000  0.87220 
610.0000  0.87500 
611.0000  0.87828 
612.0000  0.88198 
613.0000  0.88599 
614.0000  0.89023 
615.0000  0.89459 
616.0000  0.89898 
617.0000  0.90332 
618.0000  0.90750 
619.0000  0.91142 
620.0000  0.91500 
621.0000  0.91817 
622.0000  0.92102 
623.0000  0.92366 
624.0000  0.92620 
625.0000  0.92877 
626.0000  0.93147 
627.0000  0.93443 
628.0000  0.93776 
629.0000  0.94158 
630.0000  0.94600 
631.0000  0.95109 
632.0000  0.95672 
633.0000  0.96271 
634.0000  0.96889 
635.0000  0.97508 
636.0000  0.98111 
637.0000  0.98679 
638.0000  0.99195 
639.0000  0.99641 
640.0000  1.00000 
641.0000  1.00258 
642.0000  1.00417 
643.0000  1.00486 
644.0000  1.00470 
645.0000  1.00377 
646.0000  1.00214 
647.0000  0.99988 
648.0000  0.99706 
649.0000  0.99374 
650.0000  0.99000 
651.0000  0.98590 
652.0000  0.98147 
653.0000  0.97674 
654.0000  0.97172 
655.0000  0.96645 
656.0000  0.96094 
657.0000  0.95522 
658.0000  0.94930 
659.0000  0.94322 
660.0000  0.93700 
661.0000  0.93065 
662.0000  0.92417 
663.0000  0.91754 
664.0000  0.91076 
665.0000  0.90380 
666.0000  0.89666 
667.0000  0.88932 
668.0000  0.88178 
669.0000  0.87401 
670.0000  0.86600 
671.0000  0.85776 
672.0000  0.84932 
673.0000  0.84073 
674.0000  0.83206 
675.0000  0.82334 
676.0000  0.81464 
677.0000  0.80600 
678.0000  0.79748 
679.0000  0.78913 
680.0000  0.78100 
681.0000  0.77314 
682.0000  0.76557 
683.0000  0.75830 
684.0000  0.75134 
685.0000  0.74471 
686.0000  0.73843 
687.0000  0.73250 
688.0000  0.72695 
689.0000  0.72177 
690.0000  0.71700 
691.0000  0.71263 
692.0000  0.70860 
693.0000  0.70487 
694.0000  0.70138 
695.0000  0.69806 
696.0000  0.69485 
697.0000  0.69170 
698.0000  0.68855 
699.0000  0.68534 
700.0000  0.68200 
701.0000  0.67851 
702.0000  0.67497 
703.0000  0.67151 
704.0000  0.66824 
705.0000  0.66531 
706.0000  0.66282 
707.0000  0.66093 
708.0000  0.65974 
709.0000  0.65939 
710.0000  0.66000 
711.0000  0.66156 
712.0000  0.66344 
713.0000  0.66487 
714.0000  0.66510 
715.0000  0.66335 
716.0000  0.65884 
717.0000  0.65083 
718.0000  0.63852 
719.0000  0.62117 
720.0000  0.59800 
721.0000  0.56857 
722.0000  0.53379 
723.0000  0.49487 
724.0000  0.45305 
725.0000  0.40956 
726.0000  0.36563 
727.0000  0.32247 
728.0000  0.28133 
729.0000  0.24343 
730.0000  0.21000 
731.0000  0.18196 
732.0000  0.15900 
733.0000  0.14052 
734.0000  0.12590 
735.0000  0.11453 
736.0000  0.10580 
737.0000  0.09909 
738.0000  0.09380 
739.0000  0.08930 
740.0000  0.08500 
741.0000  0.08039 
742.0000  0.07546 
743.0000  0.07030 
744.0000  0.06501 
745.0000  0.05969 
746.0000  0.05443 
747.0000  0.04934 
748.0000  0.04450 
749.0000  0.04002 
750.0000  0.03600 
751.0000  0.03250 
752.0000  0.02951 
753.0000  0.02696 
754.0000  0.02479 
755.0000  0.02297 
756.0000  0.02142 
757.0000  0.02011 
758.0000  0.01897 
759.0000  0.01795 
760.0000  0.01700 
761.0000  0.01607 
762.0000  0.01516 
763.0000  0.01427 
764.0000  0.01340 
765.0000  0.01257 
766.0000  0.01177 
767.0000  0.01101 
768.0000  0.01029 
769.0000  0.00962 
770.0000  0.00900 
771.0000  0.00844 
772.0000  0.00793 
773.0000  0.00746 
774.0000  0.00703 
775.0000  0.00664 
776.0000  0.00628 
777.0000  0.00594 
778.0000  0.00561 
779.0000  0.00530 
780.0000  0.00500 
781.0000  0.00470 
782.0000  0.00440 
783.0000  0.00409 
784.0000  0.00379 
785.0000  0.00349 
786.0000  0.00320 
787.0000  0.00290 
788.0000  0.00260 
789.0000  0.00230 
790.0000  0.00200 
