171    spot2-Band3
750.0000  0.05800 
751.0000  0.06735 
752.0000  0.07685 
753.0000  0.08662 
754.0000  0.09683 
755.0000  0.10760 
756.0000  0.11909 
757.0000  0.13143 
758.0000  0.14477 
759.0000  0.15924 
760.0000  0.17500 
761.0000  0.19214 
762.0000  0.21063 
763.0000  0.23037 
764.0000  0.25129 
765.0000  0.27331 
766.0000  0.29635 
767.0000  0.32031 
768.0000  0.34513 
769.0000  0.37072 
770.0000  0.39700 
771.0000  0.42388 
772.0000  0.45123 
773.0000  0.47894 
774.0000  0.50687 
775.0000  0.53490 
776.0000  0.56289 
777.0000  0.59073 
778.0000  0.61828 
779.0000  0.64541 
780.0000  0.67200 
781.0000  0.69793 
782.0000  0.72311 
783.0000  0.74748 
784.0000  0.77096 
785.0000  0.79347 
786.0000  0.81494 
787.0000  0.83531 
788.0000  0.85449 
789.0000  0.87241 
790.0000  0.88900 
791.0000  0.90421 
792.0000  0.91811 
793.0000  0.93079 
794.0000  0.94234 
795.0000  0.95285 
796.0000  0.96241 
797.0000  0.97111 
798.0000  0.97905 
799.0000  0.98632 
800.0000  0.99300 
801.0000  0.99914 
802.0000  1.00460 
803.0000  1.00917 
804.0000  1.01266 
805.0000  1.01488 
806.0000  1.01563 
807.0000  1.01471 
808.0000  1.01193 
809.0000  1.00709 
810.0000  1.00000 
811.0000  0.99056 
812.0000  0.97909 
813.0000  0.96599 
814.0000  0.95170 
815.0000  0.93662 
816.0000  0.92117 
817.0000  0.90577 
818.0000  0.89083 
819.0000  0.87677 
820.0000  0.86400 
821.0000  0.85284 
822.0000  0.84322 
823.0000  0.83495 
824.0000  0.82786 
825.0000  0.82176 
826.0000  0.81648 
827.0000  0.81185 
828.0000  0.80767 
829.0000  0.80378 
830.0000  0.80000 
831.0000  0.79618 
832.0000  0.79235 
833.0000  0.78854 
834.0000  0.78481 
835.0000  0.78122 
836.0000  0.77780 
837.0000  0.77463 
838.0000  0.77173 
839.0000  0.76917 
840.0000  0.76700 
841.0000  0.76524 
842.0000  0.76380 
843.0000  0.76256 
844.0000  0.76142 
845.0000  0.76025 
846.0000  0.75894 
847.0000  0.75738 
848.0000  0.75544 
849.0000  0.75302 
850.0000  0.75000 
851.0000  0.74626 
852.0000  0.74166 
853.0000  0.73606 
854.0000  0.72932 
855.0000  0.72129 
856.0000  0.71185 
857.0000  0.70084 
858.0000  0.68812 
859.0000  0.67355 
860.0000  0.65700 
861.0000  0.63838 
862.0000  0.61788 
863.0000  0.59574 
864.0000  0.57223 
865.0000  0.54757 
866.0000  0.52204 
867.0000  0.49586 
868.0000  0.46930 
869.0000  0.44259 
870.0000  0.41600 
871.0000  0.38974 
872.0000  0.36395 
873.0000  0.33872 
874.0000  0.31417 
875.0000  0.29041 
876.0000  0.26753 
877.0000  0.24564 
878.0000  0.22485 
879.0000  0.20527 
880.0000  0.18700 
881.0000  0.17011 
882.0000  0.15457 
883.0000  0.14028 
884.0000  0.12717 
885.0000  0.11517 
886.0000  0.10420 
887.0000  0.09417 
888.0000  0.08501 
889.0000  0.07665 
890.0000  0.06900 
891.0000  0.06199 
892.0000  0.05559 
893.0000  0.04976 
894.0000  0.04446 
895.0000  0.03966 
896.0000  0.03533 
897.0000  0.03143 
898.0000  0.02793 
899.0000  0.02480 
900.0000  0.02200 
901.0000  0.01950 
902.0000  0.01728 
903.0000  0.01531 
904.0000  0.01358 
905.0000  0.01207 
906.0000  0.01075 
907.0000  0.00960 
908.0000  0.00861 
909.0000  0.00775 
910.0000  0.00700 
911.0000  0.00634 
912.0000  0.00577 
913.0000  0.00526 
914.0000  0.00482 
915.0000  0.00443 
916.0000  0.00409 
917.0000  0.00379 
918.0000  0.00351 
919.0000  0.00325 
920.0000  0.00300 
