141    spot2-Band1
480.0000  0.03800 
481.0000  0.06405 
482.0000  0.09016 
483.0000  0.11642 
484.0000  0.14289 
485.0000  0.16963 
486.0000  0.19673 
487.0000  0.22424 
488.0000  0.25225 
489.0000  0.28081 
490.0000  0.31000 
491.0000  0.33983 
492.0000  0.37009 
493.0000  0.40049 
494.0000  0.43075 
495.0000  0.46061 
496.0000  0.48977 
497.0000  0.51797 
498.0000  0.54493 
499.0000  0.57036 
500.0000  0.59400 
501.0000  0.61565 
502.0000  0.63545 
503.0000  0.65366 
504.0000  0.67049 
505.0000  0.68620 
506.0000  0.70101 
507.0000  0.71515 
508.0000  0.72888 
509.0000  0.74242 
510.0000  0.75600 
511.0000  0.76981 
512.0000  0.78377 
513.0000  0.79775 
514.0000  0.81161 
515.0000  0.82523 
516.0000  0.83847 
517.0000  0.85120 
518.0000  0.86329 
519.0000  0.87460 
520.0000  0.88500 
521.0000  0.89441 
522.0000  0.90297 
523.0000  0.91084 
524.0000  0.91821 
525.0000  0.92526 
526.0000  0.93217 
527.0000  0.93912 
528.0000  0.94629 
529.0000  0.95385 
530.0000  0.96200 
531.0000  0.97079 
532.0000  0.97983 
533.0000  0.98861 
534.0000  0.99662 
535.0000  1.00335 
536.0000  1.00830 
537.0000  1.01094 
538.0000  1.01078 
539.0000  1.00730 
540.0000  1.00000 
541.0000  0.98855 
542.0000  0.97337 
543.0000  0.95507 
544.0000  0.93427 
545.0000  0.91157 
546.0000  0.88759 
547.0000  0.86293 
548.0000  0.83821 
549.0000  0.81403 
550.0000  0.79100 
551.0000  0.76962 
552.0000  0.74992 
553.0000  0.73180 
554.0000  0.71519 
555.0000  0.69998 
556.0000  0.68609 
557.0000  0.67344 
558.0000  0.66194 
559.0000  0.65148 
560.0000  0.64200 
561.0000  0.63339 
562.0000  0.62557 
563.0000  0.61842 
564.0000  0.61185 
565.0000  0.60576 
566.0000  0.60005 
567.0000  0.59462 
568.0000  0.58937 
569.0000  0.58419 
570.0000  0.57900 
571.0000  0.57365 
572.0000  0.56783 
573.0000  0.56119 
574.0000  0.55340 
575.0000  0.54411 
576.0000  0.53297 
577.0000  0.51963 
578.0000  0.50376 
579.0000  0.48499 
580.0000  0.46300 
581.0000  0.43760 
582.0000  0.40933 
583.0000  0.37889 
584.0000  0.34698 
585.0000  0.31430 
586.0000  0.28156 
587.0000  0.24945 
588.0000  0.21869 
589.0000  0.18997 
590.0000  0.16400 
591.0000  0.14131 
592.0000  0.12176 
593.0000  0.10506 
594.0000  0.09088 
595.0000  0.07894 
596.0000  0.06892 
597.0000  0.06052 
598.0000  0.05344 
599.0000  0.04737 
600.0000  0.04200 
601.0000  0.03708 
602.0000  0.03255 
603.0000  0.02840 
604.0000  0.02461 
605.0000  0.02119 
606.0000  0.01810 
607.0000  0.01535 
608.0000  0.01293 
609.0000  0.01081 
610.0000  0.00900 
611.0000  0.00747 
612.0000  0.00621 
613.0000  0.00517 
614.0000  0.00434 
615.0000  0.00369 
616.0000  0.00318 
617.0000  0.00278 
618.0000  0.00247 
619.0000  0.00222 
620.0000  0.00200 
