151    spot4-PAN
600.0000  0.01300 
601.0000  0.02469 
602.0000  0.03730 
603.0000  0.05177 
604.0000  0.06903 
605.0000  0.09000 
606.0000  0.11533 
607.0000  0.14449 
608.0000  0.17669 
609.0000  0.21113 
610.0000  0.24700 
611.0000  0.28358 
612.0000  0.32048 
613.0000  0.35739 
614.0000  0.39400 
615.0000  0.43000 
616.0000  0.46513 
617.0000  0.49931 
618.0000  0.53253 
619.0000  0.56477 
620.0000  0.59600 
621.0000  0.62616 
622.0000  0.65501 
623.0000  0.68229 
624.0000  0.70771 
625.0000  0.73100 
626.0000  0.75196 
627.0000  0.77073 
628.0000  0.78752 
629.0000  0.80254 
630.0000  0.81600 
631.0000  0.82811 
632.0000  0.83907 
633.0000  0.84907 
634.0000  0.85832 
635.0000  0.86700 
636.0000  0.87527 
637.0000  0.88314 
638.0000  0.89058 
639.0000  0.89754 
640.0000  0.90400 
641.0000  0.90994 
642.0000  0.91543 
643.0000  0.92054 
644.0000  0.92537 
645.0000  0.93000 
646.0000  0.93450 
647.0000  0.93891 
648.0000  0.94328 
649.0000  0.94763 
650.0000  0.95200 
651.0000  0.95641 
652.0000  0.96085 
653.0000  0.96528 
654.0000  0.96967 
655.0000  0.97400 
656.0000  0.97823 
657.0000  0.98236 
658.0000  0.98637 
659.0000  0.99025 
660.0000  0.99400 
661.0000  0.99752 
662.0000  1.00039 
663.0000  1.00210 
664.0000  1.00214 
665.0000  1.00000 
666.0000  0.99532 
667.0000  0.98831 
668.0000  0.97935 
669.0000  0.96879 
670.0000  0.95700 
671.0000  0.94423 
672.0000  0.93028 
673.0000  0.91480 
674.0000  0.89749 
675.0000  0.87800 
676.0000  0.85610 
677.0000  0.83182 
678.0000  0.80530 
679.0000  0.77665 
680.0000  0.74600 
681.0000  0.71361 
682.0000  0.68028 
683.0000  0.64694 
684.0000  0.61454 
685.0000  0.58400 
686.0000  0.55591 
687.0000  0.52945 
688.0000  0.50343 
689.0000  0.47667 
690.0000  0.44800 
691.0000  0.41694 
692.0000  0.38585 
693.0000  0.35778 
694.0000  0.33581 
695.0000  0.32300 
696.0000  0.32099 
697.0000  0.32574 
698.0000  0.33180 
699.0000  0.33370 
700.0000  0.32600 
701.0000  0.30500 
702.0000  0.27406 
703.0000  0.23833 
704.0000  0.20293 
705.0000  0.17300 
706.0000  0.15240 
707.0000  0.13989 
708.0000  0.13299 
709.0000  0.12919 
710.0000  0.12600 
711.0000  0.12142 
712.0000  0.11549 
713.0000  0.10875 
714.0000  0.10174 
715.0000  0.09500 
716.0000  0.08896 
717.0000  0.08359 
718.0000  0.07874 
719.0000  0.07426 
720.0000  0.07000 
721.0000  0.06585 
722.0000  0.06183 
723.0000  0.05799 
724.0000  0.05436 
725.0000  0.05100 
726.0000  0.04794 
727.0000  0.04515 
728.0000  0.04260 
729.0000  0.04023 
730.0000  0.03800 
731.0000  0.03588 
732.0000  0.03384 
733.0000  0.03186 
734.0000  0.02992 
735.0000  0.02800 
736.0000  0.02609 
737.0000  0.02420 
738.0000  0.02237 
739.0000  0.02063 
740.0000  0.01900 
741.0000  0.01751 
742.0000  0.01617 
743.0000  0.01497 
744.0000  0.01391 
745.0000  0.01300 
746.0000  0.01223 
747.0000  0.01157 
748.0000  0.01100 
749.0000  0.01048 
750.0000  0.01000 
