211    spot4-Band3
740.0000  0.00700 
741.0000  0.00820 
742.0000  0.00955 
743.0000  0.01120 
744.0000  0.01330 
745.0000  0.01600 
746.0000  0.01941 
747.0000  0.02349 
748.0000  0.02817 
749.0000  0.03336 
750.0000  0.03900 
751.0000  0.04506 
752.0000  0.05173 
753.0000  0.05928 
754.0000  0.06795 
755.0000  0.07800 
756.0000  0.08961 
757.0000  0.10269 
758.0000  0.11706 
759.0000  0.13256 
760.0000  0.14900 
761.0000  0.16630 
762.0000  0.18467 
763.0000  0.20438 
764.0000  0.22573 
765.0000  0.24900 
766.0000  0.27433 
767.0000  0.30133 
768.0000  0.32947 
769.0000  0.35820 
770.0000  0.38700 
771.0000  0.41545 
772.0000  0.44360 
773.0000  0.47163 
774.0000  0.49971 
775.0000  0.52800 
776.0000  0.55659 
777.0000  0.58524 
778.0000  0.61358 
779.0000  0.64128 
780.0000  0.66800 
781.0000  0.69343 
782.0000  0.71738 
783.0000  0.73973 
784.0000  0.76031 
785.0000  0.77900 
786.0000  0.79578 
787.0000  0.81120 
788.0000  0.82592 
789.0000  0.84063 
790.0000  0.85600 
791.0000  0.87236 
792.0000  0.88865 
793.0000  0.90346 
794.0000  0.91538 
795.0000  0.92300 
796.0000  0.92557 
797.0000  0.92500 
798.0000  0.92384 
799.0000  0.92465 
800.0000  0.93000 
801.0000  0.94141 
802.0000  0.95626 
803.0000  0.97091 
804.0000  0.98171 
805.0000  0.98500 
806.0000  0.97855 
807.0000  0.96573 
808.0000  0.95134 
809.0000  0.94017 
810.0000  0.93700 
811.0000  0.94495 
812.0000  0.96046 
813.0000  0.97830 
814.0000  0.99322 
815.0000  1.00000 
816.0000  0.99510 
817.0000  0.98178 
818.0000  0.96501 
819.0000  0.94976 
820.0000  0.94100 
821.0000  0.94223 
822.0000  0.95113 
823.0000  0.96392 
824.0000  0.97680 
825.0000  0.98600 
826.0000  0.98869 
827.0000  0.98593 
828.0000  0.97972 
829.0000  0.97207 
830.0000  0.96500 
831.0000  0.96009 
832.0000  0.95720 
833.0000  0.95576 
834.0000  0.95522 
835.0000  0.95500 
836.0000  0.95473 
837.0000  0.95481 
838.0000  0.95583 
839.0000  0.95836 
840.0000  0.96300 
841.0000  0.96992 
842.0000  0.97766 
843.0000  0.98434 
844.0000  0.98808 
845.0000  0.98700 
846.0000  0.97996 
847.0000  0.96873 
848.0000  0.95582 
849.0000  0.94374 
850.0000  0.93500 
851.0000  0.93135 
852.0000  0.93153 
853.0000  0.93354 
854.0000  0.93536 
855.0000  0.93500 
856.0000  0.93096 
857.0000  0.92389 
858.0000  0.91493 
859.0000  0.90525 
860.0000  0.89600 
861.0000  0.88816 
862.0000  0.88198 
863.0000  0.87752 
864.0000  0.87484 
865.0000  0.87400 
866.0000  0.87482 
867.0000  0.87615 
868.0000  0.87656 
869.0000  0.87464 
870.0000  0.86900 
871.0000  0.85875 
872.0000  0.84514 
873.0000  0.82995 
874.0000  0.81498 
875.0000  0.80200 
876.0000  0.79228 
877.0000  0.78503 
878.0000  0.77894 
879.0000  0.77270 
880.0000  0.76500 
881.0000  0.75476 
882.0000  0.74185 
883.0000  0.72635 
884.0000  0.70837 
885.0000  0.68800 
886.0000  0.66547 
887.0000  0.64152 
888.0000  0.61704 
889.0000  0.59290 
890.0000  0.57000 
891.0000  0.54896 
892.0000  0.52944 
893.0000  0.51084 
894.0000  0.49255 
895.0000  0.47400 
896.0000  0.45472 
897.0000  0.43482 
898.0000  0.41456 
899.0000  0.39421 
900.0000  0.37400 
901.0000  0.35418 
902.0000  0.33486 
903.0000  0.31616 
904.0000  0.29817 
905.0000  0.28100 
906.0000  0.26472 
907.0000  0.24932 
908.0000  0.23476 
909.0000  0.22100 
910.0000  0.20800 
911.0000  0.19572 
912.0000  0.18412 
913.0000  0.17316 
914.0000  0.16280 
915.0000  0.15300 
916.0000  0.14371 
917.0000  0.13491 
918.0000  0.12654 
919.0000  0.11859 
920.0000  0.11100 
921.0000  0.10375 
922.0000  0.09684 
923.0000  0.09024 
924.0000  0.08397 
925.0000  0.07800 
926.0000  0.07235 
927.0000  0.06707 
928.0000  0.06221 
929.0000  0.05783 
930.0000  0.05400 
931.0000  0.05074 
932.0000  0.04794 
933.0000  0.04548 
934.0000  0.04321 
935.0000  0.04100 
936.0000  0.03875 
937.0000  0.03647 
938.0000  0.03422 
939.0000  0.03204 
940.0000  0.03000 
941.0000  0.02812 
942.0000  0.02634 
943.0000  0.02461 
944.0000  0.02285 
945.0000  0.02100 
946.0000  0.01900 
947.0000  0.01686 
948.0000  0.01463 
949.0000  0.01233 
950.0000  0.01000 
