301    spot4-Band4
1510.0000  0.00300 
1511.0000  0.00338 
1512.0000  0.00376 
1513.0000  0.00415 
1514.0000  0.00457 
1515.0000  0.00500 
1516.0000  0.00546 
1517.0000  0.00591 
1518.0000  0.00634 
1519.0000  0.00671 
1520.0000  0.00700 
1521.0000  0.00719 
1522.0000  0.00732 
1523.0000  0.00746 
1524.0000  0.00766 
1525.0000  0.00800 
1526.0000  0.00850 
1527.0000  0.00913 
1528.0000  0.00980 
1529.0000  0.01045 
1530.0000  0.01100 
1531.0000  0.01141 
1532.0000  0.01174 
1533.0000  0.01206 
1534.0000  0.01245 
1535.0000  0.01300 
1536.0000  0.01376 
1537.0000  0.01469 
1538.0000  0.01574 
1539.0000  0.01686 
1540.0000  0.01800 
1541.0000  0.01911 
1542.0000  0.02022 
1543.0000  0.02138 
1544.0000  0.02262 
1545.0000  0.02400 
1546.0000  0.02555 
1547.0000  0.02736 
1548.0000  0.02948 
1549.0000  0.03201 
1550.0000  0.03500 
1551.0000  0.03850 
1552.0000  0.04241 
1553.0000  0.04655 
1554.0000  0.05080 
1555.0000  0.05500 
1556.0000  0.05908 
1557.0000  0.06329 
1558.0000  0.06796 
1559.0000  0.07342 
1560.0000  0.08000 
1561.0000  0.08788 
1562.0000  0.09662 
1563.0000  0.10561 
1564.0000  0.11427 
1565.0000  0.12200 
1566.0000  0.12849 
1567.0000  0.13459 
1568.0000  0.14145 
1569.0000  0.15021 
1570.0000  0.16200 
1571.0000  0.17752 
1572.0000  0.19565 
1573.0000  0.21482 
1574.0000  0.23346 
1575.0000  0.25000 
1576.0000  0.26350 
1577.0000  0.27553 
1578.0000  0.28832 
1579.0000  0.30407 
1580.0000  0.32500 
1581.0000  0.35257 
1582.0000  0.38529 
1583.0000  0.42093 
1584.0000  0.45724 
1585.0000  0.49200 
1586.0000  0.52359 
1587.0000  0.55294 
1588.0000  0.58160 
1589.0000  0.61110 
1590.0000  0.64300 
1591.0000  0.67827 
1592.0000  0.71560 
1593.0000  0.75309 
1594.0000  0.78886 
1595.0000  0.82100 
1596.0000  0.84815 
1597.0000  0.87101 
1598.0000  0.89079 
1599.0000  0.90872 
1600.0000  0.92600 
1601.0000  0.94350 
1602.0000  0.96061 
1603.0000  0.97637 
1604.0000  0.98982 
1605.0000  1.00000 
1606.0000  1.00617 
1607.0000  1.00853 
1608.0000  1.00751 
1609.0000  1.00352 
1610.0000  0.99700 
1611.0000  0.98838 
1612.0000  0.97811 
1613.0000  0.96665 
1614.0000  0.95446 
1615.0000  0.94200 
1616.0000  0.92966 
1617.0000  0.91749 
1618.0000  0.90550 
1619.0000  0.89367 
1620.0000  0.88200 
1621.0000  0.87051 
1622.0000  0.85942 
1623.0000  0.84897 
1624.0000  0.83941 
1625.0000  0.83100 
1626.0000  0.82391 
1627.0000  0.81804 
1628.0000  0.81321 
1629.0000  0.80925 
1630.0000  0.80600 
1631.0000  0.80332 
1632.0000  0.80127 
1633.0000  0.79996 
1634.0000  0.79950 
1635.0000  0.80000 
1636.0000  0.80148 
1637.0000  0.80367 
1638.0000  0.80622 
1639.0000  0.80878 
1640.0000  0.81100 
1641.0000  0.81264 
1642.0000  0.81392 
1643.0000  0.81519 
1644.0000  0.81677 
1645.0000  0.81900 
1646.0000  0.82208 
1647.0000  0.82564 
1648.0000  0.82916 
1649.0000  0.83211 
1650.0000  0.83400 
1651.0000  0.83443 
1652.0000  0.83356 
1653.0000  0.83167 
1654.0000  0.82906 
1655.0000  0.82600 
1656.0000  0.82272 
1657.0000  0.81913 
1658.0000  0.81508 
1659.0000  0.81042 
1660.0000  0.80500 
1661.0000  0.79871 
1662.0000  0.79169 
1663.0000  0.78411 
1664.0000  0.77615 
1665.0000  0.76800 
1666.0000  0.75977 
1667.0000  0.75135 
1668.0000  0.74253 
1669.0000  0.73315 
1670.0000  0.72300 
1671.0000  0.71203 
1672.0000  0.70062 
1673.0000  0.68930 
1674.0000  0.67859 
1675.0000  0.66900 
1676.0000  0.66086 
1677.0000  0.65378 
1678.0000  0.64716 
1679.0000  0.64043 
1680.0000  0.63300 
1681.0000  0.62441 
1682.0000  0.61473 
1683.0000  0.60414 
1684.0000  0.59284 
1685.0000  0.58100 
1686.0000  0.56873 
1687.0000  0.55576 
1688.0000  0.54172 
1689.0000  0.52625 
1690.0000  0.50900 
1691.0000  0.48981 
1692.0000  0.46939 
1693.0000  0.44867 
1694.0000  0.42856 
1695.0000  0.41000 
1696.0000  0.39366 
1697.0000  0.37929 
1698.0000  0.36639 
1699.0000  0.35446 
1700.0000  0.34300 
1701.0000  0.33157 
1702.0000  0.31993 
1703.0000  0.30791 
1704.0000  0.29532 
1705.0000  0.28200 
1706.0000  0.26785 
1707.0000  0.25312 
1708.0000  0.23818 
1709.0000  0.22335 
1710.0000  0.20900 
1711.0000  0.19543 
1712.0000  0.18281 
1713.0000  0.17128 
1714.0000  0.16096 
1715.0000  0.15200 
1716.0000  0.14444 
1717.0000  0.13802 
1718.0000  0.13237 
1719.0000  0.12715 
1720.0000  0.12200 
1721.0000  0.11665 
1722.0000  0.11115 
1723.0000  0.10562 
1724.0000  0.10020 
1725.0000  0.09500 
1726.0000  0.09013 
1727.0000  0.08555 
1728.0000  0.08121 
1729.0000  0.07705 
1730.0000  0.07300 
1731.0000  0.06904 
1732.0000  0.06525 
1733.0000  0.06174 
1734.0000  0.05862 
1735.0000  0.05600 
1736.0000  0.05395 
1737.0000  0.05231 
1738.0000  0.05091 
1739.0000  0.04954 
1740.0000  0.04800 
1741.0000  0.04616 
1742.0000  0.04411 
1743.0000  0.04197 
1744.0000  0.03989 
1745.0000  0.03800 
1746.0000  0.03640 
1747.0000  0.03507 
1748.0000  0.03394 
1749.0000  0.03294 
1750.0000  0.03200 
1751.0000  0.03107 
1752.0000  0.03013 
1753.0000  0.02915 
1754.0000  0.02811 
1755.0000  0.02700 
1756.0000  0.02580 
1757.0000  0.02456 
1758.0000  0.02331 
1759.0000  0.02211 
1760.0000  0.02100 
1761.0000  0.02001 
1762.0000  0.01914 
1763.0000  0.01836 
1764.0000  0.01765 
1765.0000  0.01700 
1766.0000  0.01638 
1767.0000  0.01578 
1768.0000  0.01519 
1769.0000  0.01460 
1770.0000  0.01400 
1771.0000  0.01338 
1772.0000  0.01276 
1773.0000  0.01214 
1774.0000  0.01155 
1775.0000  0.01100 
1776.0000  0.01050 
1777.0000  0.01005 
1778.0000  0.00965 
1779.0000  0.00930 
1780.0000  0.00900 
1781.0000  0.00875 
1782.0000  0.00853 
1783.0000  0.00834 
1784.0000  0.00817 
1785.0000  0.00800 
1786.0000  0.00782 
1787.0000  0.00764 
1788.0000  0.00744 
1789.0000  0.00723 
1790.0000  0.00700 
1791.0000  0.00675 
1792.0000  0.00651 
1793.0000  0.00629 
1794.0000  0.00611 
1795.0000  0.00600 
1796.0000  0.00597 
1797.0000  0.00598 
1798.0000  0.00602 
1799.0000  0.00604 
1800.0000  0.00600 
1801.0000  0.00589 
1802.0000  0.00571 
1803.0000  0.00549 
1804.0000  0.00524 
1805.0000  0.00500 
1806.0000  0.00477 
1807.0000  0.00457 
1808.0000  0.00437 
1809.0000  0.00418 
1810.0000  0.00400 
