171    spot4-Band1
480.0000  0.00900 
481.0000  0.01385 
482.0000  0.01949 
483.0000  0.02670 
484.0000  0.03627 
485.0000  0.04900 
486.0000  0.06545 
487.0000  0.08530 
488.0000  0.10803 
489.0000  0.13311 
490.0000  0.16000 
491.0000  0.18823 
492.0000  0.21749 
493.0000  0.24754 
494.0000  0.27812 
495.0000  0.30900 
496.0000  0.33993 
497.0000  0.37075 
498.0000  0.40130 
499.0000  0.43143 
500.0000  0.46100 
501.0000  0.48987 
502.0000  0.51801 
503.0000  0.54542 
504.0000  0.57208 
505.0000  0.59800 
506.0000  0.62318 
507.0000  0.64769 
508.0000  0.67161 
509.0000  0.69502 
510.0000  0.71800 
511.0000  0.74060 
512.0000  0.76267 
513.0000  0.78405 
514.0000  0.80455 
515.0000  0.82400 
516.0000  0.84226 
517.0000  0.85939 
518.0000  0.87549 
519.0000  0.89066 
520.0000  0.90500 
521.0000  0.91855 
522.0000  0.93116 
523.0000  0.94258 
524.0000  0.95260 
525.0000  0.96100 
526.0000  0.96765 
527.0000  0.97287 
528.0000  0.97706 
529.0000  0.98063 
530.0000  0.98400 
531.0000  0.98747 
532.0000  0.99092 
533.0000  0.99414 
534.0000  0.99691 
535.0000  0.99900 
536.0000  1.00027 
537.0000  1.00082 
538.0000  1.00084 
539.0000  1.00051 
540.0000  1.00000 
541.0000  0.99948 
542.0000  0.99899 
543.0000  0.99856 
544.0000  0.99822 
545.0000  0.99800 
546.0000  0.99788 
547.0000  0.99772 
548.0000  0.99731 
549.0000  0.99647 
550.0000  0.99500 
551.0000  0.99278 
552.0000  0.99001 
553.0000  0.98695 
554.0000  0.98386 
555.0000  0.98100 
556.0000  0.97856 
557.0000  0.97638 
558.0000  0.97422 
559.0000  0.97184 
560.0000  0.96900 
561.0000  0.96553 
562.0000  0.96152 
563.0000  0.95715 
564.0000  0.95259 
565.0000  0.94800 
566.0000  0.94353 
567.0000  0.93919 
568.0000  0.93499 
569.0000  0.93093 
570.0000  0.92700 
571.0000  0.92319 
572.0000  0.91944 
573.0000  0.91570 
574.0000  0.91191 
575.0000  0.90800 
576.0000  0.90396 
577.0000  0.89994 
578.0000  0.89614 
579.0000  0.89276 
580.0000  0.89000 
581.0000  0.88796 
582.0000  0.88639 
583.0000  0.88493 
584.0000  0.88325 
585.0000  0.88100 
586.0000  0.87787 
587.0000  0.87377 
588.0000  0.86862 
589.0000  0.86239 
590.0000  0.85500 
591.0000  0.84640 
592.0000  0.83650 
593.0000  0.82519 
594.0000  0.81239 
595.0000  0.79800 
596.0000  0.78195 
597.0000  0.76426 
598.0000  0.74500 
599.0000  0.72423 
600.0000  0.70200 
601.0000  0.67843 
602.0000  0.65391 
603.0000  0.62886 
604.0000  0.60375 
605.0000  0.57900 
606.0000  0.55497 
607.0000  0.53160 
608.0000  0.50875 
609.0000  0.48626 
610.0000  0.46400 
611.0000  0.44181 
612.0000  0.41950 
613.0000  0.39688 
614.0000  0.37378 
615.0000  0.35000 
616.0000  0.32546 
617.0000  0.30052 
618.0000  0.27565 
619.0000  0.25132 
620.0000  0.22800 
621.0000  0.20609 
622.0000  0.18574 
623.0000  0.16705 
624.0000  0.15011 
625.0000  0.13500 
626.0000  0.12175 
627.0000  0.11013 
628.0000  0.09983 
629.0000  0.09056 
630.0000  0.08200 
631.0000  0.07392 
632.0000  0.06632 
633.0000  0.05926 
634.0000  0.05280 
635.0000  0.04700 
636.0000  0.04189 
637.0000  0.03742 
638.0000  0.03351 
639.0000  0.03006 
640.0000  0.02700 
641.0000  0.02426 
642.0000  0.02180 
643.0000  0.01962 
644.0000  0.01769 
645.0000  0.01600 
646.0000  0.01453 
647.0000  0.01324 
648.0000  0.01209 
649.0000  0.01102 
650.0000  0.01000 
