191    spot1-Band3
740.0000  0.00200 
741.0000  0.00219 
742.0000  0.00239 
743.0000  0.00261 
744.0000  0.00288 
745.0000  0.00320 
746.0000  0.00358 
747.0000  0.00403 
748.0000  0.00458 
749.0000  0.00523 
750.0000  0.00600 
751.0000  0.00690 
752.0000  0.00794 
753.0000  0.00915 
754.0000  0.01055 
755.0000  0.01216 
756.0000  0.01400 
757.0000  0.01608 
758.0000  0.01843 
759.0000  0.02106 
760.0000  0.02400 
761.0000  0.02727 
762.0000  0.03092 
763.0000  0.03500 
764.0000  0.03956 
765.0000  0.04466 
766.0000  0.05034 
767.0000  0.05667 
768.0000  0.06368 
769.0000  0.07144 
770.0000  0.08000 
771.0000  0.08940 
772.0000  0.09968 
773.0000  0.11084 
774.0000  0.12293 
775.0000  0.13596 
776.0000  0.14995 
777.0000  0.16492 
778.0000  0.18091 
779.0000  0.19793 
780.0000  0.21600 
781.0000  0.23513 
782.0000  0.25525 
783.0000  0.27627 
784.0000  0.29809 
785.0000  0.32064 
786.0000  0.34381 
787.0000  0.36752 
788.0000  0.39168 
789.0000  0.41621 
790.0000  0.44100 
791.0000  0.46597 
792.0000  0.49104 
793.0000  0.51610 
794.0000  0.54108 
795.0000  0.56587 
796.0000  0.59040 
797.0000  0.61457 
798.0000  0.63828 
799.0000  0.66146 
800.0000  0.68400 
801.0000  0.70584 
802.0000  0.72693 
803.0000  0.74728 
804.0000  0.76684 
805.0000  0.78562 
806.0000  0.80358 
807.0000  0.82072 
808.0000  0.83702 
809.0000  0.85245 
810.0000  0.86700 
811.0000  0.88066 
812.0000  0.89344 
813.0000  0.90538 
814.0000  0.91648 
815.0000  0.92678 
816.0000  0.93629 
817.0000  0.94505 
818.0000  0.95307 
819.0000  0.96038 
820.0000  0.96700 
821.0000  0.97295 
822.0000  0.97826 
823.0000  0.98294 
824.0000  0.98703 
825.0000  0.99052 
826.0000  0.99346 
827.0000  0.99585 
828.0000  0.99773 
829.0000  0.99910 
830.0000  1.00000 
831.0000  1.00044 
832.0000  1.00044 
833.0000  1.00002 
834.0000  0.99920 
835.0000  0.99801 
836.0000  0.99645 
837.0000  0.99455 
838.0000  0.99233 
839.0000  0.98981 
840.0000  0.98700 
841.0000  0.98394 
842.0000  0.98068 
843.0000  0.97730 
844.0000  0.97387 
845.0000  0.97045 
846.0000  0.96711 
847.0000  0.96393 
848.0000  0.96097 
849.0000  0.95830 
850.0000  0.95600 
851.0000  0.95409 
852.0000  0.95247 
853.0000  0.95098 
854.0000  0.94948 
855.0000  0.94782 
856.0000  0.94586 
857.0000  0.94344 
858.0000  0.94042 
859.0000  0.93666 
860.0000  0.93200 
861.0000  0.92632 
862.0000  0.91956 
863.0000  0.91170 
864.0000  0.90269 
865.0000  0.89252 
866.0000  0.88115 
867.0000  0.86854 
868.0000  0.85467 
869.0000  0.83950 
870.0000  0.82300 
871.0000  0.80516 
872.0000  0.78604 
873.0000  0.76573 
874.0000  0.74430 
875.0000  0.72185 
876.0000  0.69844 
877.0000  0.67417 
878.0000  0.64912 
879.0000  0.62337 
880.0000  0.59700 
881.0000  0.57011 
882.0000  0.54285 
883.0000  0.51538 
884.0000  0.48786 
885.0000  0.46047 
886.0000  0.43335 
887.0000  0.40669 
888.0000  0.38063 
889.0000  0.35535 
890.0000  0.33100 
891.0000  0.30773 
892.0000  0.28555 
893.0000  0.26446 
894.0000  0.24446 
895.0000  0.22553 
896.0000  0.20769 
897.0000  0.19092 
898.0000  0.17522 
899.0000  0.16058 
900.0000  0.14700 
901.0000  0.13446 
902.0000  0.12292 
903.0000  0.11231 
904.0000  0.10257 
905.0000  0.09364 
906.0000  0.08546 
907.0000  0.07797 
908.0000  0.07110 
909.0000  0.06480 
910.0000  0.05900 
911.0000  0.05365 
912.0000  0.04872 
913.0000  0.04420 
914.0000  0.04005 
915.0000  0.03627 
916.0000  0.03282 
917.0000  0.02969 
918.0000  0.02686 
919.0000  0.02430 
920.0000  0.02200 
921.0000  0.01993 
922.0000  0.01808 
923.0000  0.01641 
924.0000  0.01490 
925.0000  0.01354 
926.0000  0.01229 
927.0000  0.01113 
928.0000  0.01005 
929.0000  0.00901 
930.0000  0.00800 
