321    spot1-PAN
470.0000  0.00100 
471.0000  0.00072 
472.0000  0.00046 
473.0000  0.00025 
474.0000  0.00011 
475.0000  0.00006 
476.0000  0.00012 
477.0000  0.00033 
478.0000  0.00069 
479.0000  0.00124 
480.0000  0.00200 
481.0000  0.00301 
482.0000  0.00442 
483.0000  0.00637 
484.0000  0.00904 
485.0000  0.01258 
486.0000  0.01715 
487.0000  0.02292 
488.0000  0.03005 
489.0000  0.03869 
490.0000  0.04900 
491.0000  0.06108 
492.0000  0.07476 
493.0000  0.08978 
494.0000  0.10590 
495.0000  0.12287 
496.0000  0.14046 
497.0000  0.15841 
498.0000  0.17648 
499.0000  0.19443 
500.0000  0.21200 
501.0000  0.22900 
502.0000  0.24536 
503.0000  0.26106 
504.0000  0.27609 
505.0000  0.29043 
506.0000  0.30405 
507.0000  0.31694 
508.0000  0.32907 
509.0000  0.34043 
510.0000  0.35100 
511.0000  0.36078 
512.0000  0.36991 
513.0000  0.37852 
514.0000  0.38676 
515.0000  0.39480 
516.0000  0.40277 
517.0000  0.41082 
518.0000  0.41911 
519.0000  0.42779 
520.0000  0.43700 
521.0000  0.44686 
522.0000  0.45730 
523.0000  0.46825 
524.0000  0.47960 
525.0000  0.49126 
526.0000  0.50314 
527.0000  0.51515 
528.0000  0.52719 
529.0000  0.53917 
530.0000  0.55100 
531.0000  0.56258 
532.0000  0.57385 
533.0000  0.58473 
534.0000  0.59515 
535.0000  0.60503 
536.0000  0.61432 
537.0000  0.62293 
538.0000  0.63079 
539.0000  0.63784 
540.0000  0.64400 
541.0000  0.64923 
542.0000  0.65361 
543.0000  0.65722 
544.0000  0.66019 
545.0000  0.66261 
546.0000  0.66458 
547.0000  0.66620 
548.0000  0.66757 
549.0000  0.66881 
550.0000  0.67000 
551.0000  0.67124 
552.0000  0.67258 
553.0000  0.67406 
554.0000  0.67570 
555.0000  0.67754 
556.0000  0.67961 
557.0000  0.68197 
558.0000  0.68462 
559.0000  0.68762 
560.0000  0.69100 
561.0000  0.69478 
562.0000  0.69892 
563.0000  0.70339 
564.0000  0.70814 
565.0000  0.71312 
566.0000  0.71829 
567.0000  0.72361 
568.0000  0.72903 
569.0000  0.73451 
570.0000  0.74000 
571.0000  0.74546 
572.0000  0.75089 
573.0000  0.75627 
574.0000  0.76159 
575.0000  0.76686 
576.0000  0.77205 
577.0000  0.77717 
578.0000  0.78221 
579.0000  0.78715 
580.0000  0.79200 
581.0000  0.79674 
582.0000  0.80138 
583.0000  0.80592 
584.0000  0.81036 
585.0000  0.81470 
586.0000  0.81894 
587.0000  0.82309 
588.0000  0.82715 
589.0000  0.83112 
590.0000  0.83500 
591.0000  0.83879 
592.0000  0.84247 
593.0000  0.84604 
594.0000  0.84946 
595.0000  0.85272 
596.0000  0.85580 
597.0000  0.85869 
598.0000  0.86136 
599.0000  0.86381 
600.0000  0.86600 
601.0000  0.86793 
602.0000  0.86963 
603.0000  0.87113 
604.0000  0.87247 
605.0000  0.87368 
606.0000  0.87479 
607.0000  0.87585 
608.0000  0.87688 
609.0000  0.87792 
610.0000  0.87900 
611.0000  0.88016 
612.0000  0.88140 
613.0000  0.88273 
614.0000  0.88416 
615.0000  0.88569 
616.0000  0.88732 
617.0000  0.88906 
618.0000  0.89092 
619.0000  0.89290 
620.0000  0.89500 
621.0000  0.89723 
622.0000  0.89961 
623.0000  0.90213 
624.0000  0.90482 
625.0000  0.90769 
626.0000  0.91074 
627.0000  0.91398 
628.0000  0.91743 
629.0000  0.92110 
630.0000  0.92500 
631.0000  0.92913 
632.0000  0.93346 
633.0000  0.93796 
634.0000  0.94259 
635.0000  0.94731 
636.0000  0.95208 
637.0000  0.95688 
638.0000  0.96165 
639.0000  0.96637 
640.0000  0.97100 
641.0000  0.97549 
642.0000  0.97980 
643.0000  0.98385 
644.0000  0.98759 
645.0000  0.99095 
646.0000  0.99388 
647.0000  0.99631 
648.0000  0.99818 
649.0000  0.99943 
650.0000  1.00000 
651.0000  0.99984 
652.0000  0.99899 
653.0000  0.99747 
654.0000  0.99534 
655.0000  0.99264 
656.0000  0.98940 
657.0000  0.98568 
658.0000  0.98151 
659.0000  0.97694 
660.0000  0.97200 
661.0000  0.96674 
662.0000  0.96114 
663.0000  0.95520 
664.0000  0.94891 
665.0000  0.94225 
666.0000  0.93521 
667.0000  0.92778 
668.0000  0.91994 
669.0000  0.91168 
670.0000  0.90300 
671.0000  0.89390 
672.0000  0.88447 
673.0000  0.87485 
674.0000  0.86515 
675.0000  0.85549 
676.0000  0.84599 
677.0000  0.83677 
678.0000  0.82795 
679.0000  0.81965 
680.0000  0.81200 
681.0000  0.80506 
682.0000  0.79866 
683.0000  0.79261 
684.0000  0.78669 
685.0000  0.78068 
686.0000  0.77438 
687.0000  0.76757 
688.0000  0.76005 
689.0000  0.75159 
690.0000  0.74200 
691.0000  0.73112 
692.0000  0.71904 
693.0000  0.70594 
694.0000  0.69197 
695.0000  0.67730 
696.0000  0.66208 
697.0000  0.64648 
698.0000  0.63066 
699.0000  0.61478 
700.0000  0.59900 
701.0000  0.58344 
702.0000  0.56804 
703.0000  0.55270 
704.0000  0.53731 
705.0000  0.52176 
706.0000  0.50595 
707.0000  0.48977 
708.0000  0.47312 
709.0000  0.45590 
710.0000  0.43800 
711.0000  0.41936 
712.0000  0.40009 
713.0000  0.38036 
714.0000  0.36033 
715.0000  0.34017 
716.0000  0.32004 
717.0000  0.30009 
718.0000  0.28049 
719.0000  0.26141 
720.0000  0.24300 
721.0000  0.22540 
722.0000  0.20865 
723.0000  0.19273 
724.0000  0.17766 
725.0000  0.16343 
726.0000  0.15004 
727.0000  0.13751 
728.0000  0.12582 
729.0000  0.11498 
730.0000  0.10500 
731.0000  0.09586 
732.0000  0.08752 
733.0000  0.07992 
734.0000  0.07301 
735.0000  0.06674 
736.0000  0.06105 
737.0000  0.05588 
738.0000  0.05119 
739.0000  0.04691 
740.0000  0.04300 
741.0000  0.03940 
742.0000  0.03609 
743.0000  0.03305 
744.0000  0.03027 
745.0000  0.02773 
746.0000  0.02541 
747.0000  0.02330 
748.0000  0.02137 
749.0000  0.01961 
750.0000  0.01800 
751.0000  0.01653 
752.0000  0.01518 
753.0000  0.01396 
754.0000  0.01284 
755.0000  0.01183 
756.0000  0.01091 
757.0000  0.01007 
758.0000  0.00932 
759.0000  0.00863 
760.0000  0.00800 
761.0000  0.00743 
762.0000  0.00690 
763.0000  0.00642 
764.0000  0.00598 
765.0000  0.00558 
766.0000  0.00522 
767.0000  0.00488 
768.0000  0.00456 
769.0000  0.00427 
770.0000  0.00400 
771.0000  0.00374 
772.0000  0.00350 
773.0000  0.00326 
774.0000  0.00305 
775.0000  0.00284 
776.0000  0.00265 
777.0000  0.00247 
778.0000  0.00230 
779.0000  0.00214 
780.0000  0.00200 
781.0000  0.00187 
782.0000  0.00174 
783.0000  0.00163 
784.0000  0.00153 
785.0000  0.00143 
786.0000  0.00134 
787.0000  0.00125 
788.0000  0.00116 
789.0000  0.00108 
790.0000  0.00100 
