142    spot1-Band2
590.0000  0.00400 
591.0000  0.00502 
592.0000  0.00598 
593.0000  0.00685 
594.0000  0.00757 
595.0000  0.00809 
596.0000  0.00837 
597.0000  0.00835 
598.0000  0.00798 
599.0000  0.00721 
600.0000  0.00600 
601.0000  0.00436 
602.0000  0.00260 
603.0000  0.00108 
604.0000  0.00016 
605.0000  0.00022 
606.0000  0.00162 
607.0000  0.00473 
608.0000  0.00992 
609.0000  0.01755 
610.0000  0.02800 
611.0000  0.04153 
612.0000  0.05804 
613.0000  0.07732 
614.0000  0.09918 
615.0000  0.12341 
616.0000  0.14980 
617.0000  0.17816 
618.0000  0.20828 
619.0000  0.23996 
620.0000  0.27300 
621.0000  0.30718 
622.0000  0.34221 
623.0000  0.37781 
624.0000  0.41368 
625.0000  0.44952 
626.0000  0.48505 
627.0000  0.51995 
628.0000  0.55394 
629.0000  0.58672 
630.0000  0.61800 
631.0000  0.64756 
632.0000  0.67554 
633.0000  0.70213 
634.0000  0.72754 
635.0000  0.75199 
636.0000  0.77568 
637.0000  0.79882 
638.0000  0.82161 
639.0000  0.84427 
640.0000  0.86700 
641.0000  0.88987 
642.0000  0.91235 
643.0000  0.93381 
644.0000  0.95358 
645.0000  0.97100 
646.0000  0.98543 
647.0000  0.99619 
648.0000  1.00265 
649.0000  1.00414 
650.0000  1.00000 
651.0000  0.98982 
652.0000  0.97416 
653.0000  0.95379 
654.0000  0.92952 
655.0000  0.90212 
656.0000  0.87239 
657.0000  0.84113 
658.0000  0.80912 
659.0000  0.77714 
660.0000  0.74600 
661.0000  0.71632 
662.0000  0.68809 
663.0000  0.66114 
664.0000  0.63530 
665.0000  0.61039 
666.0000  0.58626 
667.0000  0.56272 
668.0000  0.53962 
669.0000  0.51676 
670.0000  0.49400 
671.0000  0.47120 
672.0000  0.44842 
673.0000  0.42577 
674.0000  0.40337 
675.0000  0.38131 
676.0000  0.35970 
677.0000  0.33866 
678.0000  0.31829 
679.0000  0.29870 
680.0000  0.28000 
681.0000  0.26227 
682.0000  0.24549 
683.0000  0.22963 
684.0000  0.21464 
685.0000  0.20050 
686.0000  0.18716 
687.0000  0.17457 
688.0000  0.16271 
689.0000  0.15153 
690.0000  0.14100 
691.0000  0.13108 
692.0000  0.12174 
693.0000  0.11297 
694.0000  0.10475 
695.0000  0.09707 
696.0000  0.08990 
697.0000  0.08322 
698.0000  0.07703 
699.0000  0.07129 
700.0000  0.06600 
701.0000  0.06113 
702.0000  0.05666 
703.0000  0.05255 
704.0000  0.04880 
705.0000  0.04536 
706.0000  0.04221 
707.0000  0.03933 
708.0000  0.03668 
709.0000  0.03425 
710.0000  0.03200 
711.0000  0.02991 
712.0000  0.02798 
713.0000  0.02619 
714.0000  0.02453 
715.0000  0.02300 
716.0000  0.02160 
717.0000  0.02030 
718.0000  0.01911 
719.0000  0.01801 
720.0000  0.01700 
721.0000  0.01607 
722.0000  0.01521 
723.0000  0.01442 
724.0000  0.01369 
725.0000  0.01300 
726.0000  0.01235 
727.0000  0.01173 
728.0000  0.01114 
729.0000  0.01057 
730.0000  0.01000 
