161    spot1-Band1
470.0000  0.00100 
471.0000  0.00332 
472.0000  0.00550 
473.0000  0.00743 
474.0000  0.00898 
475.0000  0.01001 
476.0000  0.01041 
477.0000  0.01003 
478.0000  0.00876 
479.0000  0.00645 
480.0000  0.00300 
481.0000 -0.00161 
482.0000 -0.00684 
483.0000 -0.01205 
484.0000 -0.01659 
485.0000 -0.01979 
486.0000 -0.02102 
487.0000 -0.01960 
488.0000 -0.01489 
489.0000 -0.00625 
490.0000  0.00700 
491.0000  0.02528 
492.0000  0.04816 
493.0000  0.07499 
494.0000  0.10512 
495.0000  0.13791 
496.0000  0.17271 
497.0000  0.20887 
498.0000  0.24573 
499.0000  0.28266 
500.0000  0.31900 
501.0000  0.35421 
502.0000  0.38815 
503.0000  0.42078 
504.0000  0.45209 
505.0000  0.48202 
506.0000  0.51055 
507.0000  0.53765 
508.0000  0.56328 
509.0000  0.58741 
510.0000  0.61000 
511.0000  0.63105 
512.0000  0.65066 
513.0000  0.66894 
514.0000  0.68602 
515.0000  0.70201 
516.0000  0.71704 
517.0000  0.73124 
518.0000  0.74472 
519.0000  0.75760 
520.0000  0.77000 
521.0000  0.78203 
522.0000  0.79372 
523.0000  0.80507 
524.0000  0.81610 
525.0000  0.82682 
526.0000  0.83722 
527.0000  0.84734 
528.0000  0.85716 
529.0000  0.86672 
530.0000  0.87600 
531.0000  0.88503 
532.0000  0.89380 
533.0000  0.90232 
534.0000  0.91059 
535.0000  0.91860 
536.0000  0.92637 
537.0000  0.93389 
538.0000  0.94117 
539.0000  0.94821 
540.0000  0.95500 
541.0000  0.96154 
542.0000  0.96779 
543.0000  0.97368 
544.0000  0.97915 
545.0000  0.98415 
546.0000  0.98862 
547.0000  0.99249 
548.0000  0.99572 
549.0000  0.99824 
550.0000  1.00000 
551.0000  1.00094 
552.0000  1.00101 
553.0000  1.00019 
554.0000  0.99842 
555.0000  0.99568 
556.0000  0.99193 
557.0000  0.98712 
558.0000  0.98122 
559.0000  0.97419 
560.0000  0.96600 
561.0000  0.95664 
562.0000  0.94624 
563.0000  0.93499 
564.0000  0.92306 
565.0000  0.91063 
566.0000  0.89786 
567.0000  0.88494 
568.0000  0.87204 
569.0000  0.85934 
570.0000  0.84700 
571.0000  0.83514 
572.0000  0.82362 
573.0000  0.81222 
574.0000  0.80073 
575.0000  0.78894 
576.0000  0.77663 
577.0000  0.76359 
578.0000  0.74961 
579.0000  0.73449 
580.0000  0.71800 
581.0000  0.70002 
582.0000  0.68071 
583.0000  0.66036 
584.0000  0.63920 
585.0000  0.61751 
586.0000  0.59553 
587.0000  0.57353 
588.0000  0.55177 
589.0000  0.53051 
590.0000  0.51000 
591.0000  0.49043 
592.0000  0.47166 
593.0000  0.45348 
594.0000  0.43568 
595.0000  0.41804 
596.0000  0.40037 
597.0000  0.38244 
598.0000  0.36404 
599.0000  0.34496 
600.0000  0.32500 
601.0000  0.30402 
602.0000  0.28228 
603.0000  0.26009 
604.0000  0.23778 
605.0000  0.21570 
606.0000  0.19415 
607.0000  0.17348 
608.0000  0.15401 
609.0000  0.13608 
610.0000  0.12000 
611.0000  0.10602 
612.0000  0.09403 
613.0000  0.08382 
614.0000  0.07519 
615.0000  0.06792 
616.0000  0.06183 
617.0000  0.05669 
618.0000  0.05231 
619.0000  0.04848 
620.0000  0.04500 
621.0000  0.04169 
622.0000  0.03852 
623.0000  0.03545 
624.0000  0.03249 
625.0000  0.02961 
626.0000  0.02680 
627.0000  0.02405 
628.0000  0.02134 
629.0000  0.01866 
630.0000  0.01600 
