191    spot1-Band3
730.0000  0.00100 
731.0000  0.00092 
732.0000  0.00090 
733.0000  0.00100 
734.0000  0.00128 
735.0000  0.00180 
736.0000  0.00261 
737.0000  0.00377 
738.0000  0.00536 
739.0000  0.00741 
740.0000  0.01000 
741.0000  0.01317 
742.0000  0.01691 
743.0000  0.02120 
744.0000  0.02602 
745.0000  0.03136 
746.0000  0.03719 
747.0000  0.04348 
748.0000  0.05023 
749.0000  0.05741 
750.0000  0.06500 
751.0000  0.07301 
752.0000  0.08155 
753.0000  0.09076 
754.0000  0.10078 
755.0000  0.11177 
756.0000  0.12385 
757.0000  0.13717 
758.0000  0.15188 
759.0000  0.16811 
760.0000  0.18600 
761.0000  0.20564 
762.0000  0.22689 
763.0000  0.24953 
764.0000  0.27337 
765.0000  0.29819 
766.0000  0.32380 
767.0000  0.34999 
768.0000  0.37656 
769.0000  0.40330 
770.0000  0.43000 
771.0000  0.45649 
772.0000  0.48271 
773.0000  0.50859 
774.0000  0.53411 
775.0000  0.55922 
776.0000  0.58386 
777.0000  0.60801 
778.0000  0.63161 
779.0000  0.65462 
780.0000  0.67700 
781.0000  0.69870 
782.0000  0.71969 
783.0000  0.73994 
784.0000  0.75941 
785.0000  0.77806 
786.0000  0.79588 
787.0000  0.81281 
788.0000  0.82883 
789.0000  0.84390 
790.0000  0.85800 
791.0000  0.87110 
792.0000  0.88327 
793.0000  0.89457 
794.0000  0.90509 
795.0000  0.91490 
796.0000  0.92408 
797.0000  0.93270 
798.0000  0.94085 
799.0000  0.94859 
800.0000  0.95600 
801.0000  0.96313 
802.0000  0.96992 
803.0000  0.97626 
804.0000  0.98206 
805.0000  0.98721 
806.0000  0.99163 
807.0000  0.99522 
808.0000  0.99787 
809.0000  0.99950 
810.0000  1.00000 
811.0000  0.99932 
812.0000  0.99759 
813.0000  0.99497 
814.0000  0.99163 
815.0000  0.98775 
816.0000  0.98349 
817.0000  0.97901 
818.0000  0.97449 
819.0000  0.97010 
820.0000  0.96600 
821.0000  0.96231 
822.0000  0.95893 
823.0000  0.95572 
824.0000  0.95251 
825.0000  0.94916 
826.0000  0.94552 
827.0000  0.94143 
828.0000  0.93675 
829.0000  0.93133 
830.0000  0.92500 
831.0000  0.91772 
832.0000  0.90978 
833.0000  0.90158 
834.0000  0.89351 
835.0000  0.88598 
836.0000  0.87936 
837.0000  0.87406 
838.0000  0.87047 
839.0000  0.86899 
840.0000  0.87000 
841.0000  0.87370 
842.0000  0.87947 
843.0000  0.88649 
844.0000  0.89391 
845.0000  0.90093 
846.0000  0.90672 
847.0000  0.91044 
848.0000  0.91128 
849.0000  0.90841 
850.0000  0.90100 
851.0000  0.88847 
852.0000  0.87117 
853.0000  0.84973 
854.0000  0.82473 
855.0000  0.79679 
856.0000  0.76650 
857.0000  0.73447 
858.0000  0.70131 
859.0000  0.66762 
860.0000  0.63400 
861.0000  0.60096 
862.0000  0.56862 
863.0000  0.53700 
864.0000  0.50613 
865.0000  0.47604 
866.0000  0.44674 
867.0000  0.41826 
868.0000  0.39063 
869.0000  0.36387 
870.0000  0.33800 
871.0000  0.31305 
872.0000  0.28906 
873.0000  0.26605 
874.0000  0.24408 
875.0000  0.22318 
876.0000  0.20338 
877.0000  0.18473 
878.0000  0.16725 
879.0000  0.15100 
880.0000  0.13600 
881.0000  0.12228 
882.0000  0.10977 
883.0000  0.09840 
884.0000  0.08808 
885.0000  0.07875 
886.0000  0.07031 
887.0000  0.06270 
888.0000  0.05583 
889.0000  0.04962 
890.0000  0.04400 
891.0000  0.03889 
892.0000  0.03427 
893.0000  0.03011 
894.0000  0.02639 
895.0000  0.02308 
896.0000  0.02017 
897.0000  0.01762 
898.0000  0.01543 
899.0000  0.01356 
900.0000  0.01200 
901.0000  0.01072 
902.0000  0.00968 
903.0000  0.00887 
904.0000  0.00826 
905.0000  0.00781 
906.0000  0.00749 
907.0000  0.00728 
908.0000  0.00715 
909.0000  0.00707 
910.0000  0.00700 
911.0000  0.00693 
912.0000  0.00685 
913.0000  0.00676 
914.0000  0.00667 
915.0000  0.00656 
916.0000  0.00646 
917.0000  0.00635 
918.0000  0.00623 
919.0000  0.00612 
920.0000  0.00600 
