121    spot1-Band2
600.0000  0.01900 
601.0000  0.04016 
602.0000  0.06162 
603.0000  0.08369 
604.0000  0.10668 
605.0000  0.13089 
606.0000  0.15664 
607.0000  0.18421 
608.0000  0.21393 
609.0000  0.24609 
610.0000  0.28100 
611.0000  0.31883 
612.0000  0.35915 
613.0000  0.40142 
614.0000  0.44508 
615.0000  0.48957 
616.0000  0.53433 
617.0000  0.57881 
618.0000  0.62246 
619.0000  0.66470 
620.0000  0.70500 
621.0000  0.74286 
622.0000  0.77809 
623.0000  0.81055 
624.0000  0.84014 
625.0000  0.86671 
626.0000  0.89014 
627.0000  0.91031 
628.0000  0.92710 
629.0000  0.94037 
630.0000  0.95000 
631.0000  0.95602 
632.0000  0.95908 
633.0000  0.95997 
634.0000  0.95950 
635.0000  0.95848 
636.0000  0.95769 
637.0000  0.95795 
638.0000  0.96005 
639.0000  0.96480 
640.0000  0.97300 
641.0000  0.98502 
642.0000  0.99957 
643.0000  1.01493 
644.0000  1.02935 
645.0000  1.04113 
646.0000  1.04854 
647.0000  1.04986 
648.0000  1.04336 
649.0000  1.02731 
650.0000  1.00000 
651.0000  0.96035 
652.0000  0.90988 
653.0000  0.85078 
654.0000  0.78521 
655.0000  0.71536 
656.0000  0.64340 
657.0000  0.57151 
658.0000  0.50186 
659.0000  0.43663 
660.0000  0.37800 
661.0000  0.32763 
662.0000  0.28518 
663.0000  0.24977 
664.0000  0.22056 
665.0000  0.19667 
666.0000  0.17724 
667.0000  0.16143 
668.0000  0.14836 
669.0000  0.13717 
670.0000  0.12700 
671.0000  0.11715 
672.0000  0.10752 
673.0000  0.09818 
674.0000  0.08918 
675.0000  0.08059 
676.0000  0.07248 
677.0000  0.06490 
678.0000  0.05792 
679.0000  0.05160 
680.0000  0.04600 
681.0000  0.04116 
682.0000  0.03703 
683.0000  0.03352 
684.0000  0.03056 
685.0000  0.02808 
686.0000  0.02599 
687.0000  0.02421 
688.0000  0.02268 
689.0000  0.02130 
690.0000  0.02000 
691.0000  0.01872 
692.0000  0.01745 
693.0000  0.01621 
694.0000  0.01500 
695.0000  0.01384 
696.0000  0.01272 
697.0000  0.01167 
698.0000  0.01069 
699.0000  0.00980 
700.0000  0.00900 
701.0000  0.00830 
702.0000  0.00769 
703.0000  0.00717 
704.0000  0.00672 
705.0000  0.00633 
706.0000  0.00600 
707.0000  0.00571 
708.0000  0.00545 
709.0000  0.00522 
710.0000  0.00500 
711.0000  0.00479 
712.0000  0.00458 
713.0000  0.00437 
714.0000  0.00417 
715.0000  0.00397 
716.0000  0.00378 
717.0000  0.00358 
718.0000  0.00339 
719.0000  0.00319 
720.0000  0.00300 
