311    spot1-PAN
480.0000  0.00500 
481.0000  0.01185 
482.0000  0.01894 
483.0000  0.02653 
484.0000  0.03485 
485.0000  0.04416 
486.0000  0.05469 
487.0000  0.06669 
488.0000  0.08042 
489.0000  0.09610 
490.0000  0.11400 
491.0000  0.13423 
492.0000  0.15643 
493.0000  0.18012 
494.0000  0.20482 
495.0000  0.23003 
496.0000  0.25529 
497.0000  0.28009 
498.0000  0.30397 
499.0000  0.32643 
500.0000  0.34700 
501.0000  0.36530 
502.0000  0.38144 
503.0000  0.39561 
504.0000  0.40805 
505.0000  0.41896 
506.0000  0.42855 
507.0000  0.43703 
508.0000  0.44463 
509.0000  0.45155 
510.0000  0.45800 
511.0000  0.46418 
512.0000  0.47022 
513.0000  0.47621 
514.0000  0.48228 
515.0000  0.48851 
516.0000  0.49503 
517.0000  0.50193 
518.0000  0.50932 
519.0000  0.51731 
520.0000  0.52600 
521.0000  0.53547 
522.0000  0.54562 
523.0000  0.55634 
524.0000  0.56751 
525.0000  0.57900 
526.0000  0.59069 
527.0000  0.60245 
528.0000  0.61418 
529.0000  0.62573 
530.0000  0.63700 
531.0000  0.64787 
532.0000  0.65828 
533.0000  0.66818 
534.0000  0.67752 
535.0000  0.68625 
536.0000  0.69432 
537.0000  0.70168 
538.0000  0.70828 
539.0000  0.71407 
540.0000  0.71900 
541.0000  0.72304 
542.0000  0.72627 
543.0000  0.72878 
544.0000  0.73066 
545.0000  0.73200 
546.0000  0.73291 
547.0000  0.73347 
548.0000  0.73377 
549.0000  0.73392 
550.0000  0.73400 
551.0000  0.73410 
552.0000  0.73430 
553.0000  0.73463 
554.0000  0.73518 
555.0000  0.73598 
556.0000  0.73711 
557.0000  0.73862 
558.0000  0.74056 
559.0000  0.74300 
560.0000  0.74600 
561.0000  0.74959 
562.0000  0.75374 
563.0000  0.75838 
564.0000  0.76347 
565.0000  0.76894 
566.0000  0.77473 
567.0000  0.78079 
568.0000  0.78706 
569.0000  0.79349 
570.0000  0.80000 
571.0000  0.80656 
572.0000  0.81314 
573.0000  0.81973 
574.0000  0.82631 
575.0000  0.83288 
576.0000  0.83942 
577.0000  0.84591 
578.0000  0.85235 
579.0000  0.85872 
580.0000  0.86500 
581.0000  0.87118 
582.0000  0.87719 
583.0000  0.88299 
584.0000  0.88850 
585.0000  0.89365 
586.0000  0.89840 
587.0000  0.90267 
588.0000  0.90640 
589.0000  0.90953 
590.0000  0.91200 
591.0000  0.91377 
592.0000  0.91495 
593.0000  0.91566 
594.0000  0.91605 
595.0000  0.91625 
596.0000  0.91639 
597.0000  0.91660 
598.0000  0.91701 
599.0000  0.91777 
600.0000  0.91900 
601.0000  0.92079 
602.0000  0.92305 
603.0000  0.92564 
604.0000  0.92841 
605.0000  0.93122 
606.0000  0.93394 
607.0000  0.93641 
608.0000  0.93851 
609.0000  0.94009 
610.0000  0.94100 
611.0000  0.94116 
612.0000  0.94067 
613.0000  0.93969 
614.0000  0.93837 
615.0000  0.93687 
616.0000  0.93533 
617.0000  0.93392 
618.0000  0.93280 
619.0000  0.93210 
620.0000  0.93200 
621.0000  0.93260 
622.0000  0.93383 
623.0000  0.93558 
624.0000  0.93773 
625.0000  0.94019 
626.0000  0.94283 
627.0000  0.94554 
628.0000  0.94822 
629.0000  0.95074 
630.0000  0.95300 
631.0000  0.95492 
632.0000  0.95656 
633.0000  0.95802 
634.0000  0.95938 
635.0000  0.96075 
636.0000  0.96222 
637.0000  0.96389 
638.0000  0.96584 
639.0000  0.96818 
640.0000  0.97100 
641.0000  0.97435 
642.0000  0.97808 
643.0000  0.98203 
644.0000  0.98600 
645.0000  0.98980 
646.0000  0.99327 
647.0000  0.99620 
648.0000  0.99842 
649.0000  0.99975 
650.0000  1.00000 
651.0000  0.99904 
652.0000  0.99697 
653.0000  0.99395 
654.0000  0.99013 
655.0000  0.98566 
656.0000  0.98070 
657.0000  0.97539 
658.0000  0.96991 
659.0000  0.96439 
660.0000  0.95900 
661.0000  0.95384 
662.0000  0.94886 
663.0000  0.94395 
664.0000  0.93901 
665.0000  0.93394 
666.0000  0.92863 
667.0000  0.92298 
668.0000  0.91690 
669.0000  0.91027 
670.0000  0.90300 
671.0000  0.89501 
672.0000  0.88636 
673.0000  0.87712 
674.0000  0.86738 
675.0000  0.85722 
676.0000  0.84672 
677.0000  0.83597 
678.0000  0.82504 
679.0000  0.81403 
680.0000  0.80300 
681.0000  0.79204 
682.0000  0.78116 
683.0000  0.77038 
684.0000  0.75972 
685.0000  0.74919 
686.0000  0.73881 
687.0000  0.72858 
688.0000  0.71853 
689.0000  0.70866 
690.0000  0.69900 
691.0000  0.68957 
692.0000  0.68045 
693.0000  0.67176 
694.0000  0.66358 
695.0000  0.65602 
696.0000  0.64917 
697.0000  0.64315 
698.0000  0.63805 
699.0000  0.63396 
700.0000  0.63100 
701.0000  0.62917 
702.0000  0.62816 
703.0000  0.62756 
704.0000  0.62697 
705.0000  0.62599 
706.0000  0.62421 
707.0000  0.62122 
708.0000  0.61663 
709.0000  0.61002 
710.0000  0.60100 
711.0000  0.58928 
712.0000  0.57507 
713.0000  0.55870 
714.0000  0.54049 
715.0000  0.52077 
716.0000  0.49987 
717.0000  0.47812 
718.0000  0.45584 
719.0000  0.43335 
720.0000  0.41100 
721.0000  0.38905 
722.0000  0.36757 
723.0000  0.34659 
724.0000  0.32611 
725.0000  0.30617 
726.0000  0.28677 
727.0000  0.26793 
728.0000  0.24968 
729.0000  0.23203 
730.0000  0.21500 
731.0000  0.19861 
732.0000  0.18289 
733.0000  0.16787 
734.0000  0.15359 
735.0000  0.14006 
736.0000  0.12733 
737.0000  0.11543 
738.0000  0.10439 
739.0000  0.09423 
740.0000  0.08500 
741.0000  0.07670 
742.0000  0.06928 
743.0000  0.06267 
744.0000  0.05679 
745.0000  0.05158 
746.0000  0.04697 
747.0000  0.04287 
748.0000  0.03923 
749.0000  0.03596 
750.0000  0.03300 
751.0000  0.03028 
752.0000  0.02779 
753.0000  0.02550 
754.0000  0.02340 
755.0000  0.02148 
756.0000  0.01972 
757.0000  0.01811 
758.0000  0.01662 
759.0000  0.01526 
760.0000  0.01400 
761.0000  0.01283 
762.0000  0.01175 
763.0000  0.01075 
764.0000  0.00983 
765.0000  0.00900 
766.0000  0.00824 
767.0000  0.00757 
768.0000  0.00697 
769.0000  0.00645 
770.0000  0.00600 
771.0000  0.00562 
772.0000  0.00531 
773.0000  0.00505 
774.0000  0.00484 
775.0000  0.00466 
776.0000  0.00451 
777.0000  0.00438 
778.0000  0.00425 
779.0000  0.00413 
780.0000  0.00400 
781.0000  0.00385 
782.0000  0.00369 
783.0000  0.00351 
784.0000  0.00332 
785.0000  0.00311 
786.0000  0.00290 
787.0000  0.00268 
788.0000  0.00246 
789.0000  0.00223 
790.0000  0.00200 
