171    spot1-Band1
470.0000  0.00100 
471.0000 -0.00174 
472.0000 -0.00428 
473.0000 -0.00643 
474.0000 -0.00799 
475.0000 -0.00877 
476.0000 -0.00856 
477.0000 -0.00718 
478.0000 -0.00442 
479.0000 -0.00009 
480.0000  0.00600 
481.0000  0.01403 
482.0000  0.02404 
483.0000  0.03608 
484.0000  0.05015 
485.0000  0.06630 
486.0000  0.08454 
487.0000  0.10490 
488.0000  0.12742 
489.0000  0.15211 
490.0000  0.17900 
491.0000  0.20805 
492.0000  0.23892 
493.0000  0.27119 
494.0000  0.30446 
495.0000  0.33832 
496.0000  0.37235 
497.0000  0.40615 
498.0000  0.43929 
499.0000  0.47138 
500.0000  0.50200 
501.0000  0.53083 
502.0000  0.55788 
503.0000  0.58328 
504.0000  0.60713 
505.0000  0.62955 
506.0000  0.65064 
507.0000  0.67052 
508.0000  0.68930 
509.0000  0.70709 
510.0000  0.72400 
511.0000  0.74014 
512.0000  0.75558 
513.0000  0.77041 
514.0000  0.78469 
515.0000  0.79849 
516.0000  0.81190 
517.0000  0.82498 
518.0000  0.83781 
519.0000  0.85046 
520.0000  0.86300 
521.0000  0.87549 
522.0000  0.88785 
523.0000  0.89999 
524.0000  0.91182 
525.0000  0.92324 
526.0000  0.93417 
527.0000  0.94450 
528.0000  0.95414 
529.0000  0.96301 
530.0000  0.97100 
531.0000  0.97804 
532.0000  0.98413 
533.0000  0.98928 
534.0000  0.99350 
535.0000  0.99680 
536.0000  0.99919 
537.0000  1.00070 
538.0000  1.00133 
539.0000  1.00109 
540.0000  1.00000 
541.0000  0.99807 
542.0000  0.99535 
543.0000  0.99187 
544.0000  0.98768 
545.0000  0.98282 
546.0000  0.97734 
547.0000  0.97127 
548.0000  0.96466 
549.0000  0.95756 
550.0000  0.95000 
551.0000  0.94202 
552.0000  0.93364 
553.0000  0.92484 
554.0000  0.91564 
555.0000  0.90604 
556.0000  0.89603 
557.0000  0.88562 
558.0000  0.87481 
559.0000  0.86361 
560.0000  0.85200 
561.0000  0.84002 
562.0000  0.82776 
563.0000  0.81535 
564.0000  0.80289 
565.0000  0.79052 
566.0000  0.77834 
567.0000  0.76648 
568.0000  0.75506 
569.0000  0.74419 
570.0000  0.73400 
571.0000  0.72454 
572.0000  0.71567 
573.0000  0.70716 
574.0000  0.69881 
575.0000  0.69039 
576.0000  0.68171 
577.0000  0.67254 
578.0000  0.66267 
579.0000  0.65190 
580.0000  0.64000 
581.0000  0.62681 
582.0000  0.61235 
583.0000  0.59667 
584.0000  0.57984 
585.0000  0.56191 
586.0000  0.54295 
587.0000  0.52302 
588.0000  0.50218 
589.0000  0.48048 
590.0000  0.45800 
591.0000  0.43480 
592.0000  0.41104 
593.0000  0.38687 
594.0000  0.36245 
595.0000  0.33796 
596.0000  0.31355 
597.0000  0.28939 
598.0000  0.26564 
599.0000  0.24245 
600.0000  0.22000 
601.0000  0.19843 
602.0000  0.17782 
603.0000  0.15823 
604.0000  0.13972 
605.0000  0.12236 
606.0000  0.10622 
607.0000  0.09134 
608.0000  0.07781 
609.0000  0.06567 
610.0000  0.05500 
611.0000  0.04582 
612.0000  0.03803 
613.0000  0.03151 
614.0000  0.02611 
615.0000  0.02171 
616.0000  0.01817 
617.0000  0.01536 
618.0000  0.01315 
619.0000  0.01141 
620.0000  0.01000 
621.0000  0.00881 
622.0000  0.00780 
623.0000  0.00696 
624.0000  0.00626 
625.0000  0.00568 
626.0000  0.00521 
627.0000  0.00483 
628.0000  0.00451 
629.0000  0.00424 
630.0000  0.00400 
631.0000  0.00377 
632.0000  0.00355 
633.0000  0.00334 
634.0000  0.00314 
635.0000  0.00294 
636.0000  0.00275 
637.0000  0.00256 
638.0000  0.00237 
639.0000  0.00218 
640.0000  0.00200 
