0.000000000000000000e+00 1.000000000000000000e+00
3.026052104208417064e-03 9.979959919839679339e-01
6.052104208416834129e-03 9.959919839679358677e-01
9.078156312625250760e-03 9.939879759519038016e-01
1.210420841683366826e-02 9.919839679358717355e-01
1.513026052104208576e-02 9.899799599198396693e-01
1.815631262525050152e-02 9.879759519038076032e-01
2.118236472945891902e-02 9.859719438877755371e-01
2.420841683366733652e-02 9.839679358717434710e-01
2.723446893787575401e-02 9.819639278557114048e-01
3.026052104208417151e-02 9.799599198396793387e-01
3.328657314629258901e-02 9.779559118236472726e-01
3.631262525050100304e-02 9.759519038076152064e-01
3.933867735470942401e-02 9.739478957915831403e-01
4.236472945891783803e-02 9.719438877755510742e-01
4.539078156312625900e-02 9.699398797595190080e-01
4.841683366733467303e-02 9.679358717434869419e-01
5.144288577154308706e-02 9.659318637274548758e-01
5.446893787575150803e-02 9.639278557114228096e-01
5.749498997995992206e-02 9.619238476953907435e-01
6.052104208416834302e-02 9.599198396793586774e-01
6.354709418837675705e-02 9.579158316633266113e-01
6.657314629258517802e-02 9.559118236472945451e-01
6.959919839679359899e-02 9.539078156312624790e-01
7.262525050100200608e-02 9.519038076152304129e-01
7.565130260521042704e-02 9.498997995991984578e-01
7.867735470941884801e-02 9.478957915831662806e-01
8.170340681362725510e-02 9.458917835671343255e-01
8.472945891783567607e-02 9.438877755511022594e-01
8.775551102204409704e-02 9.418837675350701932e-01
9.078156312625251800e-02 9.398797595190381271e-01
9.380761523046092509e-02 9.378757515030060610e-01
9.683366733466934606e-02 9.358717434869739948e-01
9.985971943887776703e-02 9.338677354709419287e-01
1.028857715430861741e-01 9.318637274549098626e-01
1.059118236472945951e-01 9.298597194388777964e-01
1.089378757515030161e-01 9.278557114228457303e-01
1.119639278557114370e-01 9.258517034068136642e-01
1.149899799599198441e-01 9.238476953907815981e-01
1.180160320641282651e-01 9.218436873747495319e-01
1.210420841683366860e-01 9.198396793587174658e-01
1.240681362725450931e-01 9.178356713426853997e-01
1.270941883767535141e-01 9.158316633266533335e-01
1.301202404809619351e-01 9.138276553106212674e-01
1.331462925851703560e-01 9.118236472945892013e-01
1.361723446893787770e-01 9.098196392785571351e-01
1.391983967935871980e-01 9.078156312625250690e-01
1.422244488977955912e-01 9.058116232464930029e-01
1.452505010020040122e-01 9.038076152304609368e-01
1.482765531062124331e-01 9.018036072144288706e-01
1.513026052104208541e-01 8.997995991983968045e-01
1.543286573146292751e-01 8.977955911823647384e-01
1.573547094188376960e-01 8.957915831663326722e-01
1.603807615230461170e-01 8.937875751503006061e-01
1.634068136272545102e-01 8.917835671342685400e-01
1.664328657314629312e-01 8.897795591182364738e-01
1.694589178356713521e-01 8.877755511022044077e-01
1.724849699398797731e-01 8.857715430861723416e-01
1.755110220440881941e-01 8.837675350701402754e-01
1.785370741482966150e-01 8.817635270541082093e-01
1.815631262525050360e-01 8.797595190380761432e-01
1.845891783567134292e-01 8.777555110220440771e-01
1.876152304609218502e-01 8.757515030060120109e-01
1.906412825651302712e-01 8.737474949899799448e-01
1.936673346693386921e-01 8.717434869739478787e-01
1.966933867735471131e-01 8.697394789579158125e-01
1.997194388777555341e-01 8.677354709418837464e-01
2.027454909819639550e-01 8.657314629258516803e-01
2.057715430861723482e-01 8.637274549098196141e-01
2.087975951903807692e-01 8.617234468937875480e-01
2.118236472945891902e-01 8.597194388777554819e-01
2.148496993987976111e-01 8.577154308617234157e-01
2.178757515030060321e-01 8.557114228456914606e-01
2.209018036072144531e-01 8.537074148296592835e-01
2.239278557114228740e-01 8.517034068136273284e-01
2.269539078156312673e-01 8.496993987975951512e-01
2.299799599198396882e-01 8.476953907815631961e-01
2.330060120240481092e-01 8.456913827655310190e-01
2.360320641282565302e-01 8.436873747494990639e-01
2.390581162324649511e-01 8.416833667334668867e-01
2.420841683366733721e-01 8.396793587174349316e-01
2.451102204408817931e-01 8.376753507014027544e-01
2.481362725450901863e-01 8.356713426853707993e-01
2.511623246492986072e-01 8.336673346693386222e-01
2.541883767535070282e-01 8.316633266533066671e-01
2.572144288577154492e-01 8.296593186372746009e-01
2.602404809619238701e-01 8.276553106212425348e-01
2.632665330661322911e-01 8.256513026052104687e-01
2.662925851703407121e-01 8.236472945891784025e-01
2.693186372745491330e-01 8.216432865731463364e-01
2.723446893787575540e-01 8.196392785571142703e-01
2.753707414829659750e-01 8.176352705410822042e-01
2.783967935871743959e-01 8.156312625250501380e-01
2.814228456913827614e-01 8.136272545090180719e-01
2.844488977955911824e-01 8.116232464929860058e-01
2.874749498997996033e-01 8.096192384769539396e-01
2.905010020040080243e-01 8.076152304609218735e-01
2.935270541082164453e-01 8.056112224448898074e-01
2.965531062124248662e-01 8.036072144288577412e-01
2.995791583166332872e-01 8.016032064128256751e-01
3.026052104208417082e-01 7.995991983967936090e-01
3.056312625250501291e-01 7.975951903807615428e-01
3.086573146292585501e-01 7.955911823647294767e-01
3.116833667334669711e-01 7.935871743486974106e-01
3.147094188376753920e-01 7.915831663326653445e-01
3.177354709418838130e-01 7.895791583166332783e-01
3.207615230460922340e-01 7.875751503006012122e-01
3.237875751503005994e-01 7.855711422845691461e-01
3.268136272545090204e-01 7.835671342685370799e-01
3.298396793587174414e-01 7.815631262525050138e-01
3.328657314629258623e-01 7.795591182364729477e-01
3.358917835671342833e-01 7.775551102204408815e-01
3.389178356713427043e-01 7.755511022044088154e-01
3.419438877755511252e-01 7.735470941883767493e-01
3.449699398797595462e-01 7.715430861723446831e-01
3.479959919839679672e-01 7.695390781563126170e-01
3.510220440881763881e-01 7.675350701402805509e-01
3.540480961923848091e-01 7.655310621242484848e-01
3.570741482965932301e-01 7.635270541082164186e-01
3.601002004008016510e-01 7.615230460921843525e-01
3.631262525050100720e-01 7.595190380761522864e-01
3.661523046092184375e-01 7.575150300601202202e-01
3.691783567134268584e-01 7.555110220440881541e-01
3.722044088176352794e-01 7.535070140280561990e-01
3.752304609218437004e-01 7.515030060120240218e-01
3.782565130260521213e-01 7.494989979959920667e-01
3.812825651302605423e-01 7.474949899799598896e-01
3.843086172344689633e-01 7.454909819639279345e-01
3.873346693386773842e-01 7.434869739478957573e-01
3.903607214428858052e-01 7.414829659318638022e-01
3.933867735470942262e-01 7.394789579158316251e-01
3.964128256513026471e-01 7.374749498997996700e-01
3.994388777555110681e-01 7.354709418837674928e-01
4.024649298597194891e-01 7.334669338677355377e-01
4.054909819639279100e-01 7.314629258517033605e-01
4.085170340681363310e-01 7.294589178356714054e-01
4.115430861723446965e-01 7.274549098196392283e-01
4.145691382765531174e-01 7.254509018036072732e-01
4.175951903807615384e-01 7.234468937875750960e-01
4.206212424849699594e-01 7.214428857715431409e-01
4.236472945891783803e-01 7.194388777555109638e-01
4.266733466933868013e-01 7.174348697394790086e-01
4.296993987975952223e-01 7.154308617234469425e-01
4.327254509018036432e-01 7.134268537074148764e-01
4.357515030060120642e-01 7.114228456913828103e-01
4.387775551102204852e-01 7.094188376753507441e-01
4.418036072144289061e-01 7.074148296593186780e-01
4.448296593186373271e-01 7.054108216432866119e-01
4.478557114228457481e-01 7.034068136272545457e-01
4.508817635270541690e-01 7.014028056112224796e-01
4.539078156312625345e-01 6.993987975951904135e-01
4.569338677354709555e-01 6.973947895791583473e-01
4.599599198396793764e-01 6.953907815631262812e-01
4.629859719438877974e-01 6.933867735470942151e-01
4.660120240480962184e-01 6.913827655310621489e-01
4.690380761523046393e-01 6.893787575150300828e-01
4.720641282565130603e-01 6.873747494989980167e-01
4.750901803607214813e-01 6.853707414829659506e-01
4.781162324649299022e-01 6.833667334669338844e-01
4.811422845691383232e-01 6.813627254509018183e-01
4.841683366733467442e-01 6.793587174348697522e-01
4.871943887775551651e-01 6.773547094188376860e-01
4.902204408817635861e-01 6.753507014028056199e-01
4.932464929859720071e-01 6.733466933867735538e-01
4.962725450901803725e-01 6.713426853707414876e-01
4.992985971943887935e-01 6.693386773547094215e-01
5.023246492985972145e-01 6.673346693386773554e-01
5.053507014028056910e-01 6.653306613226452892e-01
5.083767535070140564e-01 6.633266533066133341e-01
5.114028056112225329e-01 6.613226452905811570e-01
5.144288577154308983e-01 6.593186372745492019e-01
5.174549098196392638e-01 6.573146292585170247e-01
5.204809619238477403e-01 6.553106212424850696e-01
5.235070140280561057e-01 6.533066132264528925e-01
5.265330661322645822e-01 6.513026052104209374e-01
5.295591182364729477e-01 6.492985971943887602e-01
5.325851703406814242e-01 6.472945891783568051e-01
5.356112224448897896e-01 6.452905811623246279e-01
5.386372745490982661e-01 6.432865731462926728e-01
5.416633266533066315e-01 6.412825651302604957e-01
5.446893787575151080e-01 6.392785571142285406e-01
5.477154308617234735e-01 6.372745490981963634e-01
5.507414829659319500e-01 6.352705410821644083e-01
5.537675350701403154e-01 6.332665330661322312e-01
5.567935871743487919e-01 6.312625250501002760e-01
5.598196392785571573e-01 6.292585170340680989e-01
5.628456913827655228e-01 6.272545090180361438e-01
5.658717434869739993e-01 6.252505010020039666e-01
5.688977955911823647e-01 6.232464929859720115e-01
5.719238476953908412e-01 6.212424849699398344e-01
5.749498997995992067e-01 6.192384769539078793e-01
5.779759519038076832e-01 6.172344689378757021e-01
5.810020040080160486e-01 6.152304609218437470e-01
5.840280561122245251e-01 6.132264529058116809e-01
5.870541082164328905e-01 6.112224448897796147e-01
5.900801603206413670e-01 6.092184368737475486e-01
5.931062124248497325e-01 6.072144288577154825e-01
5.961322645290582090e-01 6.052104208416834163e-01
5.991583166332665744e-01 6.032064128256513502e-01
6.021843687374750509e-01 6.012024048096192841e-01
6.052104208416834163e-01 5.991983967935872180e-01
6.082364729458917818e-01 5.971943887775551518e-01
6.112625250501002583e-01 5.951903807615230857e-01
6.142885771543086237e-01 5.931863727454910196e-01
6.173146292585171002e-01 5.911823647294589534e-01
6.203406813627254657e-01 5.891783567134268873e-01
6.233667334669339422e-01 5.871743486973948212e-01
6.263927855711423076e-01 5.851703406813627550e-01
6.294188376753507841e-01 5.831663326653306889e-01
6.324448897795591495e-01 5.811623246492986228e-01
6.354709418837676260e-01 5.791583166332665567e-01
6.384969939879759915e-01 5.771543086172344905e-01
6.415230460921844680e-01 5.751503006012024244e-01
6.445490981963928334e-01 5.731462925851703583e-01
6.475751503006011989e-01 5.711422845691382921e-01
6.506012024048096754e-01 5.691382765531062260e-01
6.536272545090180408e-01 5.671342685370741599e-01
6.566533066132265173e-01 5.651302605210420937e-01
6.596793587174348827e-01 5.631262525050100276e-01
6.627054108216433592e-01 5.611222444889780725e-01
6.657314629258517247e-01 5.591182364729458953e-01
6.687575150300602012e-01 5.571142284569139402e-01
6.717835671342685666e-01 5.551102204408817631e-01
6.748096192384770431e-01 5.531062124248498080e-01
6.778356713426854085e-01 5.511022044088176308e-01
6.808617234468938850e-01 5.490981963927856757e-01
6.838877755511022505e-01 5.470941883767534986e-01
6.869138276553107270e-01 5.450901803607215435e-01
6.899398797595190924e-01 5.430861723446893663e-01
6.929659318637274579e-01 5.410821643286574112e-01
6.959919839679359344e-01 5.390781563126252340e-01
6.990180360721442998e-01 5.370741482965932789e-01
7.020440881763527763e-01 5.350701402805611018e-01
7.050701402805611417e-01 5.330661322645291467e-01
7.080961923847696182e-01 5.310621242484969695e-01
7.111222444889779837e-01 5.290581162324650144e-01
7.141482965931864602e-01 5.270541082164328373e-01
7.171743486973948256e-01 5.250501002004008821e-01
7.202004008016033021e-01 5.230460921843687050e-01
7.232264529058116675e-01 5.210420841683367499e-01
7.262525050100201440e-01 5.190380761523045727e-01
7.292785571142285095e-01 5.170340681362726176e-01
7.323046092184368749e-01 5.150300601202404405e-01
7.353306613226453514e-01 5.130260521042084854e-01
7.383567134268537169e-01 5.110220440881764192e-01
7.413827655310621934e-01 5.090180360721443531e-01
7.444088176352705588e-01 5.070140280561122870e-01
7.474348697394790353e-01 5.050100200400802208e-01
7.504609218436874007e-01 5.030060120240481547e-01
7.534869739478958772e-01 5.010020040080160886e-01
7.565130260521042427e-01 4.989979959919840224e-01
7.595390781563127192e-01 4.969939879759519563e-01
7.625651302605210846e-01 4.949899799599198902e-01
7.655911823647295611e-01 4.929859719438878241e-01
7.686172344689379266e-01 4.909819639278557579e-01
7.716432865731464030e-01 4.889779559118236918e-01
7.746693386773547685e-01 4.869739478957916257e-01
7.776953907815631339e-01 4.849699398797595595e-01
7.807214428857716104e-01 4.829659318637274934e-01
7.837474949899799759e-01 4.809619238476954273e-01
7.867735470941884524e-01 4.789579158316633611e-01
7.897995991983968178e-01 4.769539078156312950e-01
7.928256513026052943e-01 4.749498997995992289e-01
7.958517034068136597e-01 4.729458917835671627e-01
7.988777555110221362e-01 4.709418837675350966e-01
8.019038076152305017e-01 4.689378757515030305e-01
8.049298597194389782e-01 4.669338677354709644e-01
8.079559118236473436e-01 4.649298597194388982e-01
8.109819639278558201e-01 4.629258517034068321e-01
8.140080160320641856e-01 4.609218436873747660e-01
8.170340681362726620e-01 4.589178356713426998e-01
8.200601202404810275e-01 4.569138276553106337e-01
8.230861723446893929e-01 4.549098196392785676e-01
8.261122244488978694e-01 4.529058116232465014e-01
8.291382765531062349e-01 4.509018036072144353e-01
8.321643286573147114e-01 4.488977955911823692e-01
8.351903807615230768e-01 4.468937875751503030e-01
8.382164328657315533e-01 4.448897795591182369e-01
8.412424849699399187e-01 4.428857715430861708e-01
8.442685370741483952e-01 4.408817635270541047e-01
8.472945891783567607e-01 4.388777555110220385e-01
8.503206412825652372e-01 4.368737474949899724e-01
8.533466933867736026e-01 4.348697394789580173e-01
8.563727454909820791e-01 4.328657314629259512e-01
8.593987975951904446e-01 4.308617234468938850e-01
8.624248496993988100e-01 4.288577154308618189e-01
8.654509018036072865e-01 4.268537074148297528e-01
8.684769539078156519e-01 4.248496993987976866e-01
8.715030060120241284e-01 4.228456913827656205e-01
8.745290581162324939e-01 4.208416833667335544e-01
8.775551102204409704e-01 4.188376753507014882e-01
8.805811623246493358e-01 4.168336673346694221e-01
8.836072144288578123e-01 4.148296593186373560e-01
8.866332665330661778e-01 4.128256513026052898e-01
8.896593186372746542e-01 4.108216432865732237e-01
8.926853707414830197e-01 4.088176352705411576e-01
8.957114228456914962e-01 4.068136272545090915e-01
8.987374749498998616e-01 4.048096192384770253e-01
9.017635270541083381e-01 4.028056112224449592e-01
9.047895791583167036e-01 4.008016032064128931e-01
9.078156312625250690e-01 3.987975951903808269e-01
9.108416833667335455e-01 3.967935871743487608e-01
9.138677354709419109e-01 3.947895791583166947e-01
9.168937875751503874e-01 3.927855711422846285e-01
9.199198396793587529e-01 3.907815631262525624e-01
9.229458917835672294e-01 3.887775551102204963e-01
9.259719438877755948e-01 3.867735470941884302e-01
9.289979959919840713e-01 3.847695390781563640e-01
9.320240480961924368e-01 3.827655310621242979e-01
9.350501002004009132e-01 3.807615230460922318e-01
9.380761523046092787e-01 3.787575150300601656e-01
9.411022044088177552e-01 3.767535070140280995e-01
9.441282565130261206e-01 3.747494989979960334e-01
9.471543086172344861e-01 3.727454909819639672e-01
9.501803607214429626e-01 3.707414829659319011e-01
9.532064128256513280e-01 3.687374749498998350e-01
9.562324649298598045e-01 3.667334669338677688e-01
9.592585170340681699e-01 3.647294589178357027e-01
9.622845691382766464e-01 3.627254509018036366e-01
9.653106212424850119e-01 3.607214428857715705e-01
9.683366733466934884e-01 3.587174348697395043e-01
9.713627254509018538e-01 3.567134268537074382e-01
9.743887775551103303e-01 3.547094188376753721e-01
9.774148296593186958e-01 3.527054108216433059e-01
9.804408817635271722e-01 3.507014028056112398e-01
9.834669338677355377e-01 3.486973947895791737e-01
9.864929859719440142e-01 3.466933867735471075e-01
9.895190380761523796e-01 3.446893787575150414e-01
9.925450901803607451e-01 3.426853707414829753e-01
9.955711422845692216e-01 3.406813627254509091e-01
9.985971943887775870e-01 3.386773547094188430e-01
1.001623246492985952e+00 3.366733466933867769e-01
1.004649298597194429e+00 3.346693386773547108e-01
1.007675350701402905e+00 3.326653306613227556e-01
1.010701402805611382e+00 3.306613226452906895e-01
1.013727454909819636e+00 3.286573146292586234e-01
1.016753507014028113e+00 3.266533066132265573e-01
1.019779559118236589e+00 3.246492985971944911e-01
1.022805611222445066e+00 3.226452905811624250e-01
1.025831663326653320e+00 3.206412825651303589e-01
1.028857715430861797e+00 3.186372745490982927e-01
1.031883767535070273e+00 3.166332665330662266e-01
1.034909819639278528e+00 3.146292585170341605e-01
1.037935871743487004e+00 3.126252505010020943e-01
1.040961923847695481e+00 3.106212424849700282e-01
1.043987975951903957e+00 3.086172344689379621e-01
1.047014028056112211e+00 3.066132264529058959e-01
1.050040080160320688e+00 3.046092184368738298e-01
1.053066132264529164e+00 3.026052104208417637e-01
1.056092184368737641e+00 3.006012024048096976e-01
1.059118236472945895e+00 2.985971943887776314e-01
1.062144288577154372e+00 2.965931863727455653e-01
1.065170340681362848e+00 2.945891783567134992e-01
1.068196392785571325e+00 2.925851703406814330e-01
1.071222444889779579e+00 2.905811623246493669e-01
1.074248496993988056e+00 2.885771543086173008e-01
1.077274549098196532e+00 2.865731462925852346e-01
1.080300601202404787e+00 2.845691382765531685e-01
1.083326653306613263e+00 2.825651302605211024e-01
1.086352705410821740e+00 2.805611222444890362e-01
1.089378757515030216e+00 2.785571142284569701e-01
1.092404809619238470e+00 2.765531062124249040e-01
1.095430861723446947e+00 2.745490981963928379e-01
1.098456913827655423e+00 2.725450901803607717e-01
1.101482965931863900e+00 2.705410821643287056e-01
1.104509018036072154e+00 2.685370741482966395e-01
1.107535070140280631e+00 2.665330661322645733e-01
1.110561122244489107e+00 2.645290581162325072e-01
1.113587174348697584e+00 2.625250501002004411e-01
1.116613226452905838e+00 2.605210420841683749e-01
1.119639278557114315e+00 2.585170340681363088e-01
1.122665330661322791e+00 2.565130260521042427e-01
1.125691382765531046e+00 2.545090180360721765e-01
1.128717434869739522e+00 2.525050100200401104e-01
1.131743486973947999e+00 2.505010020040080443e-01
1.134769539078156475e+00 2.484969939879759782e-01
1.137795591182364729e+00 2.464929859719439120e-01
1.140821643286573206e+00 2.444889779559118459e-01
1.143847695390781682e+00 2.424849699398797798e-01
1.146873747494990159e+00 2.404809619238477136e-01
1.149899799599198413e+00 2.384769539078156475e-01
1.152925851703406890e+00 2.364729458917835814e-01
1.155951903807615366e+00 2.344689378757515152e-01
1.158977955911823843e+00 2.324649298597194491e-01
1.162004008016032097e+00 2.304609218436874940e-01
1.165030060120240574e+00 2.284569138276554279e-01
1.168056112224449050e+00 2.264529058116233617e-01
1.171082164328657305e+00 2.244488977955912956e-01
1.174108216432865781e+00 2.224448897795592295e-01
1.177134268537074258e+00 2.204408817635271634e-01
1.180160320641282734e+00 2.184368737474950972e-01
1.183186372745490988e+00 2.164328657314630311e-01
1.186212424849699465e+00 2.144288577154309650e-01
1.189238476953907941e+00 2.124248496993988988e-01
1.192264529058116418e+00 2.104208416833668327e-01
1.195290581162324672e+00 2.084168336673347666e-01
1.198316633266533149e+00 2.064128256513027004e-01
1.201342685370741625e+00 2.044088176352706343e-01
1.204368737474950102e+00 2.024048096192385682e-01
1.207394789579158356e+00 2.004008016032065020e-01
1.210420841683366833e+00 1.983967935871744359e-01
1.213446893787575309e+00 1.963927855711423698e-01
1.216472945891783564e+00 1.943887775551103037e-01
1.219498997995992040e+00 1.923847695390782375e-01
1.222525050100200517e+00 1.903807615230461714e-01
1.225551102204408993e+00 1.883767535070141053e-01
1.228577154308617247e+00 1.863727454909820391e-01
1.231603206412825724e+00 1.843687374749499730e-01
1.234629258517034200e+00 1.823647294589179069e-01
1.237655310621242677e+00 1.803607214428858407e-01
1.240681362725450931e+00 1.783567134268537746e-01
1.243707414829659408e+00 1.763527054108217085e-01
1.246733466933867884e+00 1.743486973947896423e-01
1.249759519038076139e+00 1.723446893787575762e-01
1.252785571142284615e+00 1.703406813627255101e-01
1.255811623246493092e+00 1.683366733466934440e-01
1.258837675350701568e+00 1.663326653306613778e-01
1.261863727454909823e+00 1.643286573146293117e-01
1.264889779559118299e+00 1.623246492985972456e-01
1.267915831663326776e+00 1.603206412825651794e-01
1.270941883767535252e+00 1.583166332665331133e-01
1.273967935871743506e+00 1.563126252505010472e-01
1.276993987975951983e+00 1.543086172344689810e-01
1.280020040080160459e+00 1.523046092184369149e-01
1.283046092184368936e+00 1.503006012024048488e-01
1.286072144288577190e+00 1.482965931863727826e-01
1.289098196392785667e+00 1.462925851703407165e-01
1.292124248496994143e+00 1.442885771543086504e-01
1.295150300601202398e+00 1.422845691382765843e-01
1.298176352705410874e+00 1.402805611222445181e-01
1.301202404809619351e+00 1.382765531062124520e-01
1.304228456913827827e+00 1.362725450901803859e-01
1.307254509018036082e+00 1.342685370741483197e-01
1.310280561122244558e+00 1.322645290581162536e-01
1.313306613226453035e+00 1.302605210420841875e-01
1.316332665330661511e+00 1.282565130260521213e-01
1.319358717434869765e+00 1.262525050100201662e-01
1.322384769539078242e+00 1.242484969939881001e-01
1.325410821643286718e+00 1.222444889779560340e-01
1.328436873747495195e+00 1.202404809619239678e-01
1.331462925851703449e+00 1.182364729458919017e-01
1.334488977955911926e+00 1.162324649298598356e-01
1.337515030060120402e+00 1.142284569138277694e-01
1.340541082164328657e+00 1.122244488977957033e-01
1.343567134268537133e+00 1.102204408817636372e-01
1.346593186372745610e+00 1.082164328657315711e-01
1.349619238476954086e+00 1.062124248496995049e-01
1.352645290581162341e+00 1.042084168336674388e-01
1.355671342685370817e+00 1.022044088176353727e-01
1.358697394789579294e+00 1.002004008016033065e-01
1.361723446893787770e+00 9.819639278557124040e-02
1.364749498997996024e+00 9.619238476953917427e-02
1.367775551102204501e+00 9.418837675350710814e-02
1.370801603206412977e+00 9.218436873747504201e-02
1.373827655310621454e+00 9.018036072144297588e-02
1.376853707414829708e+00 8.817635270541090975e-02
1.379879759519038185e+00 8.617234468937884362e-02
1.382905811623246661e+00 8.416833667334677749e-02
1.385931863727454916e+00 8.216432865731471136e-02
1.388957915831663392e+00 8.016032064128264523e-02
1.391983967935871869e+00 7.815631262525057910e-02
1.395010020040080345e+00 7.615230460921851297e-02
1.398036072144288600e+00 7.414829659318644683e-02
1.401062124248497076e+00 7.214428857715438070e-02
1.404088176352705553e+00 7.014028056112231457e-02
1.407114228456914029e+00 6.813627254509024844e-02
1.410140280561122283e+00 6.613226452905818231e-02
1.413166332665330760e+00 6.412825651302611618e-02
1.416192384769539236e+00 6.212424849699405005e-02
1.419218436873747713e+00 6.012024048096198392e-02
1.422244488977955967e+00 5.811623246492991779e-02
1.425270541082164444e+00 5.611222444889785166e-02
1.428296593186372920e+00 5.410821643286578553e-02
1.431322645290581175e+00 5.210420841683371940e-02
1.434348697394789651e+00 5.010020040080165327e-02
1.437374749498998128e+00 4.809619238476958714e-02
1.440400801603206604e+00 4.609218436873752101e-02
1.443426853707414859e+00 4.408817635270545487e-02
1.446452905811623335e+00 4.208416833667338874e-02
1.449478957915831812e+00 4.008016032064132261e-02
1.452505010020040288e+00 3.807615230460925648e-02
1.455531062124248542e+00 3.607214428857719035e-02
1.458557114228457019e+00 3.406813627254512422e-02
1.461583166332665495e+00 3.206412825651305809e-02
1.464609218436873750e+00 3.006012024048099196e-02
1.467635270541082226e+00 2.805611222444892583e-02
1.470661322645290703e+00 2.605210420841685970e-02
1.473687374749499179e+00 2.404809619238490459e-02
1.476713426853707434e+00 2.204408817635283846e-02
1.479739478957915910e+00 2.004008016032077233e-02
1.482765531062124387e+00 1.803607214428870620e-02
1.485791583166332863e+00 1.603206412825664007e-02
1.488817635270541118e+00 1.402805611222457394e-02
1.491843687374749594e+00 1.202404809619250781e-02
1.494869739478958071e+00 1.002004008016044168e-02
1.497895791583166547e+00 8.016032064128375545e-03
1.500921843687374801e+00 6.012024048096309414e-03
1.503947895791583278e+00 4.008016032064243284e-03
1.506973947895791754e+00 2.004008016032177153e-03
1.510000000000000009e+00 0.000000000000000000e+00
