# name:     beta-MnO_2  (pyrolusite?) cassiteriFeff8L (EXAFS)       0.1      
# formula:  MnO_2
# sites:    Mn1,O1
# refer1:   wyckoff vol 1, chapter IV, p 251
# refer2:
# schoen:   D_4h^14 (?)
# notes1:   cassiterite, beta-MnO_2
# notes2:
# notes3:
# POT  Non-SCF, core-hole, AFOLP (folp(0)= 1.150)
# Abs   Z=25 Rmt= 1.191 Rnm= 1.304 K  shell
# Pot 1 Z=25 Rmt= 1.194 Rnm= 1.312
# Pot 2 Z= 8 Rmt= 0.976 Rnm= 1.071
# Gam_ch=1.193E+00 H-L exch
# Mu= 8.963E-02 kf=2.351E+00 Vint=-2.097E+01 Rs_int= 1.543
# PATH  Rmax= 5.000,  Keep_limit= 0.00, Heap_limit 0.00  Pwcrit= 2.50%
#  S02=1.000                                        Global_sig2= 0.00000
#  Curved wave amplitude ratio filter   4.000%
#     file         sig2 tot  cw amp ratio   deg  nlegs   reff  inp sig2
#           1       0.00000    100.00      2.00     2   1.8775
#           2       0.00000    196.90      4.00     2   1.8910
#           3       0.00000     43.25      2.00     2   2.8710
#           4       0.00000      9.80      4.00     3   3.1219
#           5       0.00000     32.71     16.00     3   3.2166
#           6       0.00000      7.65      4.00     3   3.3265
#           7       0.00000     15.32      8.00     3   3.3265
#           8       0.00000     52.60      4.00     2   3.3433
#           9       0.00000    114.20      8.00     2   3.4239
#          10       0.00000     49.39      4.00     2   3.4304
#          11       0.00000     24.77      8.00     3   3.5962
#          12       0.00000     24.82      8.00     3   3.5962
#          13       0.00000     16.67      2.00     3   3.7550
#          14       0.00000     17.87      2.00     4   3.7550
#          15       0.00000      6.26      2.00     4   3.7550
#          16       0.00000      7.02      4.00     4   3.7685
#          17       0.00000      7.02      4.00     4   3.7685
#          19       0.00000     32.51      4.00     3   3.7820
#          20       0.00000     34.68      4.00     4   3.7820
#          21       0.00000     12.17      4.00     4   3.7820
#          22       0.00000      4.79      4.00     4   3.7820
#          24       0.00000     71.61      8.00     2   3.9049
#          25       0.00000     21.36     16.00     3   3.9495
#          26       0.00000     21.47     16.00     3   3.9931
#          28       0.00000      9.22      8.00     3   4.0895
#          29       0.00000     13.17      8.00     3   4.0895
#          30       0.00000     30.97     16.00     3   4.2236
#          31       0.00000      6.31     16.00     3   4.3291
#          32       0.00000     14.07     16.00     3   4.3291
#          33       0.00000     13.69      2.00     2   4.3394
#          34       0.00000     33.93      4.00     3   4.3394
#          35       0.00000     20.92      2.00     4   4.3394
#          36       0.00000      6.66      4.00     4   4.3529
#          37       0.00000      7.46      8.00     3   4.3726
#          38       0.00000     30.72      4.00     2   4.3960
#          39       0.00000     52.61      8.00     2   4.4068
#          40       0.00000     25.23      4.00     2   4.4790
#          41       0.00000     82.06     16.00     3   4.4813
#          42       0.00000     14.72     16.00     3   4.4854
#          43       0.00000      5.32      8.00     4   4.5422
#          44       0.00000     13.17      8.00     4   4.5422
#          45       0.00000      7.09      8.00     4   4.5422
#          46       0.00000      5.29      8.00     4   4.5557
#          47       0.00000     13.15      8.00     4   4.5557
#          48       0.00000     37.05      8.00     4   4.5557
#          51       0.00000      5.28      8.00     4   4.5574
#          52       0.00000      5.01     16.00     3   4.6031
#          53       0.00000     17.38     16.00     3   4.6031
#          54       0.00000     13.06      8.00     3   4.6205
#          55       0.00000     26.50      8.00     3   4.6205
#          56       0.00000     18.72      8.00     3   4.6205
#          58       0.00000      4.33      8.00     4   4.7620
#          59       0.00000      6.16      8.00     4   4.7620
#          60       0.00000      6.36      4.00     4   4.7620
#          61       0.00000      9.97      4.00     4   4.7620
#          63       0.00000      4.23      8.00     4   4.7620
#          64       0.00000     10.51      8.00     4   4.7620
#          65       0.00000      8.45     16.00     4   4.7754
#          66       0.00000      6.82      8.00     3   4.8084
#          67       0.00000      6.03      8.00     3   4.8084
#          68       0.00000      8.38      8.00     3   4.8084
#          70       0.00000      7.95      8.00     3   4.8271
#          71       0.00000      4.49      8.00     4   4.8271
#          72       0.00000      9.56      8.00     4   4.8271
#          74       0.00000      4.25      8.00     3   4.8594
#          75       0.00000      7.11     16.00     3   4.8609
#          76       0.00000     15.83     16.00     3   4.8609
#          78       0.00000      7.77     16.00     4   4.9218
#          80       0.00000      5.61     16.00     4   4.9353
#          81       0.00000     13.63     16.00     4   4.9353
#          82       0.00000      7.35     16.00     3   4.9565
#          83       0.00000     23.23     16.00     3   4.9839
#          84       0.00000      8.17      8.00     4   4.9994
#          86       0.00000      9.82      8.00     5   4.9994
#    74/  81 paths used
#  -----------------------------------------------------------------------
#       k          chi          mag           phase @#
     0.0500   -4.728219E-01  1.080805E+00 -4.527855E-01
     0.1000   -4.681833E-01  1.081142E+00 -4.478682E-01
     0.1500   -4.542067E-01  1.082118E+00 -4.331575E-01
     0.2000   -4.400624E-01  1.083025E+00 -4.184306E-01
     0.2500   -4.162405E-01  1.084456E+00 -3.939343E-01
     0.3000   -3.919960E-01  1.085702E+00 -3.693970E-01
     0.3500   -3.575782E-01  1.087153E+00 -3.351518E-01
     0.4000   -3.224601E-01  1.088246E+00 -3.008286E-01
     0.4500   -2.767401E-01  1.089252E+00 -2.568803E-01
     0.5000   -2.301534E-01  1.089677E+00 -2.128152E-01
     0.5500   -1.727301E-01  1.089639E+00 -1.591920E-01
     0.6000   -1.145588E-01  1.088756E+00 -1.054150E-01
     0.6500   -4.596999E-02  1.086915E+00 -4.230664E-02
     0.7000    2.274565E-02  1.083937E+00  2.098582E-02
     0.7500    1.007734E-01  1.079536E+00  9.348492E-02
     0.8000    1.776151E-01  1.073688E+00  1.661891E-01
     0.8500    2.615437E-01  1.065921E+00  2.479000E-01
     0.9000    3.421379E-01  1.056396E+00  3.298202E-01
     0.9500    4.263918E-01  1.044474E+00  4.205209E-01
     1.0000    5.043373E-01  1.030500E+00  5.114134E-01
     1.0500    5.814085E-01  1.013679E+00  6.108487E-01
     1.1000    6.486071E-01  9.945528E-01  7.104296E-01
     1.1500    7.096661E-01  9.722103E-01  8.182506E-01
     1.2000    7.572358E-01  9.473735E-01  9.261298E-01
     1.2500    7.934825E-01  9.190418E-01  1.041931E+00
     1.3000    8.133859E-01  8.881132E-01  1.157641E+00
     1.3500    8.179217E-01  8.535408E-01  1.280884E+00
     1.4000    8.050206E-01  8.163796E-01  1.403785E+00
     1.4500    7.750496E-01  7.755826E-01  1.533720E+00
     1.5000    7.292350E-01  7.323380E-01  1.662884E+00
     1.5500    6.679894E-01  6.856747E-01  1.798411E+00
     1.6000    5.956724E-01  6.368567E-01  1.932397E+00
     1.6500    5.131904E-01  5.850469E-01  2.071639E+00
     1.7000    4.272950E-01  5.315565E-01  2.207842E+00
     1.7500    3.394059E-01  4.757558E-01  2.347249E+00
     1.8000    2.572955E-01  4.190171E-01  2.480417E+00
     1.8500    1.823977E-01  3.609451E-01  2.611824E+00
     1.9000    1.215573E-01  3.031250E-01  2.728969E+00
     1.9500    7.545066E-02  2.455901E-01  2.829320E+00
     2.0000    4.802141E-02  1.906556E-01  2.886975E+00
     2.0500    3.783791E-02  1.399220E-01  2.867762E+00
     2.1000    4.569064E-02  1.014498E-01  2.674406E+00
     2.1500    6.831769E-02  8.899096E-02  2.266360E+00
     2.2000    1.012417E-01  1.080333E-01  1.927267E+00
     2.2500    1.396312E-01  1.439062E-01  1.815154E+00
     2.3000    1.773104E-01  1.841338E-01  1.843883E+00
     2.3500    2.084477E-01  2.235047E-01  1.939953E+00
     2.4000    2.281494E-01  2.599026E-01  2.070287E+00
     2.4500    2.324186E-01  2.938309E-01  2.229160E+00
     2.5000    2.179370E-01  3.224892E-01  2.399548E+00
     2.5500    1.851257E-01  3.456265E-01  2.576347E+00
     2.6000    1.364440E-01  3.632048E-01  2.756476E+00
     2.6500    7.458561E-02  3.711011E-01  2.939230E+00
     2.7000    8.475281E-03  3.730399E-01  3.118871E+00
     2.7500   -5.619483E-02  3.697665E-01  3.294158E+00
     2.8000   -1.147298E-01  3.621452E-01  3.463953E+00
     2.8500   -1.660553E-01  3.544923E-01  3.629107E+00
     2.9000   -2.077422E-01  3.446713E-01  3.788505E+00
     2.9500   -2.390633E-01  3.333282E-01  3.941370E+00
     3.0000   -2.603822E-01  3.211494E-01  4.087080E+00
     3.0500   -2.735971E-01  3.084216E-01  4.232590E+00
     3.1000   -2.787877E-01  2.958441E-01  4.371167E+00
     3.1500   -2.777244E-01  2.839342E-01  4.502862E+00
     3.2000   -2.721838E-01  2.731506E-01  4.628226E+00
     3.2500   -2.629364E-01  2.631084E-01  4.748550E+00
     3.3000   -2.517661E-01  2.547207E-01  4.864848E+00
     3.3500   -2.393323E-01  2.481111E-01  4.979196E+00
     3.4000   -2.257370E-01  2.432275E-01  5.093936E+00
     3.4500   -2.113512E-01  2.403503E-01  5.208697E+00
     3.5000   -1.950497E-01  2.388253E-01  5.327508E+00
     3.5500   -1.760066E-01  2.382454E-01  5.451954E+00
     3.6000   -1.534634E-01  2.381575E-01  5.582976E+00
     3.6500   -1.272197E-01  2.387278E-01  5.721153E+00
     3.7000   -9.672234E-02  2.390802E-01  5.866687E+00
     3.7500   -6.232050E-02  2.387915E-01  6.019145E+00
     3.8000   -2.500269E-02  2.375332E-01  6.177730E+00
     3.8500    1.386678E-02  2.362136E-01  6.341923E+00
     3.9000    5.278065E-02  2.336766E-01  6.511022E+00
     3.9500    8.972817E-02  2.298071E-01  6.684306E+00
     4.0000    1.226605E-01  2.245517E-01  6.861062E+00
     4.0500    1.503988E-01  2.186316E-01  7.041791E+00
     4.1000    1.708942E-01  2.113788E-01  7.224739E+00
     4.1500    1.831555E-01  2.028805E-01  7.409364E+00
     4.2000    1.868202E-01  1.932563E-01  7.595178E+00
     4.2500    1.824732E-01  1.829318E-01  7.783157E+00
     4.3000    1.705241E-01  1.717073E-01  7.971444E+00
     4.3500    1.523446E-01  1.597503E-01  8.159664E+00
     4.4000    1.296665E-01  1.472345E-01  8.347482E+00
     4.4500    1.044542E-01  1.345845E-01  8.536282E+00
     4.5000    7.844198E-02  1.216093E-01  8.723712E+00
     4.5500    5.346644E-02  1.084671E-01  8.909326E+00
     4.6000    3.107799E-02  9.530497E-02  9.092614E+00
     4.6500    1.249059E-02  8.219743E-02  9.272229E+00
     4.7000   -1.491867E-03  6.924094E-02  9.446326E+00
     4.7500   -1.053188E-02  5.654768E-02  9.612120E+00
     4.8000   -1.472014E-02  4.422270E-02  9.764117E+00
     4.8500   -1.427644E-02  3.232539E-02  9.882213E+00
     4.9000   -1.009004E-02  2.114300E-02  9.922276E+00
     4.9500   -3.157386E-03  1.169903E-02  9.698051E+00
     5.0000    5.392868E-03  9.286173E-03  8.805138E+00
     5.0500    1.454891E-02  1.658471E-02  8.354678E+00
     5.1000    2.291249E-02  2.593530E-02  8.341607E+00
     5.1500    2.938362E-02  3.536184E-02  8.443980E+00
     5.2000    3.304068E-02  4.449738E-02  8.587937E+00
     5.2500    3.304656E-02  5.345850E-02  8.758363E+00
     5.3000    2.894109E-02  6.196556E-02  8.938825E+00
     5.3500    2.061876E-02  6.997954E-02  9.125699E+00
     5.4000    8.321070E-03  7.746625E-02  9.317155E+00
     5.4500   -7.762649E-03  8.458904E-02  9.516676E+00
     5.5000   -2.641175E-02  9.112755E-02  9.718830E+00
     5.5500   -4.640153E-02  9.704546E-02  9.923316E+00
     5.6000   -6.631087E-02  1.023066E-01  1.012994E+01
     5.6500   -8.499416E-02  1.070506E-01  1.034208E+01
     5.7000   -1.005095E-01  1.110777E-01  1.055582E+01
     5.7500   -1.114889E-01  1.143574E-01  1.077112E+01
     5.8000   -1.168614E-01  1.168649E-01  1.098793E+01
     5.8500   -1.160392E-01  1.187265E-01  1.120874E+01
     5.9000   -1.086293E-01  1.197935E-01  1.143073E+01
     5.9500   -9.497388E-02  1.200611E-01  1.165385E+01
     6.0000   -7.593052E-02  1.195337E-01  1.187807E+01
     6.0500   -5.256649E-02  1.183414E-01  1.210610E+01
     6.1000   -2.672604E-02  1.163980E-01  1.233469E+01
     6.1500   -2.882553E-04  1.137315E-01  1.256384E+01
     6.2000    2.485284E-02  1.103783E-01  1.279348E+01
     6.2500    4.696160E-02  1.063835E-01  1.302357E+01
     6.3000    6.461748E-02  1.018003E-01  1.325405E+01
     6.3500    7.683801E-02  9.668945E-02  1.348487E+01
     6.4000    8.315423E-02  9.111885E-02  1.371595E+01
     6.4500    8.363073E-02  8.516203E-02  1.394725E+01
     6.5000    7.882895E-02  7.889705E-02  1.417872E+01
     6.5500    6.983852E-02  7.250631E-02  1.440928E+01
     6.6000    5.781301E-02  6.593941E-02  1.463888E+01
     6.6500    4.416225E-02  5.927080E-02  1.486729E+01
     6.7000    3.028057E-02  5.257478E-02  1.509419E+01
     6.7500    1.740719E-02  4.592415E-02  1.531920E+01
     6.8000    6.515194E-03  3.938883E-02  1.554179E+01
     6.8500   -1.759032E-03  3.303421E-02  1.576124E+01
     6.9000   -7.140627E-03  2.691976E-02  1.597643E+01
     6.9500   -9.696090E-03  2.109765E-02  1.618549E+01
     7.0000   -9.775504E-03  1.561204E-02  1.638457E+01
     7.0500   -7.715705E-03  1.041751E-02  1.654200E+01
     7.1000   -4.402870E-03  5.678458E-03  1.659525E+01
     7.1500   -5.591025E-04  2.141605E-03  1.597209E+01
     7.2000    3.150410E-03  3.927030E-03  1.477693E+01
     7.2500    6.180128E-03  7.435963E-03  1.472686E+01
     7.3000    8.141256E-03  1.076086E-02  1.484992E+01
     7.3500    8.812844E-03  1.377782E-02  1.501393E+01
     7.4000    8.130551E-03  1.648398E-02  1.519215E+01
     7.4500    6.159676E-03  1.890081E-02  1.537601E+01
     7.5000    3.060518E-03  2.105881E-02  1.556211E+01
     7.5500   -1.186298E-03  2.315780E-02  1.575921E+01
     7.6000   -6.140864E-03  2.504064E-02  1.595573E+01
     7.6500   -1.147949E-02  2.673481E-02  1.615177E+01
     7.7000   -1.687349E-02  2.826494E-02  1.634769E+01
     7.7500   -2.199988E-02  2.965119E-02  1.654395E+01
     7.8000   -2.654699E-02  3.090800E-02  1.674109E+01
     7.8500   -3.021880E-02  3.204332E-02  1.693968E+01
     7.9000   -3.274191E-02  3.305845E-02  1.714026E+01
     7.9500   -3.387772E-02  3.394848E-02  1.734333E+01
     8.0000   -3.344076E-02  3.470310E-02  1.754931E+01
     8.0500   -3.130202E-02  3.536549E-02  1.776285E+01
     8.1000   -2.741971E-02  3.585653E-02  1.797897E+01
     8.1500   -2.193320E-02  3.616301E-02  1.819789E+01
     8.2000   -1.511282E-02  3.627122E-02  1.841979E+01
     8.2500   -7.354194E-03  3.616796E-02  1.864479E+01
     8.3000    8.418358E-04  3.584151E-02  1.887305E+01
     8.3500    8.903944E-03  3.528247E-02  1.910468E+01
     8.4000    1.623796E-02  3.448446E-02  1.933984E+01
     8.4500    2.228309E-02  3.344477E-02  1.957875E+01
     8.5000    2.657072E-02  3.216479E-02  1.982167E+01
     8.5500    2.884194E-02  3.068274E-02  2.007220E+01
     8.6000    2.885173E-02  2.897681E-02  2.032740E+01
     8.6500    2.668050E-02  2.706075E-02  2.058819E+01
     8.7000    2.262381E-02  2.495332E-02  2.085589E+01
     8.7500    1.716754E-02  2.267930E-02  2.113249E+01
     8.8000    1.094039E-02  2.027126E-02  2.142107E+01
     8.8500    4.648162E-03  1.777309E-02  2.172654E+01
     8.9000   -1.003395E-03  1.524705E-02  2.205701E+01
     8.9500   -5.388138E-03  1.278861E-02  2.242605E+01
     9.0000   -8.032189E-03  1.055690E-02  2.285577E+01
     9.0500   -8.655227E-03  8.807647E-03  2.337564E+01
     9.1000   -7.235360E-03  7.959733E-03  2.399187E+01
     9.1500   -3.996993E-03  8.321250E-03  2.463170E+01
     9.2000    6.102299E-04  9.745400E-03  2.519540E+01
     9.2500    5.961102E-03  1.181467E-02  2.566160E+01
     9.3000    1.132586E-02  1.419360E-02  2.605664E+01
     9.3500    1.595458E-02  1.668406E-02  2.640674E+01
     9.4000    1.916517E-02  1.917126E-02  2.672875E+01
     9.4500    2.042463E-02  2.158325E-02  2.703268E+01
     9.5000    1.941394E-02  2.387071E-02  2.732454E+01
     9.5500    1.602740E-02  2.606437E-02  2.761205E+01
     9.6000    1.044779E-02  2.808544E-02  2.789317E+01
     9.6500    3.127302E-03  2.991087E-02  2.816959E+01
     9.7000   -5.275254E-03  3.152242E-02  2.844247E+01
     9.7500   -1.396576E-02  3.290597E-02  2.871265E+01
     9.8000   -2.210161E-02  3.405106E-02  2.898070E+01
     9.8500   -2.888389E-02  3.495077E-02  2.924705E+01
     9.9000   -3.364434E-02  3.560158E-02  2.951200E+01
     9.9500   -3.591681E-02  3.600335E-02  2.977578E+01
    10.0000   -3.548510E-02  3.615930E-02  3.003854E+01
    10.0500   -3.248160E-02  3.621423E-02  3.030315E+01
    10.1000   -2.705022E-02  3.603732E-02  3.056693E+01
    10.1500   -1.970883E-02  3.563647E-02  3.082990E+01
    10.2000   -1.114574E-02  3.502320E-02  3.109206E+01
    10.2500   -2.139442E-03  3.421253E-02  3.135335E+01
    10.3000    6.529277E-03  3.322279E-02  3.161374E+01
    10.3500    1.416092E-02  3.207514E-02  3.187319E+01
    10.4000    2.020528E-02  3.079297E-02  3.213165E+01
    10.4500    2.430597E-02  2.940119E-02  3.238914E+01
    10.5000    2.631742E-02  2.792543E-02  3.264571E+01
    10.5500    2.629545E-02  2.639128E-02  3.290148E+01
    10.6000    2.446606E-02  2.482358E-02  3.315665E+01
    10.6500    2.117975E-02  2.324585E-02  3.341153E+01
    10.7000    1.685983E-02  2.167980E-02  3.366656E+01
    10.7500    1.195222E-02  2.014511E-02  3.392236E+01
    10.8000    6.882767E-03  1.865932E-02  3.417973E+01
    10.8500    2.025756E-03  1.723786E-02  3.443973E+01
    10.9000   -2.314972E-03  1.589436E-02  3.470369E+01
    10.9500   -5.913021E-03  1.464108E-02  3.497326E+01
    11.0000   -8.616793E-03  1.348963E-02  3.525042E+01
    11.0500   -1.037695E-02  1.248885E-02  3.553824E+01
    11.1000   -1.112249E-02  1.160814E-02  3.583803E+01
    11.1500   -1.086062E-02  1.086370E-02  3.615214E+01
    11.2000   -9.638759E-03  1.027543E-02  3.648218E+01
    11.2500   -7.545899E-03  9.866438E-03  3.682837E+01
    11.3000   -4.719169E-03  9.660527E-03  3.718874E+01
    11.3500   -1.352370E-03  9.677172E-03  3.755890E+01
    11.4000    2.298243E-03  9.925750E-03  3.793278E+01
    11.4500    5.916144E-03  1.040172E-02  3.830412E+01
    11.5000    9.138967E-03  1.108679E-02  3.866810E+01
    11.5500    1.158718E-02  1.195245E-02  3.902205E+01
    11.6000    1.290569E-02  1.296460E-02  3.936527E+01
    11.6500    1.281362E-02  1.408723E-02  3.969840E+01
    11.7000    1.115433E-02  1.528474E-02  4.002272E+01
    11.7500    7.936328E-03  1.652304E-02  4.033969E+01
    11.8000    3.356148E-03  1.777006E-02  4.065070E+01
    11.8500   -2.203702E-03  1.899595E-02  4.095698E+01
    11.9000   -8.204351E-03  2.017319E-02  4.125954E+01
    11.9500   -1.400586E-02  2.127672E-02  4.155923E+01
    12.0000   -1.894174E-02  2.228399E-02  4.185672E+01
    12.0500   -2.245819E-02  2.322723E-02  4.215346E+01
    12.1000   -2.402701E-02  2.404415E-02  4.244927E+01
    12.1500   -2.336024E-02  2.471807E-02  4.274450E+01
    12.2000   -2.042113E-02  2.523487E-02  4.303944E+01
    12.2500   -1.544120E-02  2.558317E-02  4.333433E+01
    12.3000   -8.901494E-03  2.575454E-02  4.362939E+01
    12.3500   -1.478842E-03  2.574360E-02  4.392482E+01
    12.4000    6.036105E-03  2.554809E-02  4.422082E+01
    12.4500    1.283825E-02  2.516891E-02  4.451758E+01
    12.5000    1.821080E-02  2.461013E-02  4.481533E+01
    12.5500    2.161673E-02  2.387884E-02  4.511431E+01
    12.6000    2.276572E-02  2.298512E-02  4.541481E+01
    12.6500    2.164698E-02  2.194182E-02  4.571721E+01
    12.7000    1.852358E-02  2.076444E-02  4.602196E+01
    12.7500    1.388934E-02  1.947089E-02  4.632964E+01
    12.8000    8.395432E-03  1.808135E-02  4.664103E+01
    12.8500    2.757838E-03  1.661811E-02  4.695716E+01
    12.9000   -2.340466E-03  1.510557E-02  4.727946E+01
    12.9500   -6.338248E-03  1.357035E-02  4.760986E+01
    13.0000   -8.863312E-03  1.204172E-02  4.795111E+01
    13.0500   -9.789948E-03  1.056612E-02  4.830900E+01
    13.1000   -9.153514E-03  9.153762E-03  4.868732E+01
    13.1500   -7.235179E-03  7.852147E-03  4.909375E+01
    13.2000   -4.471976E-03  6.721587E-03  4.953757E+01
    13.2500   -1.382656E-03  5.836100E-03  5.002629E+01
    13.3000    1.513664E-03  5.271155E-03  5.055674E+01
    13.3500    3.773290E-03  5.067155E-03  5.110550E+01
    13.4000    5.086935E-03  5.190229E-03  5.163644E+01
    13.4500    5.313901E-03  5.542207E-03  5.212431E+01
    13.5000    4.487906E-03  6.012055E-03  5.256431E+01
    13.5500    2.795819E-03  6.511795E-03  5.296331E+01
    13.6000    5.348626E-04  6.982644E-03  5.333040E+01
    13.6500   -1.942982E-03  7.388680E-03  5.367317E+01
    13.7000   -4.289207E-03  7.709742E-03  5.399704E+01
    13.7500   -6.209894E-03  7.936428E-03  5.430567E+01
    13.8000   -7.502053E-03  8.066954E-03  5.460142E+01
    13.8500   -8.070809E-03  8.105193E-03  5.488573E+01
    13.9000   -7.926895E-03  8.059375E-03  5.515944E+01
    13.9500   -7.167464E-03  7.941139E-03  5.542296E+01
    14.0000   -5.945951E-03  7.764735E-03  5.567644E+01
    14.0500   -4.407530E-03  7.583642E-03  5.592848E+01
    14.1000   -2.714076E-03  7.361361E-03  5.617107E+01
    14.1500   -1.024378E-03  7.112776E-03  5.640415E+01
    14.2000    5.418551E-04  6.853066E-03  5.662782E+01
    14.2500    1.910610E-03  6.596840E-03  5.684250E+01
    14.3000    3.050183E-03  6.357110E-03  5.704910E+01
    14.3500    3.960243E-03  6.144157E-03  5.724911E+01
    14.4000    4.657032E-03  5.964464E-03  5.744461E+01
    14.4500    5.158704E-03  5.819967E-03  5.763813E+01
    14.5000    5.474298E-03  5.707881E-03  5.783239E+01
    14.5500    5.598685E-03  5.621208E-03  5.802991E+01
    14.6000    5.514231E-03  5.549830E-03  5.823279E+01
    14.6500    5.198327E-03  5.481900E-03  5.844252E+01
    14.7000    4.634608E-03  5.405211E-03  5.866000E+01
    14.7500    3.824854E-03  5.308320E-03  5.888568E+01
    14.8000    2.798477E-03  5.181330E-03  5.911970E+01
    14.8500    1.616981E-03  5.016351E-03  5.936206E+01
    14.9000    3.718693E-04  4.807719E-03  5.961283E+01
    14.9500   -8.241729E-04  4.552066E-03  5.987232E+01
    15.0000   -1.851622E-03  4.248320E-03  6.014124E+01
    15.0500   -2.621410E-03  3.893595E-03  6.042887E+01
    15.1000   -3.015351E-03  3.492540E-03  6.073217E+01
    15.1500   -2.990766E-03  3.053860E-03  6.105743E+01
    15.2000   -2.561085E-03  2.592230E-03  6.141623E+01
    15.2500   -1.797433E-03  2.133681E-03  6.183011E+01
    15.3000   -8.213249E-04  1.728287E-03  6.233663E+01
    15.3500    2.106731E-04  1.470763E-03  6.297559E+01
    15.4000    1.128164E-03  1.480325E-03  6.369841E+01
    15.4500    1.770915E-03  1.773560E-03  6.434803E+01
    15.5000    2.012105E-03  2.249225E-03  6.486596E+01
    15.5500    1.777406E-03  2.814791E-03  6.529002E+01
    15.6000    1.057136E-03  3.418628E-03  6.565906E+01
    15.6500   -9.027239E-05  4.032499E-03  6.599583E+01
    15.7000   -1.543979E-03  4.638988E-03  6.631275E+01
    15.7500   -3.134867E-03  5.225912E-03  6.661678E+01
    15.8000   -4.666192E-03  5.783917E-03  6.691208E+01
    15.8500   -5.938039E-03  6.305403E-03  6.720121E+01
    15.9000   -6.772430E-03  6.783999E-03  6.748583E+01
    15.9500   -7.035901E-03  7.214295E-03  6.776709E+01
    16.0000   -6.656761E-03  7.591694E-03  6.804577E+01
    16.0500   -5.667189E-03  7.959839E-03  6.832273E+01
    16.1000   -4.084690E-03  8.266816E-03  6.859823E+01
    16.1500   -2.043211E-03  8.509862E-03  6.887257E+01
    16.2000    2.688765E-04  8.686924E-03  6.914600E+01
    16.2500    2.630361E-03  8.796641E-03  6.941870E+01
    16.3000    4.812655E-03  8.838325E-03  6.969086E+01
    16.3500    6.606020E-03  8.811948E-03  6.996260E+01
    16.4000    7.843405E-03  8.718128E-03  7.023404E+01
    16.4500    8.419045E-03  8.558129E-03  7.050530E+01
    16.5000    8.299637E-03  8.333845E-03  7.077647E+01
    16.5500    7.526786E-03  8.047802E-03  7.104764E+01
    16.6000    6.210482E-03  7.703147E-03  7.131889E+01
    16.6500    4.514467E-03  7.303645E-03  7.159029E+01
    16.7000    2.635354E-03  6.853661E-03  7.186195E+01
    16.7500    7.781447E-04  6.358143E-03  7.213394E+01
    16.8000   -8.687025E-04  5.822596E-03  7.240639E+01
    16.8500   -2.155469E-03  5.253040E-03  7.267944E+01
    16.9000   -2.987755E-03  4.655966E-03  7.295335E+01
    16.9500   -3.335328E-03  4.038273E-03  7.322848E+01
    17.0000   -3.232168E-03  3.407207E-03  7.350550E+01
    17.0500   -2.805854E-03  2.808544E-03  7.378365E+01
    17.1000   -2.149797E-03  2.213274E-03  7.406750E+01
    17.1500   -1.400586E-03  1.629031E-03  7.436341E+01
    17.2000   -6.919760E-04  1.064499E-03  7.469058E+01
    17.2500   -1.364599E-04  5.353369E-04  7.514047E+01
    17.3000    1.887516E-04  1.956406E-04  7.670286E+01
    17.3500    2.495364E-04  5.410754E-04  7.806048E+01
    17.4000    5.566322E-05  9.703551E-04  7.848242E+01
    17.4500   -3.450531E-04  1.367682E-03  7.879486E+01
    17.5000   -8.778459E-04  1.722507E-03  7.907457E+01
    17.5500   -1.455166E-03  2.031475E-03  7.933832E+01
    17.6000   -1.991368E-03  2.293594E-03  7.959144E+01
    17.6500   -2.415420E-03  2.509559E-03  7.983584E+01
    17.7000   -2.679663E-03  2.681656E-03  8.007206E+01
    17.7500   -2.763457E-03  2.813769E-03  8.030000E+01
    17.8000   -2.671582E-03  2.911391E-03  8.051933E+01
    17.8500   -2.428260E-03  2.981564E-03  8.072967E+01
    17.9000   -2.068432E-03  3.032705E-03  8.093086E+01
    17.9500   -1.628404E-03  3.074216E-03  8.112317E+01
    18.0000   -1.137941E-03  3.115849E-03  8.130755E+01
    18.0500   -6.253985E-04  3.163804E-03  8.148243E+01
    18.1000   -8.866117E-05  3.232556E-03  8.165398E+01
    18.1500    4.785684E-04  3.326793E-03  8.182576E+01
    18.2000    1.084137E-03  3.447341E-03  8.200132E+01
    18.2500    1.728663E-03  3.591166E-03  8.218362E+01
    18.3000    2.397760E-03  3.752021E-03  8.237468E+01
    18.3500    3.057406E-03  3.921441E-03  8.257554E+01
    18.4000    3.654030E-03  4.089783E-03  8.278639E+01
    18.4500    4.119895E-03  4.247096E-03  8.300685E+01
    18.5000    4.383204E-03  4.383765E-03  8.323621E+01
    18.5500    4.381282E-03  4.490939E-03  8.347364E+01
    18.6000    4.074333E-03  4.560798E-03  8.371828E+01
    18.6500    3.456961E-03  4.586721E-03  8.396934E+01
    18.7000    2.564831E-03  4.563379E-03  8.422614E+01
    18.7500    1.474598E-03  4.486789E-03  8.448812E+01
    18.8000    2.964214E-04  4.354340E-03  8.475487E+01
    18.8500   -8.402410E-04  4.164794E-03  8.502614E+01
    18.9000   -1.805508E-03  3.918275E-03  8.530189E+01
    18.9500   -2.489558E-03  3.616243E-03  8.558233E+01
    19.0000   -2.821148E-03  3.261466E-03  8.586814E+01
    19.0500   -2.780331E-03  2.855947E-03  8.616317E+01
    19.1000   -2.398867E-03  2.405569E-03  8.646846E+01
    19.1500   -1.768183E-03  1.917557E-03  8.679112E+01
    19.2000   -1.020436E-03  1.402296E-03  8.714965E+01
    19.2500   -3.073395E-04  8.803663E-04  8.760798E+01
    19.3000    2.251722E-04  4.418962E-04  8.849927E+01
    19.3500    4.621707E-04  5.339735E-04  9.005998E+01
    19.4000    3.404639E-04  1.031317E-03  9.076975E+01
    19.4500   -1.389271E-04  1.583874E-03  9.119401E+01
    19.5000   -9.089446E-04  2.134881E-03  9.154599E+01
    19.5500   -1.845924E-03  2.666664E-03  9.187075E+01
    19.6000   -2.788924E-03  3.168233E-03  9.218263E+01
    19.6500   -3.565838E-03  3.630825E-03  9.248750E+01
    19.7000   -4.021974E-03  4.046957E-03  9.278816E+01
    19.7500   -4.046245E-03  4.410215E-03  9.308610E+01
    19.8000   -3.590528E-03  4.715224E-03  9.338219E+01
    19.8500   -2.678849E-03  4.957688E-03  9.367694E+01
    19.9000   -1.404789E-03  5.134432E-03  9.397064E+01
    19.9500    8.245749E-05  5.243434E-03  9.426351E+01
    20.0000    1.601060E-03  5.283853E-03  9.455563E+01
