# name:     beta-MnO_2  (pyrolusite?) cassiteriFeff8L (EXAFS)       0.1      
# formula:  MnO_2
# sites:    Mn1,O1
# refer1:   wyckoff vol 1, chapter IV, p 251
# refer2:
# schoen:   D_4h^14 (?)
# notes1:   cassiterite, beta-MnO_2
# notes2:
# notes3:
# POT  Non-SCF, core-hole, AFOLP (folp(0)= 1.150)
# Abs   Z=25 Rmt= 1.191 Rnm= 1.304 K  shell
# Pot 1 Z=25 Rmt= 1.194 Rnm= 1.312
# Pot 2 Z= 8 Rmt= 0.976 Rnm= 1.071
# Gam_ch=1.193E+00 H-L exch
# Mu= 8.963E-02 kf=2.351E+00 Vint=-2.097E+01 Rs_int= 1.543
# PATH  Rmax= 5.000,  Keep_limit= 0.00, Heap_limit 0.00  Pwcrit= 2.50%
#  S02=1.000                                        Global_sig2= 0.00000
#  Curved wave amplitude ratio filter   4.000%
#     file         sig2 tot  cw amp ratio   deg  nlegs   reff  inp sig2
#           1       0.00000    100.00      2.00     2   1.8775
#           2       0.00000    196.90      4.00     2   1.8910
#           3       0.00000     43.25      2.00     2   2.8710
#           4       0.00000      9.80      4.00     3   3.1219
#           5       0.00000     32.71     16.00     3   3.2166
#           6       0.00000      7.65      4.00     3   3.3265
#           7       0.00000     15.32      8.00     3   3.3265
#           8       0.00000     52.60      4.00     2   3.3433
#           9       0.00000    114.20      8.00     2   3.4239
#          10       0.00000     49.39      4.00     2   3.4304
#          11       0.00000     24.77      8.00     3   3.5962
#          12       0.00000     24.82      8.00     3   3.5962
#          13       0.00000     16.67      2.00     3   3.7550
#          14       0.00000     17.87      2.00     4   3.7550
#          15       0.00000      6.26      2.00     4   3.7550
#          16       0.00000      7.02      4.00     4   3.7685
#          17       0.00000      7.02      4.00     4   3.7685
#          19       0.00000     32.51      4.00     3   3.7820
#          20       0.00000     34.68      4.00     4   3.7820
#          21       0.00000     12.17      4.00     4   3.7820
#          22       0.00000      4.79      4.00     4   3.7820
#          24       0.00000     71.61      8.00     2   3.9049
#          25       0.00000     21.36     16.00     3   3.9495
#          26       0.00000     21.47     16.00     3   3.9931
#          28       0.00000      9.22      8.00     3   4.0895
#          29       0.00000     13.17      8.00     3   4.0895
#          30       0.00000     30.97     16.00     3   4.2236
#          31       0.00000      6.31     16.00     3   4.3291
#          32       0.00000     14.07     16.00     3   4.3291
#          33       0.00000     13.69      2.00     2   4.3394
#          34       0.00000     33.93      4.00     3   4.3394
#          35       0.00000     20.92      2.00     4   4.3394
#          36       0.00000      6.66      4.00     4   4.3529
#          37       0.00000      7.46      8.00     3   4.3726
#          38       0.00000     30.72      4.00     2   4.3960
#          39       0.00000     52.61      8.00     2   4.4068
#          40       0.00000     25.23      4.00     2   4.4790
#          41       0.00000     82.06     16.00     3   4.4813
#          42       0.00000     14.72     16.00     3   4.4854
#          43       0.00000      5.32      8.00     4   4.5422
#          44       0.00000     13.17      8.00     4   4.5422
#          45       0.00000      7.09      8.00     4   4.5422
#          46       0.00000      5.29      8.00     4   4.5557
#          47       0.00000     13.15      8.00     4   4.5557
#          48       0.00000     37.05      8.00     4   4.5557
#          51       0.00000      5.28      8.00     4   4.5574
#          52       0.00000      5.01     16.00     3   4.6031
#          53       0.00000     17.38     16.00     3   4.6031
#          54       0.00000     13.06      8.00     3   4.6205
#          55       0.00000     26.50      8.00     3   4.6205
#          56       0.00000     18.72      8.00     3   4.6205
#          58       0.00000      4.33      8.00     4   4.7620
#          59       0.00000      6.16      8.00     4   4.7620
#          60       0.00000      6.36      4.00     4   4.7620
#          61       0.00000      9.97      4.00     4   4.7620
#          63       0.00000      4.23      8.00     4   4.7620
#          64       0.00000     10.51      8.00     4   4.7620
#          65       0.00000      8.45     16.00     4   4.7754
#          66       0.00000      6.82      8.00     3   4.8084
#          67       0.00000      6.03      8.00     3   4.8084
#          68       0.00000      8.38      8.00     3   4.8084
#          70       0.00000      7.95      8.00     3   4.8271
#          71       0.00000      4.49      8.00     4   4.8271
#          72       0.00000      9.56      8.00     4   4.8271
#          74       0.00000      4.25      8.00     3   4.8594
#          75       0.00000      7.11     16.00     3   4.8609
#          76       0.00000     15.83     16.00     3   4.8609
#          78       0.00000      7.77     16.00     4   4.9218
#          80       0.00000      5.61     16.00     4   4.9353
#          81       0.00000     13.63     16.00     4   4.9353
#          82       0.00000      7.35     16.00     3   4.9565
#          83       0.00000     23.23     16.00     3   4.9839
#          84       0.00000      8.17      8.00     4   4.9994
#          86       0.00000      9.82      8.00     5   4.9994
#    74/  81 paths used
#  xsedge+50, used to normalize mu           3.4828E-04
#  -----------------------------------------------------------------------
#  omega    e    k    mu    mu0     chi     @#
    6543.212      0.099   0.050  4.46404E-02  4.86450E-01 -4.72822E-01
    6543.240      0.128   0.100  5.84752E-02  4.96085E-01 -4.68183E-01
    6543.288      0.175   0.150  9.93499E-02  5.24285E-01 -4.54207E-01
    6543.355      0.242   0.200  1.40406E-01  5.52485E-01 -4.40062E-01
    6543.440      0.328   0.250  2.03412E-01  5.93768E-01 -4.16240E-01
    6543.545      0.433   0.300  2.66881E-01  6.35050E-01 -3.91996E-01
    6543.669      0.556   0.350  3.40702E-01  6.77228E-01 -3.57578E-01
    6543.812      0.699   0.400  4.15315E-01  7.19406E-01 -3.22460E-01
    6543.974      0.861   0.450  4.91566E-01  7.53195E-01 -2.76740E-01
    6544.155      1.042   0.500  5.68855E-01  7.86984E-01 -2.30153E-01
    6544.355      1.242   0.550  6.47232E-01  8.11414E-01 -1.72730E-01
    6544.574      1.461   0.600  7.26638E-01  8.35843E-01 -1.14559E-01
    6544.812      1.699   0.650  8.09479E-01  8.53441E-01 -4.59700E-02
    6545.069      1.957   0.700  8.92862E-01  8.71040E-01  2.27456E-02
    6545.345      2.233   0.750  9.81223E-01  8.84208E-01  1.00773E-01
    6545.641      2.528   0.800  1.06895E+00  8.97377E-01  1.77615E-01
    6545.955      2.842   0.850  1.16125E+00  9.07699E-01  2.61544E-01
    6546.288      3.176   0.900  1.25088E+00  9.18020E-01  3.42138E-01
    6546.641      3.528   0.950  1.34277E+00  9.26441E-01  4.26392E-01
    6547.012      3.900   1.000  1.42907E+00  9.34863E-01  5.04337E-01
    6547.403      4.290   1.050  1.51368E+00  9.41936E-01  5.81408E-01
    6547.812      4.700   1.100  1.58909E+00  9.49009E-01  6.48607E-01
    6548.241      5.128   1.150  1.65777E+00  9.55055E-01  7.09666E-01
    6548.689      5.576   1.200  1.71346E+00  9.61100E-01  7.57236E-01
    6549.155      6.043   1.250  1.75717E+00  9.66300E-01  7.93482E-01
    6549.641      6.528   1.300  1.78477E+00  9.71500E-01  8.13386E-01
    6550.146      7.033   1.350  1.79610E+00  9.75957E-01  8.17922E-01
    6550.670      7.557   1.400  1.78993E+00  9.80413E-01  8.05021E-01
    6551.213      8.100   1.450  1.76551E+00  9.84183E-01  7.75050E-01
    6551.775      8.662   1.500  1.72494E+00  9.87954E-01  7.29235E-01
    6552.356      9.243   1.550  1.66756E+00  9.91069E-01  6.67989E-01
    6552.956      9.843   1.600  1.59870E+00  9.94184E-01  5.95672E-01
    6553.575     10.462   1.650  1.51832E+00  9.96663E-01  5.13190E-01
    6554.213     11.100   1.700  1.43419E+00  9.99142E-01  4.27295E-01
    6554.870     11.758   1.750  1.34695E+00  1.00100E+00  3.39406E-01
    6555.547     12.434   1.800  1.26541E+00  1.00286E+00  2.57296E-01
    6556.242     13.129   1.850  1.19035E+00  1.00410E+00  1.82398E-01
    6556.956     13.844   1.900  1.12955E+00  1.00535E+00  1.21557E-01
    6557.690     14.577   1.950  1.08307E+00  1.00597E+00  7.54507E-02
    6558.442     15.330   2.000  1.05567E+00  1.00660E+00  4.80214E-02
    6559.214     16.101   2.050  1.04507E+00  1.00643E+00  3.78379E-02
    6560.004     16.892   2.100  1.05289E+00  1.00626E+00  4.56906E-02
    6560.814     17.701   2.150  1.07576E+00  1.00609E+00  6.83177E-02
    6561.643     18.530   2.200  1.10910E+00  1.00593E+00  1.01242E-01
    6562.490     19.378   2.250  1.14676E+00  1.00471E+00  1.39631E-01
    6563.357     20.244   2.300  1.18357E+00  1.00349E+00  1.77310E-01
    6564.243     21.130   2.350  1.21361E+00  1.00228E+00  2.08448E-01
    6565.148     22.035   2.400  1.23197E+00  1.00106E+00  2.28149E-01
    6566.072     22.959   2.450  1.23260E+00  9.98203E-01  2.32419E-01
    6567.015     23.902   2.500  1.21436E+00  9.95346E-01  2.17937E-01
    6567.977     24.864   2.550  1.17787E+00  9.92488E-01  1.85126E-01
    6568.958     25.845   2.600  1.12577E+00  9.89631E-01  1.36444E-01
    6569.958     26.845   2.650  1.06281E+00  9.88534E-01  7.45856E-02
    6570.977     27.864   2.700  9.95860E-01  9.87437E-01  8.47528E-03
    6572.015     28.903   2.750  9.30602E-01  9.86340E-01 -5.61948E-02
    6573.073     29.960   2.800  8.71671E-01  9.85243E-01 -1.14730E-01
    6574.149     31.036   2.850  8.22441E-01  9.86995E-01 -1.66055E-01
    6575.244     32.132   2.900  7.82665E-01  9.88747E-01 -2.07742E-01
    6576.359     33.246   2.950  7.53096E-01  9.90499E-01 -2.39063E-01
    6577.492     34.379   3.000  7.33405E-01  9.92251E-01 -2.60382E-01
    6578.645     35.532   3.050  7.20912E-01  9.93055E-01 -2.73597E-01
    6579.816     36.704   3.100  7.16390E-01  9.93859E-01 -2.78788E-01
    6581.007     37.894   3.150  7.18090E-01  9.94663E-01 -2.77724E-01
    6582.217     39.104   3.200  7.24253E-01  9.95467E-01 -2.72184E-01
    6583.445     40.333   3.250  7.33206E-01  9.95319E-01 -2.62936E-01
    6584.693     41.580   3.300  7.44085E-01  9.95171E-01 -2.51766E-01
    6585.960     42.847   3.350  7.56234E-01  9.95023E-01 -2.39332E-01
    6587.246     44.133   3.400  7.69553E-01  9.94875E-01 -2.25737E-01
    6588.551     45.438   3.450  7.83829E-01  9.94876E-01 -2.11351E-01
    6589.875     46.762   3.500  8.00030E-01  9.94877E-01 -1.95050E-01
    6591.218     48.105   3.550  8.18983E-01  9.94879E-01 -1.76007E-01
    6592.580     49.467   3.600  8.41452E-01  9.94880E-01 -1.53463E-01
    6593.961     50.848   3.650  8.67133E-01  9.94390E-01 -1.27220E-01
    6595.361     52.248   3.700  8.97098E-01  9.93899E-01 -9.67223E-02
    6596.780     53.668   3.750  9.31005E-01  9.93409E-01 -6.23205E-02
    6598.219     55.106   3.800  9.67870E-01  9.92919E-01 -2.50027E-02
    6599.676     56.563   3.850  1.00667E+00  9.92775E-01  1.38668E-02
    6601.152     58.039   3.900  1.04555E+00  9.92630E-01  5.27807E-02
    6602.648     59.535   3.950  1.08250E+00  9.92486E-01  8.97282E-02
    6604.162     61.049   4.000  1.11544E+00  9.92342E-01  1.22661E-01
    6605.696     62.583   4.050  1.14322E+00  9.92211E-01  1.50399E-01
    6607.248     64.135   4.100  1.16375E+00  9.92081E-01  1.70894E-01
    6608.820     65.707   4.150  1.17603E+00  9.91950E-01  1.83155E-01
    6610.410     67.298   4.200  1.17968E+00  9.91820E-01  1.86820E-01
    6612.020     68.907   4.250  1.17535E+00  9.91744E-01  1.82473E-01
    6613.649     70.536   4.300  1.16336E+00  9.91668E-01  1.70524E-01
    6615.297     72.184   4.350  1.14508E+00  9.91592E-01  1.52345E-01
    6616.964     73.851   4.400  1.12224E+00  9.91516E-01  1.29667E-01
    6618.650     75.537   4.450  1.09715E+00  9.91778E-01  1.04454E-01
    6620.355     77.242   4.500  1.07122E+00  9.92040E-01  7.84420E-02
    6622.079     78.966   4.550  1.04631E+00  9.92302E-01  5.34664E-02
    6623.822     80.709   4.600  1.02397E+00  9.92564E-01  3.10780E-02
    6625.584     82.471   4.650  1.00532E+00  9.92691E-01  1.24906E-02
    6627.365     84.252   4.700  9.91309E-01  9.92818E-01 -1.49187E-03
    6629.165     86.052   4.750  9.82282E-01  9.92945E-01 -1.05319E-02
    6630.984     87.872   4.800  9.78160E-01  9.93072E-01 -1.47201E-02
    6632.823     89.710   4.850  9.78753E-01  9.93222E-01 -1.42764E-02
    6634.680     91.567   4.900  9.83142E-01  9.93371E-01 -1.00900E-02
    6636.556     93.444   4.950  9.90319E-01  9.93521E-01 -3.15739E-03
    6638.452     95.339   5.000  9.99142E-01  9.93670E-01  5.39287E-03
    6640.366     97.254   5.050  1.00855E+00  9.93787E-01  1.45489E-02
    6642.300     99.187   5.100  1.01716E+00  9.93904E-01  2.29125E-02
    6644.253    101.140   5.150  1.02385E+00  9.94021E-01  2.93836E-02
    6646.224    103.112   5.200  1.02768E+00  9.94139E-01  3.30407E-02
    6648.215    105.102   5.250  1.02758E+00  9.94043E-01  3.30466E-02
    6650.225    107.112   5.300  1.02331E+00  9.93948E-01  2.89411E-02
    6652.254    109.141   5.350  1.01477E+00  9.93853E-01  2.06188E-02
    6654.301    111.189   5.400  1.00220E+00  9.93758E-01  8.32107E-03
    6656.368    113.256   5.450  9.85576E-01  9.93444E-01 -7.76265E-03
    6658.454    115.342   5.500  9.66376E-01  9.93129E-01 -2.64118E-02
    6660.559    117.447   5.550  9.45843E-01  9.92814E-01 -4.64015E-02
    6662.683    119.571   5.600  9.25417E-01  9.92499E-01 -6.63109E-02
    6664.827    121.714   5.650  9.05988E-01  9.91885E-01 -8.49942E-02
    6666.989    123.876   5.700  8.89794E-01  9.91270E-01 -1.00509E-01
    6669.170    126.057   5.750  8.78207E-01  9.90656E-01 -1.11489E-01
    6671.370    128.257   5.800  8.72291E-01  9.90041E-01 -1.16861E-01
    6673.589    130.477   5.850  8.72395E-01  9.89156E-01 -1.16039E-01
    6675.828    132.715   5.900  8.79116E-01  9.88271E-01 -1.08629E-01
    6678.085    134.973   5.950  8.92083E-01  9.87386E-01 -9.49739E-02
    6680.362    137.249   6.000  9.10412E-01  9.86501E-01 -7.59305E-02
    6682.657    139.545   6.050  9.32662E-01  9.85242E-01 -5.25665E-02
    6684.972    141.859   6.100  9.57299E-01  9.83983E-01 -2.67260E-02
    6687.305    144.193   6.150  9.82437E-01  9.82724E-01 -2.88255E-04
    6689.658    146.545   6.200  1.00619E+00  9.81465E-01  2.48528E-02
    6692.030    148.917   6.250  1.02684E+00  9.80206E-01  4.69616E-02
    6694.421    151.308   6.300  1.04299E+00  9.78947E-01  6.46175E-02
    6696.830    153.718   6.350  1.05370E+00  9.77688E-01  7.68380E-02
    6699.259    156.147   6.400  1.05854E+00  9.76429E-01  8.31542E-02
    6701.707    158.594   6.450  1.05760E+00  9.75170E-01  8.36307E-02
    6704.174    161.061   6.500  1.05146E+00  9.73912E-01  7.88289E-02
    6706.660    163.547   6.550  1.04099E+00  9.72423E-01  6.98385E-02
    6709.165    166.052   6.600  1.02758E+00  9.70935E-01  5.78130E-02
    6711.689    168.577   6.650  1.01263E+00  9.69447E-01  4.41622E-02
    6714.232    171.120   6.700  9.97505E-01  9.67959E-01  3.02806E-02
    6716.795    173.682   6.750  9.83421E-01  9.66471E-01  1.74072E-02
    6719.376    176.263   6.800  9.71314E-01  9.64983E-01  6.51519E-03
    6721.976    178.864   6.850  9.61789E-01  9.63495E-01 -1.75903E-03
    6724.596    181.483   6.900  9.55097E-01  9.62007E-01 -7.14063E-03
    6727.234    184.121   6.950  9.51155E-01  9.60519E-01 -9.69609E-03
    6729.891    186.779   7.000  9.49610E-01  9.59031E-01 -9.77550E-03
    6732.568    189.455   7.050  9.50324E-01  9.57747E-01 -7.71571E-03
    6735.264    192.151   7.100  9.52234E-01  9.56462E-01 -4.40287E-03
    6737.978    194.865   7.150  9.54642E-01  9.55178E-01 -5.59102E-04
    6740.712    197.599   7.200  9.56909E-01  9.53893E-01  3.15041E-03
    6743.465    200.352   7.250  9.58514E-01  9.52609E-01  6.18013E-03
    6746.236    203.124   7.300  9.59090E-01  9.51325E-01  8.14126E-03
    6749.027    205.914   7.350  9.58431E-01  9.50040E-01  8.81284E-03
    6751.837    208.724   7.400  9.56484E-01  9.48756E-01  8.13055E-03
    6754.666    211.553   7.450  9.53316E-01  9.47471E-01  6.15968E-03
    6757.514    214.401   7.500  9.49086E-01  9.46187E-01  3.06052E-03
    6760.381    217.268   7.550  9.44146E-01  9.45268E-01 -1.18630E-03
    6763.267    220.154   7.600  9.38545E-01  9.44349E-01 -6.14086E-03
    6766.172    223.059   7.650  9.32592E-01  9.43430E-01 -1.14795E-02
    6769.096    225.983   7.700  9.26598E-01  9.42511E-01 -1.68735E-02
    6772.039    228.927   7.750  9.20866E-01  9.41592E-01 -2.19999E-02
    6775.002    231.889   7.800  9.15691E-01  9.40674E-01 -2.65470E-02
    6777.983    234.870   7.850  9.11347E-01  9.39755E-01 -3.02188E-02
    6780.983    237.871   7.900  9.08090E-01  9.38836E-01 -3.27419E-02
    6784.003    240.890   7.950  9.06139E-01  9.37917E-01 -3.38777E-02
    6787.041    243.928   8.000  9.05664E-01  9.36998E-01 -3.34408E-02
    6790.099    246.986   8.050  9.06902E-01  9.36210E-01 -3.13020E-02
    6793.175    250.063   8.100  9.09767E-01  9.35422E-01 -2.74197E-02
    6796.271    253.158   8.150  9.14128E-01  9.34633E-01 -2.19332E-02
    6799.386    256.273   8.200  9.19726E-01  9.33845E-01 -1.51128E-02
    6802.519    259.407   8.250  9.26192E-01  9.33057E-01 -7.35419E-03
    6805.672    262.559   8.300  9.33054E-01  9.32269E-01  8.41836E-04
    6808.844    265.731   8.350  9.39781E-01  9.31481E-01  8.90394E-03
    6812.035    268.922   8.400  9.45818E-01  9.30693E-01  1.62380E-02
    6815.245    272.132   8.450  9.50645E-01  9.29904E-01  2.22831E-02
    6818.474    275.361   8.500  9.53829E-01  9.29116E-01  2.65707E-02
    6821.722    278.609   8.550  9.55062E-01  9.28255E-01  2.88419E-02
    6824.989    281.876   8.600  9.54191E-01  9.27394E-01  2.88517E-02
    6828.275    285.162   8.650  9.51296E-01  9.26532E-01  2.66805E-02
    6831.580    288.467   8.700  9.46655E-01  9.25671E-01  2.26238E-02
    6834.904    291.791   8.750  9.40722E-01  9.24810E-01  1.71675E-02
    6838.247    295.135   8.800  9.34082E-01  9.23948E-01  1.09404E-02
    6841.610    298.497   8.850  9.27389E-01  9.23087E-01  4.64816E-03
    6844.991    301.878   8.900  9.21298E-01  9.22226E-01 -1.00340E-03
    6848.391    305.279   8.950  9.16384E-01  9.21364E-01 -5.38814E-03
    6851.811    308.698   9.000  9.13084E-01  9.20503E-01 -8.03219E-03
    6855.249    312.137   9.050  9.11348E-01  9.19331E-01 -8.65523E-03
    6858.707    315.594   9.100  9.11495E-01  9.18159E-01 -7.23536E-03
    6862.184    319.071   9.150  9.13311E-01  9.16988E-01 -3.99699E-03
    6865.679    322.567   9.200  9.16376E-01  9.15816E-01  6.10230E-04
    6869.194    326.081   9.250  9.20112E-01  9.14644E-01  5.96110E-03
    6872.728    329.615   9.300  9.23847E-01  9.13472E-01  1.13259E-02
    6876.281    333.168   9.350  9.26895E-01  9.12300E-01  1.59546E-02
    6879.852    336.740   9.400  9.28635E-01  9.11129E-01  1.91652E-02
    6883.443    340.331   9.450  9.28588E-01  9.09957E-01  2.04246E-02
    6887.053    343.941   9.500  9.26469E-01  9.08785E-01  1.94139E-02
    6890.682    347.570   9.550  9.21984E-01  9.07406E-01  1.60274E-02
    6894.330    351.218   9.600  9.15516E-01  9.06028E-01  1.04478E-02
    6897.997    354.885   9.650  9.07485E-01  9.04649E-01  3.12730E-03
    6901.684    358.571   9.700  8.98494E-01  9.03270E-01 -5.27525E-03
    6905.389    362.276   9.750  8.89265E-01  9.01892E-01 -1.39658E-02
    6909.113    366.000   9.800  8.80561E-01  9.00513E-01 -2.21016E-02
    6912.856    369.744   9.850  8.73099E-01  8.99134E-01 -2.88839E-02
    6916.619    373.506   9.900  8.67475E-01  8.97756E-01 -3.36443E-02
    6920.400    377.287   9.950  8.64099E-01  8.96377E-01 -3.59168E-02
    6924.201    381.088  10.000  8.63157E-01  8.94998E-01 -3.54851E-02
    6928.020    384.907  10.050  8.64583E-01  8.93689E-01 -3.24816E-02
    6931.859    388.746  10.100  8.68175E-01  8.92379E-01 -2.70502E-02
    6935.716    392.604  10.150  8.73459E-01  8.91069E-01 -1.97088E-02
    6939.593    396.480  10.200  8.79814E-01  8.89759E-01 -1.11457E-02
    6943.489    400.376  10.250  8.86543E-01  8.88449E-01 -2.13944E-03
    6947.403    404.291  10.300  8.92949E-01  8.87140E-01  6.52928E-03
    6951.337    408.224  10.350  8.98411E-01  8.85830E-01  1.41609E-02
    6955.290    412.177  10.400  9.02446E-01  8.84520E-01  2.02053E-02
    6959.262    416.149  10.450  9.04743E-01  8.83210E-01  2.43060E-02
    6963.253    420.140  10.500  9.05182E-01  8.81901E-01  2.63174E-02
    6967.263    424.150  10.550  9.03820E-01  8.80591E-01  2.62955E-02
    6971.292    428.179  10.600  9.00863E-01  8.79281E-01  2.44661E-02
    6975.340    432.227  10.650  8.96627E-01  8.77971E-01  2.11798E-02
    6979.407    436.294  10.700  8.91491E-01  8.76661E-01  1.68598E-02
    6983.493    440.381  10.750  8.85849E-01  8.75352E-01  1.19522E-02
    6987.599    444.486  10.800  8.80078E-01  8.74042E-01  6.88277E-03
    6991.723    448.610  10.850  8.74506E-01  8.72732E-01  2.02576E-03
    6995.866    452.754  10.900  8.69398E-01  8.71422E-01 -2.31497E-03
    7000.029    456.916  10.950  8.64949E-01  8.70112E-01 -5.91302E-03
    7004.210    461.097  11.000  8.61289E-01  8.68803E-01 -8.61679E-03
    7008.411    465.298  11.050  8.58521E-01  8.67557E-01 -1.03769E-02
    7012.630    469.518  11.100  8.56639E-01  8.66311E-01 -1.11225E-02
    7016.869    473.756  11.150  8.55634E-01  8.65065E-01 -1.08606E-02
    7021.127    478.014  11.200  8.55461E-01  8.63819E-01 -9.63876E-03
    7025.403    482.291  11.250  8.56039E-01  8.62573E-01 -7.54590E-03
    7029.699    486.586  11.300  8.57246E-01  8.61327E-01 -4.71917E-03
    7034.014    490.901  11.350  8.58913E-01  8.60081E-01 -1.35237E-03
    7038.348    495.235  11.400  8.60816E-01  8.58835E-01  2.29824E-03
    7042.701    499.588  11.450  8.62683E-01  8.57589E-01  5.91614E-03
    7047.073    503.960  11.500  8.64201E-01  8.56343E-01  9.13897E-03
    7051.464    508.351  11.550  8.65046E-01  8.55097E-01  1.15872E-02
    7055.874    512.761  11.600  8.64916E-01  8.53851E-01  1.29057E-02
    7060.303    517.190  11.650  8.63575E-01  8.52605E-01  1.28136E-02
    7064.751    521.638  11.700  8.60895E-01  8.51359E-01  1.11543E-02
    7069.218    526.105  11.750  8.56888E-01  8.50113E-01  7.93633E-03
    7073.704    530.592  11.800  8.51728E-01  8.48867E-01  3.35615E-03
    7078.210    535.097  11.850  8.45745E-01  8.47621E-01 -2.20370E-03
    7082.734    539.621  11.900  8.39401E-01  8.46375E-01 -8.20435E-03
    7087.277    544.165  11.950  8.33240E-01  8.45129E-01 -1.40059E-02
    7091.840    548.727  12.000  8.27827E-01  8.43883E-01 -1.89417E-02
    7096.421    553.309  12.050  8.23390E-01  8.42391E-01 -2.24582E-02
    7101.022    557.909  12.100  8.20608E-01  8.40900E-01 -2.40270E-02
    7105.641    562.529  12.150  8.19715E-01  8.39408E-01 -2.33602E-02
    7110.280    567.167  12.200  8.20732E-01  8.37916E-01 -2.04211E-02
    7114.938    571.825  12.250  8.23455E-01  8.36425E-01 -1.54412E-02
    7119.615    576.502  12.300  8.27470E-01  8.34933E-01 -8.90149E-03
    7124.310    581.198  12.350  8.32204E-01  8.33441E-01 -1.47884E-03
    7129.025    585.912  12.400  8.36991E-01  8.31949E-01  6.03610E-03
    7133.759    590.646  12.450  8.41162E-01  8.30458E-01  1.28383E-02
    7138.512    595.399  12.500  8.44122E-01  8.28966E-01  1.82108E-02
    7143.284    600.171  12.550  8.45431E-01  8.27474E-01  2.16167E-02
    7148.075    604.962  12.600  8.44859E-01  8.25983E-01  2.27657E-02
    7152.885    609.773  12.650  8.42406E-01  8.24491E-01  2.16470E-02
    7157.714    614.602  12.700  8.38301E-01  8.22999E-01  1.85236E-02
    7162.563    619.450  12.750  8.32960E-01  8.21507E-01  1.38893E-02
    7167.430    624.317  12.800  8.26925E-01  8.20016E-01  8.39543E-03
    7172.316    629.203  12.850  8.20789E-01  8.18524E-01  2.75784E-03
    7177.222    634.109  12.900  8.15113E-01  8.17032E-01 -2.34047E-03
    7182.146    639.033  12.950  8.10353E-01  8.15540E-01 -6.33825E-03
    7187.089    643.977  13.000  8.06809E-01  8.14049E-01 -8.86331E-03
    7192.052    648.939  13.050  8.04583E-01  8.12566E-01 -9.78995E-03
    7197.033    653.921  13.100  8.03633E-01  8.11082E-01 -9.15351E-03
    7202.034    658.921  13.150  8.03722E-01  8.09599E-01 -7.23518E-03
    7207.054    663.941  13.200  8.04490E-01  8.08116E-01 -4.47198E-03
    7212.092    668.980  13.250  8.05514E-01  8.06633E-01 -1.38266E-03
    7217.150    674.037  13.300  8.06373E-01  8.05150E-01  1.51366E-03
    7222.227    679.114  13.350  8.06709E-01  8.03667E-01  3.77329E-03
    7227.323    684.210  13.400  8.06278E-01  8.02184E-01  5.08694E-03
    7232.438    689.325  13.450  8.04969E-01  8.00700E-01  5.31390E-03
    7237.572    694.459  13.500  8.02816E-01  7.99217E-01  4.48791E-03
    7242.725    699.612  13.550  7.99972E-01  7.97734E-01  2.79582E-03
    7247.897    704.784  13.600  7.96678E-01  7.96251E-01  5.34863E-04
    7253.088    709.975  13.650  7.93219E-01  7.94768E-01 -1.94298E-03
    7258.298    715.185  13.700  7.89871E-01  7.93285E-01 -4.28921E-03
    7263.527    720.414  13.750  7.86869E-01  7.91802E-01 -6.20989E-03
    7268.775    725.663  13.800  7.84371E-01  7.90318E-01 -7.50205E-03
    7274.043    730.930  13.850  7.82449E-01  7.88835E-01 -8.07081E-03
    7279.329    736.216  13.900  7.81092E-01  7.87352E-01 -7.92689E-03
    7284.634    741.522  13.950  7.80219E-01  7.85869E-01 -7.16746E-03
    7289.959    746.846  14.000  7.79708E-01  7.84386E-01 -5.94595E-03
    7295.302    752.190  14.050  7.79467E-01  7.82928E-01 -4.40753E-03
    7300.665    757.552  14.100  7.79343E-01  7.81470E-01 -2.71408E-03
    7306.047    762.934  14.150  7.79211E-01  7.80012E-01 -1.02438E-03
    7311.447    768.334  14.200  7.78977E-01  7.78554E-01  5.41855E-04
    7316.867    773.754  14.250  7.78585E-01  7.77096E-01  1.91061E-03
    7322.306    779.193  14.300  7.78011E-01  7.75638E-01  3.05018E-03
    7327.763    784.651  14.350  7.77255E-01  7.74180E-01  3.96024E-03
    7333.240    790.128  14.400  7.76331E-01  7.72722E-01  4.65703E-03
    7338.736    795.623  14.450  7.75254E-01  7.71264E-01  5.15870E-03
    7344.251    801.138  14.500  7.74032E-01  7.69806E-01  5.47430E-03
    7349.785    806.672  14.550  7.72662E-01  7.68348E-01  5.59869E-03
    7355.338    812.225  14.600  7.71131E-01  7.66890E-01  5.51423E-03
    7360.910    817.798  14.650  7.69422E-01  7.65432E-01  5.19833E-03
    7366.501    823.389  14.700  7.67525E-01  7.63974E-01  4.63461E-03
    7372.112    828.999  14.750  7.65441E-01  7.62516E-01  3.82485E-03
    7377.741    834.628  14.800  7.63194E-01  7.61058E-01  2.79848E-03
    7383.389    840.276  14.850  7.60832E-01  7.59600E-01  1.61698E-03
    7389.057    845.944  14.900  7.58425E-01  7.58142E-01  3.71869E-04
    7394.743    851.630  14.950  7.56059E-01  7.56685E-01 -8.24173E-04
    7400.448    857.336  15.000  7.53825E-01  7.55227E-01 -1.85162E-03
    7406.173    863.060  15.050  7.51669E-01  7.53649E-01 -2.62141E-03
    7411.916    868.804  15.100  7.49799E-01  7.52072E-01 -3.01535E-03
    7417.679    874.566  15.150  7.48245E-01  7.50495E-01 -2.99077E-03
    7423.461    880.348  15.200  7.46996E-01  7.48918E-01 -2.56109E-03
    7429.261    886.149  15.250  7.45994E-01  7.47341E-01 -1.79743E-03
    7435.081    891.968  15.300  7.45150E-01  7.45764E-01 -8.21325E-04
    7440.920    897.807  15.350  7.44344E-01  7.44186E-01  2.10673E-04
    7446.778    903.665  15.400  7.43449E-01  7.42609E-01  1.12816E-03
    7452.655    909.542  15.450  7.42347E-01  7.41032E-01  1.77092E-03
    7458.551    915.438  15.500  7.40946E-01  7.39455E-01  2.01211E-03
    7464.466    921.353  15.550  7.39192E-01  7.37878E-01  1.77741E-03
    7470.400    927.287  15.600  7.37080E-01  7.36301E-01  1.05714E-03
    7476.353    933.240  15.650  7.34657E-01  7.34723E-01 -9.02724E-05
    7482.325    939.212  15.700  7.32012E-01  7.33146E-01 -1.54398E-03
    7488.316    945.203  15.750  7.29272E-01  7.31569E-01 -3.13487E-03
    7494.326    951.214  15.800  7.26580E-01  7.29992E-01 -4.66619E-03
    7500.356    957.243  15.850  7.24083E-01  7.28415E-01 -5.93804E-03
    7506.404    963.291  15.900  7.21908E-01  7.26838E-01 -6.77243E-03
    7512.471    969.359  15.950  7.20151E-01  7.25260E-01 -7.03590E-03
    7518.558    975.445  16.000  7.18860E-01  7.23683E-01 -6.65676E-03
    7524.663    981.551  16.050  7.18037E-01  7.22135E-01 -5.66719E-03
    7530.788    987.675  16.100  7.17639E-01  7.20586E-01 -4.08469E-03
    7536.931    993.819  16.150  7.17567E-01  7.19038E-01 -2.04321E-03
    7543.094    999.981  16.200  7.17682E-01  7.17489E-01  2.68877E-04
    7549.276   1006.163  16.250  7.17826E-01  7.15941E-01  2.63036E-03
    7555.477   1012.364  16.300  7.17834E-01  7.14392E-01  4.81265E-03
    7561.696   1018.584  16.350  7.17557E-01  7.12844E-01  6.60602E-03
    7567.935   1024.822  16.400  7.16879E-01  7.11295E-01  7.84340E-03
    7574.193   1031.080  16.450  7.15728E-01  7.09747E-01  8.41904E-03
    7580.470   1037.357  16.500  7.14081E-01  7.08198E-01  8.29964E-03
    7586.766   1043.653  16.550  7.11973E-01  7.06650E-01  7.52679E-03
    7593.081   1049.968  16.600  7.09484E-01  7.05101E-01  6.21048E-03
    7599.415   1056.302  16.650  7.06731E-01  7.03552E-01  4.51447E-03
    7605.768   1062.656  16.700  7.03855E-01  7.02004E-01  2.63535E-03
    7612.141   1069.028  16.750  7.01001E-01  7.00455E-01  7.78145E-04
    7618.532   1075.419  16.800  6.98299E-01  6.98907E-01 -8.68703E-04
    7624.942   1081.829  16.850  6.95854E-01  6.97358E-01 -2.15547E-03
    7631.371   1088.259  16.900  6.93730E-01  6.95810E-01 -2.98776E-03
    7637.820   1094.707  16.950  6.91945E-01  6.94261E-01 -3.33533E-03
    7644.287   1101.174  17.000  6.90473E-01  6.92713E-01 -3.23217E-03
    7650.774   1107.661  17.050  6.89253E-01  6.91193E-01 -2.80585E-03
    7657.279   1114.167  17.100  6.88190E-01  6.89673E-01 -2.14980E-03
    7663.804   1120.691  17.150  6.87189E-01  6.88153E-01 -1.40059E-03
    7670.348   1127.235  17.200  6.86158E-01  6.86633E-01 -6.91976E-04
    7676.910   1133.797  17.250  6.85020E-01  6.85114E-01 -1.36460E-04
    7683.492   1140.379  17.300  6.83723E-01  6.83594E-01  1.88752E-04
    7690.093   1146.980  17.350  6.82244E-01  6.82074E-01  2.49536E-04
    7696.713   1153.600  17.400  6.80592E-01  6.80554E-01  5.56632E-05
    7703.351   1160.239  17.450  6.78800E-01  6.79034E-01 -3.45053E-04
    7710.009   1166.897  17.500  6.76919E-01  6.77514E-01 -8.77846E-04
    7716.686   1173.574  17.550  6.75011E-01  6.75994E-01 -1.45517E-03
    7723.382   1180.270  17.600  6.73131E-01  6.74475E-01 -1.99137E-03
    7730.098   1186.985  17.650  6.71329E-01  6.72955E-01 -2.41542E-03
    7736.832   1193.719  17.700  6.69636E-01  6.71435E-01 -2.67966E-03
    7743.585   1200.472  17.750  6.68064E-01  6.69915E-01 -2.76346E-03
    7750.357   1207.244  17.800  6.66610E-01  6.68395E-01 -2.67158E-03
    7757.148   1214.036  17.850  6.65256E-01  6.66875E-01 -2.42826E-03
    7763.959   1220.846  17.900  6.63980E-01  6.65355E-01 -2.06843E-03
    7770.788   1227.675  17.950  6.62755E-01  6.63836E-01 -1.62840E-03
    7777.637   1234.524  18.000  6.61562E-01  6.62316E-01 -1.13794E-03
    7784.504   1241.391  18.050  6.60342E-01  6.60755E-01 -6.25398E-04
    7791.391   1248.278  18.100  6.59137E-01  6.59195E-01 -8.86612E-05
    7798.296   1255.183  18.150  6.57950E-01  6.57635E-01  4.78568E-04
    7805.221   1262.108  18.200  6.56786E-01  6.56075E-01  1.08414E-03
    7812.165   1269.052  18.250  6.55645E-01  6.54515E-01  1.72866E-03
    7819.127   1276.015  18.300  6.54519E-01  6.52954E-01  2.39776E-03
    7826.109   1282.996  18.350  6.53385E-01  6.51394E-01  3.05741E-03
    7833.110   1289.997  18.400  6.52207E-01  6.49834E-01  3.65403E-03
    7840.130   1297.017  18.450  6.50943E-01  6.48274E-01  4.11989E-03
    7847.169   1304.056  18.500  6.49546E-01  6.46713E-01  4.38320E-03
    7854.227   1311.114  18.550  6.47978E-01  6.45153E-01  4.38128E-03
    7861.304   1318.191  18.600  6.46213E-01  6.43593E-01  4.07433E-03
    7868.400   1325.287  18.650  6.44250E-01  6.42033E-01  3.45696E-03
    7875.515   1332.402  18.700  6.42114E-01  6.40473E-01  2.56483E-03
    7882.649   1339.536  18.750  6.39854E-01  6.38912E-01  1.47460E-03
    7889.802   1346.690  18.800  6.37541E-01  6.37352E-01  2.96421E-04
    7896.975   1353.862  18.850  6.35258E-01  6.35792E-01 -8.40241E-04
    7904.166   1361.053  18.900  6.33088E-01  6.34232E-01 -1.80551E-03
    7911.377   1368.264  18.950  6.31098E-01  6.32671E-01 -2.48956E-03
    7918.606   1375.493  19.000  6.29333E-01  6.31111E-01 -2.82115E-03
    7925.854   1382.742  19.050  6.27861E-01  6.29609E-01 -2.78033E-03
    7933.122   1390.009  19.100  6.26602E-01  6.28107E-01 -2.39887E-03
    7940.409   1397.296  19.150  6.25499E-01  6.26606E-01 -1.76818E-03
    7947.714   1404.601  19.200  6.24466E-01  6.25104E-01 -1.02044E-03
    7955.039   1411.926  19.250  6.23410E-01  6.23602E-01 -3.07339E-04
    7962.383   1419.270  19.300  6.22240E-01  6.22100E-01  2.25172E-04
    7969.745   1426.633  19.350  6.20884E-01  6.20598E-01  4.62171E-04
    7977.127   1434.015  19.400  6.19307E-01  6.19096E-01  3.40464E-04
    7984.528   1441.415  19.450  6.17508E-01  6.17594E-01 -1.38927E-04
    7991.948   1448.835  19.500  6.15533E-01  6.16092E-01 -9.08945E-04
    7999.387   1456.274  19.550  6.13457E-01  6.14590E-01 -1.84592E-03
    8006.845   1463.732  19.600  6.11381E-01  6.13088E-01 -2.78892E-03
    8014.322   1471.209  19.650  6.09409E-01  6.11586E-01 -3.56584E-03
    8021.818   1478.706  19.700  6.07634E-01  6.10085E-01 -4.02197E-03
    8029.334   1486.221  19.750  6.06124E-01  6.08583E-01 -4.04625E-03
    8036.868   1493.755  19.800  6.04904E-01  6.07081E-01 -3.59053E-03
    8044.421   1501.308  19.850  6.03959E-01  6.05579E-01 -2.67885E-03
    8051.993   1508.881  19.900  6.03230E-01  6.04077E-01 -1.40479E-03
    8059.585   1516.472  19.950  6.02625E-01  6.02575E-01  8.24575E-05
    8067.195   1524.083  20.000  6.02034E-01  6.01073E-01  1.60106E-03
