# 273	band_4
 1530.0000     0.0000
 1531.0000     0.0003
 1532.0000     0.0004
 1533.0000     0.0005
 1534.0000     0.0006
 1535.0000     0.0007
 1536.0000     0.0007
 1537.0000     0.0008
 1538.0000     0.0009
 1539.0000     0.0010
 1540.0000     0.0012
 1541.0000     0.0012
 1542.0000     0.0013
 1543.0000     0.0014
 1544.0000     0.0015
 1545.0000     0.0017
 1546.0000     0.0017
 1547.0000     0.0018
 1548.0000     0.0019
 1549.0000     0.0020
 1550.0000     0.0021
 1551.0000     0.0022
 1552.0000     0.0023
 1553.0000     0.0024
 1554.0000     0.0025
 1555.0000     0.0026
 1556.0000     0.0027
 1557.0000     0.0028
 1558.0000     0.0029
 1559.0000     0.0030
 1560.0000     0.0031
 1561.0000     0.0031
 1562.0000     0.0032
 1563.0000     0.0033
 1564.0000     0.0034
 1565.0000     0.0036
 1566.0000     0.0036
 1567.0000     0.0037
 1568.0000     0.0038
 1569.0000     0.0040
 1570.0000     0.0041
 1571.0000     0.0044
 1572.0000     0.0048
 1573.0000     0.0052
 1574.0000     0.0056
 1575.0000     0.0060
 1576.0000     0.0064
 1577.0000     0.0068
 1578.0000     0.0073
 1579.0000     0.0080
 1580.0000     0.0088
 1581.0000     0.0106
 1582.0000     0.0131
 1583.0000     0.0156
 1584.0000     0.0181
 1585.0000     0.0206
 1586.0000     0.0231
 1587.0000     0.0256
 1588.0000     0.0281
 1589.0000     0.0310
 1590.0000     0.0338
 1591.0000     0.0386
 1592.0000     0.0445
 1593.0000     0.0510
 1594.0000     0.0624
 1595.0000     0.0737
 1596.0000     0.0853
 1597.0000     0.0972
 1598.0000     0.1101
 1599.0000     0.1319
 1600.0000     0.1537
 1601.0000     0.1785
 1602.0000     0.2052
 1603.0000     0.2331
 1604.0000     0.2711
 1605.0000     0.3091
 1606.0000     0.3544
 1607.0000     0.4046
 1608.0000     0.4561
 1609.0000     0.5203
 1610.0000     0.5844
 1611.0000     0.6303
 1612.0000     0.6640
 1613.0000     0.6984
 1614.0000     0.7391
 1615.0000     0.7799
 1616.0000     0.8041
 1617.0000     0.8173
 1618.0000     0.8297
 1619.0000     0.8345
 1620.0000     0.8394
 1621.0000     0.8450
 1622.0000     0.8513
 1623.0000     0.8587
 1624.0000     0.8766
 1625.0000     0.8945
 1626.0000     0.9027
 1627.0000     0.9043
 1628.0000     0.9060
 1629.0000     0.9080
 1630.0000     0.9099
 1631.0000     0.9111
 1632.0000     0.9119
 1633.0000     0.9123
 1634.0000     0.9107
 1635.0000     0.9091
 1636.0000     0.9135
 1637.0000     0.9219
 1638.0000     0.9303
 1639.0000     0.9387
 1640.0000     0.9470
 1641.0000     0.9547
 1642.0000     0.9619
 1643.0000     0.9689
 1644.0000     0.9724
 1645.0000     0.9759
 1646.0000     0.9784
 1647.0000     0.9802
 1648.0000     0.9814
 1649.0000     0.9776
 1650.0000     0.9738
 1651.0000     0.9743
 1652.0000     0.9775
 1653.0000     0.9809
 1654.0000     0.9847
 1655.0000     0.9885
 1656.0000     0.9921
 1657.0000     0.9956
 1658.0000     0.9984
 1659.0000     0.9952
 1660.0000     0.9920
 1661.0000     0.9889
 1662.0000     0.9858
 1663.0000     0.9828
 1664.0000     0.9803
 1665.0000     0.9778
 1666.0000     0.9744
 1667.0000     0.9705
 1668.0000     0.9662
 1669.0000     0.9585
 1670.0000     0.9508
 1671.0000     0.9483
 1672.0000     0.9492
 1673.0000     0.9498
 1674.0000     0.9473
 1675.0000     0.9448
 1676.0000     0.9422
 1677.0000     0.9396
 1678.0000     0.9371
 1679.0000     0.9355
 1680.0000     0.9339
 1681.0000     0.9327
 1682.0000     0.9318
 1683.0000     0.9312
 1684.0000     0.9336
 1685.0000     0.9360
 1686.0000     0.9371
 1687.0000     0.9373
 1688.0000     0.9364
 1689.0000     0.9259
 1690.0000     0.9154
 1691.0000     0.9039
 1692.0000     0.8917
 1693.0000     0.8767
 1694.0000     0.8372
 1695.0000     0.7976
 1696.0000     0.7581
 1697.0000     0.7186
 1698.0000     0.6787
 1699.0000     0.6353
 1700.0000     0.5919
 1701.0000     0.5437
 1702.0000     0.4923
 1703.0000     0.4423
 1704.0000     0.4048
 1705.0000     0.3674
 1706.0000     0.3274
 1707.0000     0.2857
 1708.0000     0.2450
 1709.0000     0.2128
 1710.0000     0.1806
 1711.0000     0.1600
 1712.0000     0.1472
 1713.0000     0.1344
 1714.0000     0.1216
 1715.0000     0.1088
 1716.0000     0.0960
 1717.0000     0.0832
 1718.0000     0.0706
 1719.0000     0.0594
 1720.0000     0.0483
 1721.0000     0.0421
 1722.0000     0.0392
 1723.0000     0.0363
 1724.0000     0.0334
 1725.0000     0.0305
 1726.0000     0.0276
 1727.0000     0.0247
 1728.0000     0.0218
 1729.0000     0.0192
 1730.0000     0.0166
 1731.0000     0.0148
 1732.0000     0.0136
 1733.0000     0.0124
 1734.0000     0.0112
 1735.0000     0.0100
 1736.0000     0.0088
 1737.0000     0.0076
 1738.0000     0.0064
 1739.0000     0.0054
 1740.0000     0.0043
 1741.0000     0.0037
 1742.0000     0.0034
 1743.0000     0.0031
 1744.0000     0.0028
 1745.0000     0.0025
 1746.0000     0.0022
 1747.0000     0.0019
 1748.0000     0.0016
 1749.0000     0.0013
 1750.0000     0.0011
 1751.0000     0.0010
 1752.0000     0.0009
 1753.0000     0.0009
 1754.0000     0.0009
 1755.0000     0.0008
 1756.0000     0.0008
 1757.0000     0.0007
 1758.0000     0.0006
 1759.0000     0.0006
 1760.0000     0.0005
 1761.0000     0.0005
 1762.0000     0.0004
 1763.0000     0.0004
 1764.0000     0.0004
 1765.0000     0.0003
 1766.0000     0.0003
 1767.0000     0.0002
 1768.0000     0.0002
 1769.0000     0.0002
 1770.0000     0.0002
 1771.0000     0.0002
 1772.0000     0.0002
 1773.0000     0.0002
 1774.0000     0.0002
 1775.0000     0.0002
 1776.0000     0.0002
 1777.0000     0.0002
 1778.0000     0.0002
 1779.0000     0.0002
 1780.0000     0.0001
 1781.0000     0.0001
 1782.0000     0.0001
 1783.0000     0.0001
 1784.0000     0.0001
 1785.0000     0.0001
 1786.0000     0.0001
 1787.0000     0.0001
 1788.0000     0.0001
 1789.0000     0.0001
 1790.0000     0.0001
 1791.0000     0.0001
 1792.0000     0.0001
 1793.0000     0.0001
 1794.0000     0.0001
 1795.0000     0.0001
 1796.0000     0.0001
 1797.0000     0.0001
 1798.0000     0.0001
 1799.0000     0.0001
 1800.0000     0.0001
 1801.0000     0.0001
 1802.0000     0.0001
