# 1228	band_14
10772.0000     0.0000
10773.0000     0.0001
10774.0000     0.0002
10775.0000     0.0002
10776.0000     0.0003
10777.0000     0.0004
10778.0000     0.0004
10779.0000     0.0005
10780.0000     0.0005
10781.0000     0.0006
10782.0000     0.0008
10783.0000     0.0009
10784.0000     0.0010
10785.0000     0.0011
10786.0000     0.0013
10787.0000     0.0014
10788.0000     0.0015
10789.0000     0.0017
10790.0000     0.0018
10791.0000     0.0019
10792.0000     0.0020
10793.0000     0.0021
10794.0000     0.0022
10795.0000     0.0023
10796.0000     0.0024
10797.0000     0.0026
10798.0000     0.0027
10799.0000     0.0028
10800.0000     0.0030
10801.0000     0.0032
10802.0000     0.0035
10803.0000     0.0037
10804.0000     0.0039
10805.0000     0.0041
10806.0000     0.0044
10807.0000     0.0046
10808.0000     0.0049
10809.0000     0.0051
10810.0000     0.0054
10811.0000     0.0056
10812.0000     0.0059
10813.0000     0.0062
10814.0000     0.0065
10815.0000     0.0068
10816.0000     0.0071
10817.0000     0.0073
10818.0000     0.0076
10819.0000     0.0079
10820.0000     0.0082
10821.0000     0.0085
10822.0000     0.0087
10823.0000     0.0090
10824.0000     0.0092
10825.0000     0.0095
10826.0000     0.0097
10827.0000     0.0100
10828.0000     0.0102
10829.0000     0.0104
10830.0000     0.0107
10831.0000     0.0111
10832.0000     0.0115
10833.0000     0.0119
10834.0000     0.0123
10835.0000     0.0127
10836.0000     0.0132
10837.0000     0.0136
10838.0000     0.0140
10839.0000     0.0144
10840.0000     0.0148
10841.0000     0.0154
10842.0000     0.0160
10843.0000     0.0165
10844.0000     0.0171
10845.0000     0.0176
10846.0000     0.0182
10847.0000     0.0188
10848.0000     0.0193
10849.0000     0.0199
10850.0000     0.0205
10851.0000     0.0210
10852.0000     0.0215
10853.0000     0.0221
10854.0000     0.0228
10855.0000     0.0234
10856.0000     0.0239
10857.0000     0.0244
10858.0000     0.0250
10859.0000     0.0257
10860.0000     0.0263
10861.0000     0.0272
10862.0000     0.0280
10863.0000     0.0288
10864.0000     0.0298
10865.0000     0.0307
10866.0000     0.0315
10867.0000     0.0323
10868.0000     0.0332
10869.0000     0.0341
10870.0000     0.0350
10871.0000     0.0360
10872.0000     0.0369
10873.0000     0.0378
10874.0000     0.0387
10875.0000     0.0396
10876.0000     0.0405
10877.0000     0.0415
10878.0000     0.0424
10879.0000     0.0434
10880.0000     0.0443
10881.0000     0.0455
10882.0000     0.0466
10883.0000     0.0477
10884.0000     0.0488
10885.0000     0.0499
10886.0000     0.0511
10887.0000     0.0523
10888.0000     0.0534
10889.0000     0.0545
10890.0000     0.0557
10891.0000     0.0571
10892.0000     0.0585
10893.0000     0.0599
10894.0000     0.0614
10895.0000     0.0629
10896.0000     0.0643
10897.0000     0.0658
10898.0000     0.0673
10899.0000     0.0688
10900.0000     0.0703
10901.0000     0.0720
10902.0000     0.0737
10903.0000     0.0755
10904.0000     0.0774
10905.0000     0.0792
10906.0000     0.0810
10907.0000     0.0828
10908.0000     0.0846
10909.0000     0.0864
10910.0000     0.0883
10911.0000     0.0905
10912.0000     0.0926
10913.0000     0.0947
10914.0000     0.0968
10915.0000     0.0989
10916.0000     0.1011
10917.0000     0.1032
10918.0000     0.1053
10919.0000     0.1074
10920.0000     0.1096
10921.0000     0.1121
10922.0000     0.1146
10923.0000     0.1171
10924.0000     0.1197
10925.0000     0.1223
10926.0000     0.1248
10927.0000     0.1274
10928.0000     0.1299
10929.0000     0.1325
10930.0000     0.1352
10931.0000     0.1381
10932.0000     0.1410
10933.0000     0.1440
10934.0000     0.1469
10935.0000     0.1499
10936.0000     0.1528
10937.0000     0.1558
10938.0000     0.1588
10939.0000     0.1617
10940.0000     0.1648
10941.0000     0.1682
10942.0000     0.1716
10943.0000     0.1751
10944.0000     0.1786
10945.0000     0.1820
10946.0000     0.1855
10947.0000     0.1889
10948.0000     0.1924
10949.0000     0.1958
10950.0000     0.1994
10951.0000     0.2035
10952.0000     0.2076
10953.0000     0.2117
10954.0000     0.2158
10955.0000     0.2199
10956.0000     0.2241
10957.0000     0.2283
10958.0000     0.2324
10959.0000     0.2365
10960.0000     0.2407
10961.0000     0.2449
10962.0000     0.2492
10963.0000     0.2534
10964.0000     0.2577
10965.0000     0.2620
10966.0000     0.2662
10967.0000     0.2705
10968.0000     0.2747
10969.0000     0.2790
10970.0000     0.2835
10971.0000     0.2886
10972.0000     0.2936
10973.0000     0.2987
10974.0000     0.3039
10975.0000     0.3090
10976.0000     0.3142
10977.0000     0.3193
10978.0000     0.3244
10979.0000     0.3296
10980.0000     0.3348
10981.0000     0.3402
10982.0000     0.3455
10983.0000     0.3509
10984.0000     0.3563
10985.0000     0.3617
10986.0000     0.3671
10987.0000     0.3725
10988.0000     0.3779
10989.0000     0.3833
10990.0000     0.3889
10991.0000     0.3947
10992.0000     0.4005
10993.0000     0.4065
10994.0000     0.4124
10995.0000     0.4184
10996.0000     0.4242
10997.0000     0.4301
10998.0000     0.4360
10999.0000     0.4420
11000.0000     0.4482
11001.0000     0.4551
11002.0000     0.4621
11003.0000     0.4692
11004.0000     0.4762
11005.0000     0.4833
11006.0000     0.4904
11007.0000     0.4975
11008.0000     0.5045
11009.0000     0.5116
11010.0000     0.5183
11011.0000     0.5244
11012.0000     0.5305
11013.0000     0.5364
11014.0000     0.5424
11015.0000     0.5483
11016.0000     0.5542
11017.0000     0.5601
11018.0000     0.5660
11019.0000     0.5720
11020.0000     0.5781
11021.0000     0.5849
11022.0000     0.5917
11023.0000     0.5986
11024.0000     0.6055
11025.0000     0.6124
11026.0000     0.6193
11027.0000     0.6262
11028.0000     0.6331
11029.0000     0.6400
11030.0000     0.6469
11031.0000     0.6537
11032.0000     0.6606
11033.0000     0.6675
11034.0000     0.6743
11035.0000     0.6812
11036.0000     0.6880
11037.0000     0.6949
11038.0000     0.7018
11039.0000     0.7087
11040.0000     0.7152
11041.0000     0.7208
11042.0000     0.7265
11043.0000     0.7320
11044.0000     0.7374
11045.0000     0.7428
11046.0000     0.7483
11047.0000     0.7538
11048.0000     0.7593
11049.0000     0.7648
11050.0000     0.7707
11051.0000     0.7775
11052.0000     0.7844
11053.0000     0.7914
11054.0000     0.7984
11055.0000     0.8054
11056.0000     0.8124
11057.0000     0.8194
11058.0000     0.8264
11059.0000     0.8334
11060.0000     0.8398
11061.0000     0.8448
11062.0000     0.8498
11063.0000     0.8546
11064.0000     0.8593
11065.0000     0.8640
11066.0000     0.8687
11067.0000     0.8735
11068.0000     0.8782
11069.0000     0.8829
11070.0000     0.8874
11071.0000     0.8916
11072.0000     0.8958
11073.0000     0.8999
11074.0000     0.9039
11075.0000     0.9080
11076.0000     0.9121
11077.0000     0.9161
11078.0000     0.9202
11079.0000     0.9242
11080.0000     0.9283
11081.0000     0.9325
11082.0000     0.9366
11083.0000     0.9407
11084.0000     0.9447
11085.0000     0.9488
11086.0000     0.9529
11087.0000     0.9570
11088.0000     0.9611
11089.0000     0.9652
11090.0000     0.9686
11091.0000     0.9702
11092.0000     0.9719
11093.0000     0.9733
11094.0000     0.9746
11095.0000     0.9759
11096.0000     0.9772
11097.0000     0.9785
11098.0000     0.9799
11099.0000     0.9812
11100.0000     0.9825
11101.0000     0.9837
11102.0000     0.9850
11103.0000     0.9862
11104.0000     0.9874
11105.0000     0.9887
11106.0000     0.9899
11107.0000     0.9911
11108.0000     0.9923
11109.0000     0.9935
11110.0000     0.9946
11111.0000     0.9952
11112.0000     0.9958
11113.0000     0.9963
11114.0000     0.9968
11115.0000     0.9974
11116.0000     0.9979
11117.0000     0.9984
11118.0000     0.9989
11119.0000     0.9995
11120.0000     0.9997
11121.0000     0.9991
11122.0000     0.9984
11123.0000     0.9977
11124.0000     0.9969
11125.0000     0.9962
11126.0000     0.9954
11127.0000     0.9947
11128.0000     0.9939
11129.0000     0.9931
11130.0000     0.9925
11131.0000     0.9921
11132.0000     0.9917
11133.0000     0.9913
11134.0000     0.9910
11135.0000     0.9906
11136.0000     0.9902
11137.0000     0.9898
11138.0000     0.9894
11139.0000     0.9891
11140.0000     0.9887
11141.0000     0.9882
11142.0000     0.9878
11143.0000     0.9873
11144.0000     0.9869
11145.0000     0.9865
11146.0000     0.9860
11147.0000     0.9855
11148.0000     0.9850
11149.0000     0.9846
11150.0000     0.9840
11151.0000     0.9829
11152.0000     0.9818
11153.0000     0.9807
11154.0000     0.9796
11155.0000     0.9785
11156.0000     0.9773
11157.0000     0.9761
11158.0000     0.9750
11159.0000     0.9738
11160.0000     0.9728
11161.0000     0.9720
11162.0000     0.9713
11163.0000     0.9705
11164.0000     0.9698
11165.0000     0.9691
11166.0000     0.9684
11167.0000     0.9677
11168.0000     0.9670
11169.0000     0.9663
11170.0000     0.9656
11171.0000     0.9651
11172.0000     0.9645
11173.0000     0.9640
11174.0000     0.9635
11175.0000     0.9629
11176.0000     0.9624
11177.0000     0.9619
11178.0000     0.9614
11179.0000     0.9609
11180.0000     0.9603
11181.0000     0.9596
11182.0000     0.9589
11183.0000     0.9582
11184.0000     0.9575
11185.0000     0.9568
11186.0000     0.9561
11187.0000     0.9553
11188.0000     0.9546
11189.0000     0.9539
11190.0000     0.9534
11191.0000     0.9534
11192.0000     0.9534
11193.0000     0.9535
11194.0000     0.9536
11195.0000     0.9537
11196.0000     0.9538
11197.0000     0.9539
11198.0000     0.9540
11199.0000     0.9541
11200.0000     0.9541
11201.0000     0.9537
11202.0000     0.9534
11203.0000     0.9529
11204.0000     0.9525
11205.0000     0.9521
11206.0000     0.9517
11207.0000     0.9513
11208.0000     0.9508
11209.0000     0.9504
11210.0000     0.9502
11211.0000     0.9504
11212.0000     0.9506
11213.0000     0.9508
11214.0000     0.9511
11215.0000     0.9514
11216.0000     0.9517
11217.0000     0.9519
11218.0000     0.9522
11219.0000     0.9525
11220.0000     0.9527
11221.0000     0.9526
11222.0000     0.9525
11223.0000     0.9524
11224.0000     0.9523
11225.0000     0.9522
11226.0000     0.9520
11227.0000     0.9519
11228.0000     0.9518
11229.0000     0.9517
11230.0000     0.9518
11231.0000     0.9524
11232.0000     0.9530
11233.0000     0.9536
11234.0000     0.9543
11235.0000     0.9550
11236.0000     0.9556
11237.0000     0.9563
11238.0000     0.9569
11239.0000     0.9576
11240.0000     0.9581
11241.0000     0.9582
11242.0000     0.9582
11243.0000     0.9582
11244.0000     0.9581
11245.0000     0.9581
11246.0000     0.9580
11247.0000     0.9580
11248.0000     0.9580
11249.0000     0.9579
11250.0000     0.9579
11251.0000     0.9581
11252.0000     0.9582
11253.0000     0.9583
11254.0000     0.9584
11255.0000     0.9585
11256.0000     0.9587
11257.0000     0.9588
11258.0000     0.9589
11259.0000     0.9591
11260.0000     0.9593
11261.0000     0.9595
11262.0000     0.9597
11263.0000     0.9599
11264.0000     0.9601
11265.0000     0.9604
11266.0000     0.9606
11267.0000     0.9609
11268.0000     0.9611
11269.0000     0.9613
11270.0000     0.9613
11271.0000     0.9608
11272.0000     0.9603
11273.0000     0.9598
11274.0000     0.9592
11275.0000     0.9586
11276.0000     0.9581
11277.0000     0.9575
11278.0000     0.9570
11279.0000     0.9564
11280.0000     0.9561
11281.0000     0.9563
11282.0000     0.9565
11283.0000     0.9568
11284.0000     0.9571
11285.0000     0.9574
11286.0000     0.9577
11287.0000     0.9579
11288.0000     0.9583
11289.0000     0.9586
11290.0000     0.9586
11291.0000     0.9581
11292.0000     0.9576
11293.0000     0.9570
11294.0000     0.9563
11295.0000     0.9557
11296.0000     0.9551
11297.0000     0.9544
11298.0000     0.9538
11299.0000     0.9531
11300.0000     0.9524
11301.0000     0.9515
11302.0000     0.9506
11303.0000     0.9497
11304.0000     0.9487
11305.0000     0.9478
11306.0000     0.9469
11307.0000     0.9459
11308.0000     0.9450
11309.0000     0.9440
11310.0000     0.9431
11311.0000     0.9420
11312.0000     0.9410
11313.0000     0.9400
11314.0000     0.9389
11315.0000     0.9379
11316.0000     0.9369
11317.0000     0.9359
11318.0000     0.9349
11319.0000     0.9338
11320.0000     0.9328
11321.0000     0.9316
11322.0000     0.9304
11323.0000     0.9292
11324.0000     0.9280
11325.0000     0.9268
11326.0000     0.9256
11327.0000     0.9244
11328.0000     0.9232
11329.0000     0.9220
11330.0000     0.9208
11331.0000     0.9196
11332.0000     0.9184
11333.0000     0.9172
11334.0000     0.9160
11335.0000     0.9147
11336.0000     0.9135
11337.0000     0.9122
11338.0000     0.9110
11339.0000     0.9098
11340.0000     0.9084
11341.0000     0.9065
11342.0000     0.9046
11343.0000     0.9026
11344.0000     0.9005
11345.0000     0.8985
11346.0000     0.8965
11347.0000     0.8945
11348.0000     0.8925
11349.0000     0.8905
11350.0000     0.8888
11351.0000     0.8877
11352.0000     0.8866
11353.0000     0.8857
11354.0000     0.8847
11355.0000     0.8838
11356.0000     0.8829
11357.0000     0.8819
11358.0000     0.8810
11359.0000     0.8800
11360.0000     0.8788
11361.0000     0.8766
11362.0000     0.8745
11363.0000     0.8723
11364.0000     0.8700
11365.0000     0.8677
11366.0000     0.8654
11367.0000     0.8632
11368.0000     0.8609
11369.0000     0.8586
11370.0000     0.8567
11371.0000     0.8555
11372.0000     0.8543
11373.0000     0.8533
11374.0000     0.8523
11375.0000     0.8513
11376.0000     0.8503
11377.0000     0.8493
11378.0000     0.8483
11379.0000     0.8473
11380.0000     0.8462
11381.0000     0.8450
11382.0000     0.8438
11383.0000     0.8426
11384.0000     0.8414
11385.0000     0.8402
11386.0000     0.8390
11387.0000     0.8377
11388.0000     0.8365
11389.0000     0.8353
11390.0000     0.8340
11391.0000     0.8324
11392.0000     0.8307
11393.0000     0.8291
11394.0000     0.8274
11395.0000     0.8258
11396.0000     0.8241
11397.0000     0.8224
11398.0000     0.8208
11399.0000     0.8191
11400.0000     0.8178
11401.0000     0.8172
11402.0000     0.8165
11403.0000     0.8160
11404.0000     0.8155
11405.0000     0.8151
11406.0000     0.8146
11407.0000     0.8141
11408.0000     0.8136
11409.0000     0.8131
11410.0000     0.8123
11411.0000     0.8109
11412.0000     0.8095
11413.0000     0.8080
11414.0000     0.8065
11415.0000     0.8049
11416.0000     0.8034
11417.0000     0.8019
11418.0000     0.8004
11419.0000     0.7989
11420.0000     0.7976
11421.0000     0.7970
11422.0000     0.7963
11423.0000     0.7958
11424.0000     0.7953
11425.0000     0.7947
11426.0000     0.7942
11427.0000     0.7937
11428.0000     0.7932
11429.0000     0.7927
11430.0000     0.7920
11431.0000     0.7909
11432.0000     0.7899
11433.0000     0.7888
11434.0000     0.7878
11435.0000     0.7867
11436.0000     0.7855
11437.0000     0.7844
11438.0000     0.7833
11439.0000     0.7823
11440.0000     0.7813
11441.0000     0.7805
11442.0000     0.7798
11443.0000     0.7790
11444.0000     0.7783
11445.0000     0.7776
11446.0000     0.7769
11447.0000     0.7761
11448.0000     0.7754
11449.0000     0.7747
11450.0000     0.7739
11451.0000     0.7727
11452.0000     0.7715
11453.0000     0.7703
11454.0000     0.7691
11455.0000     0.7678
11456.0000     0.7666
11457.0000     0.7653
11458.0000     0.7641
11459.0000     0.7629
11460.0000     0.7618
11461.0000     0.7607
11462.0000     0.7597
11463.0000     0.7587
11464.0000     0.7577
11465.0000     0.7567
11466.0000     0.7557
11467.0000     0.7547
11468.0000     0.7537
11469.0000     0.7527
11470.0000     0.7518
11471.0000     0.7510
11472.0000     0.7502
11473.0000     0.7494
11474.0000     0.7486
11475.0000     0.7478
11476.0000     0.7470
11477.0000     0.7463
11478.0000     0.7455
11479.0000     0.7447
11480.0000     0.7438
11481.0000     0.7429
11482.0000     0.7419
11483.0000     0.7409
11484.0000     0.7399
11485.0000     0.7389
11486.0000     0.7379
11487.0000     0.7369
11488.0000     0.7359
11489.0000     0.7349
11490.0000     0.7339
11491.0000     0.7330
11492.0000     0.7321
11493.0000     0.7312
11494.0000     0.7303
11495.0000     0.7294
11496.0000     0.7285
11497.0000     0.7276
11498.0000     0.7267
11499.0000     0.7258
11500.0000     0.7248
11501.0000     0.7233
11502.0000     0.7218
11503.0000     0.7203
11504.0000     0.7188
11505.0000     0.7172
11506.0000     0.7157
11507.0000     0.7142
11508.0000     0.7127
11509.0000     0.7112
11510.0000     0.7098
11511.0000     0.7090
11512.0000     0.7081
11513.0000     0.7073
11514.0000     0.7065
11515.0000     0.7058
11516.0000     0.7050
11517.0000     0.7043
11518.0000     0.7035
11519.0000     0.7027
11520.0000     0.7017
11521.0000     0.6999
11522.0000     0.6982
11523.0000     0.6963
11524.0000     0.6944
11525.0000     0.6925
11526.0000     0.6907
11527.0000     0.6888
11528.0000     0.6869
11529.0000     0.6850
11530.0000     0.6831
11531.0000     0.6813
11532.0000     0.6795
11533.0000     0.6776
11534.0000     0.6758
11535.0000     0.6740
11536.0000     0.6722
11537.0000     0.6704
11538.0000     0.6685
11539.0000     0.6667
11540.0000     0.6647
11541.0000     0.6622
11542.0000     0.6598
11543.0000     0.6573
11544.0000     0.6548
11545.0000     0.6522
11546.0000     0.6497
11547.0000     0.6472
11548.0000     0.6447
11549.0000     0.6422
11550.0000     0.6396
11551.0000     0.6368
11552.0000     0.6340
11553.0000     0.6312
11554.0000     0.6284
11555.0000     0.6255
11556.0000     0.6227
11557.0000     0.6199
11558.0000     0.6171
11559.0000     0.6143
11560.0000     0.6115
11561.0000     0.6089
11562.0000     0.6063
11563.0000     0.6038
11564.0000     0.6013
11565.0000     0.5987
11566.0000     0.5962
11567.0000     0.5937
11568.0000     0.5912
11569.0000     0.5887
11570.0000     0.5859
11571.0000     0.5826
11572.0000     0.5794
11573.0000     0.5760
11574.0000     0.5727
11575.0000     0.5693
11576.0000     0.5659
11577.0000     0.5626
11578.0000     0.5592
11579.0000     0.5559
11580.0000     0.5526
11581.0000     0.5495
11582.0000     0.5464
11583.0000     0.5433
11584.0000     0.5403
11585.0000     0.5372
11586.0000     0.5341
11587.0000     0.5310
11588.0000     0.5279
11589.0000     0.5249
11590.0000     0.5216
11591.0000     0.5178
11592.0000     0.5140
11593.0000     0.5100
11594.0000     0.5061
11595.0000     0.5021
11596.0000     0.4982
11597.0000     0.4943
11598.0000     0.4903
11599.0000     0.4864
11600.0000     0.4825
11601.0000     0.4788
11602.0000     0.4751
11603.0000     0.4715
11604.0000     0.4679
11605.0000     0.4643
11606.0000     0.4607
11607.0000     0.4570
11608.0000     0.4534
11609.0000     0.4497
11610.0000     0.4460
11611.0000     0.4421
11612.0000     0.4382
11613.0000     0.4342
11614.0000     0.4303
11615.0000     0.4263
11616.0000     0.4223
11617.0000     0.4183
11618.0000     0.4143
11619.0000     0.4104
11620.0000     0.4062
11621.0000     0.4016
11622.0000     0.3969
11623.0000     0.3922
11624.0000     0.3874
11625.0000     0.3827
11626.0000     0.3779
11627.0000     0.3732
11628.0000     0.3684
11629.0000     0.3637
11630.0000     0.3592
11631.0000     0.3551
11632.0000     0.3510
11633.0000     0.3470
11634.0000     0.3430
11635.0000     0.3390
11636.0000     0.3351
11637.0000     0.3311
11638.0000     0.3271
11639.0000     0.3231
11640.0000     0.3189
11641.0000     0.3141
11642.0000     0.3094
11643.0000     0.3045
11644.0000     0.2997
11645.0000     0.2948
11646.0000     0.2900
11647.0000     0.2851
11648.0000     0.2802
11649.0000     0.2753
11650.0000     0.2707
11651.0000     0.2668
11652.0000     0.2628
11653.0000     0.2589
11654.0000     0.2551
11655.0000     0.2513
11656.0000     0.2475
11657.0000     0.2437
11658.0000     0.2398
11659.0000     0.2360
11660.0000     0.2321
11661.0000     0.2282
11662.0000     0.2242
11663.0000     0.2202
11664.0000     0.2162
11665.0000     0.2122
11666.0000     0.2083
11667.0000     0.2043
11668.0000     0.2003
11669.0000     0.1963
11670.0000     0.1924
11671.0000     0.1886
11672.0000     0.1848
11673.0000     0.1809
11674.0000     0.1771
11675.0000     0.1733
11676.0000     0.1695
11677.0000     0.1657
11678.0000     0.1619
11679.0000     0.1581
11680.0000     0.1545
11681.0000     0.1516
11682.0000     0.1486
11683.0000     0.1458
11684.0000     0.1430
11685.0000     0.1401
11686.0000     0.1373
11687.0000     0.1345
11688.0000     0.1317
11689.0000     0.1289
11690.0000     0.1260
11691.0000     0.1231
11692.0000     0.1201
11693.0000     0.1171
11694.0000     0.1141
11695.0000     0.1111
11696.0000     0.1081
11697.0000     0.1051
11698.0000     0.1021
11699.0000     0.0991
11700.0000     0.0964
11701.0000     0.0943
11702.0000     0.0922
11703.0000     0.0903
11704.0000     0.0883
11705.0000     0.0864
11706.0000     0.0845
11707.0000     0.0825
11708.0000     0.0805
11709.0000     0.0786
11710.0000     0.0766
11711.0000     0.0745
11712.0000     0.0725
11713.0000     0.0705
11714.0000     0.0684
11715.0000     0.0664
11716.0000     0.0643
11717.0000     0.0623
11718.0000     0.0602
11719.0000     0.0582
11720.0000     0.0563
11721.0000     0.0550
11722.0000     0.0538
11723.0000     0.0525
11724.0000     0.0513
11725.0000     0.0500
11726.0000     0.0488
11727.0000     0.0476
11728.0000     0.0464
11729.0000     0.0452
11730.0000     0.0441
11731.0000     0.0429
11732.0000     0.0417
11733.0000     0.0406
11734.0000     0.0394
11735.0000     0.0383
11736.0000     0.0371
11737.0000     0.0359
11738.0000     0.0348
11739.0000     0.0337
11740.0000     0.0327
11741.0000     0.0319
11742.0000     0.0311
11743.0000     0.0303
11744.0000     0.0295
11745.0000     0.0288
11746.0000     0.0280
11747.0000     0.0273
11748.0000     0.0265
11749.0000     0.0257
11750.0000     0.0250
11751.0000     0.0245
11752.0000     0.0239
11753.0000     0.0233
11754.0000     0.0227
11755.0000     0.0221
11756.0000     0.0216
11757.0000     0.0210
11758.0000     0.0205
11759.0000     0.0199
11760.0000     0.0194
11761.0000     0.0189
11762.0000     0.0184
11763.0000     0.0179
11764.0000     0.0175
11765.0000     0.0171
11766.0000     0.0166
11767.0000     0.0162
11768.0000     0.0157
11769.0000     0.0152
11770.0000     0.0148
11771.0000     0.0146
11772.0000     0.0143
11773.0000     0.0141
11774.0000     0.0139
11775.0000     0.0136
11776.0000     0.0134
11777.0000     0.0131
11778.0000     0.0129
11779.0000     0.0127
11780.0000     0.0125
11781.0000     0.0122
11782.0000     0.0120
11783.0000     0.0117
11784.0000     0.0114
11785.0000     0.0111
11786.0000     0.0108
11787.0000     0.0106
11788.0000     0.0103
11789.0000     0.0100
11790.0000     0.0098
11791.0000     0.0096
11792.0000     0.0094
11793.0000     0.0093
11794.0000     0.0091
11795.0000     0.0090
11796.0000     0.0088
11797.0000     0.0087
11798.0000     0.0086
11799.0000     0.0084
11800.0000     0.0083
11801.0000     0.0081
11802.0000     0.0080
11803.0000     0.0079
11804.0000     0.0077
11805.0000     0.0076
11806.0000     0.0074
11807.0000     0.0072
11808.0000     0.0071
11809.0000     0.0069
11810.0000     0.0068
11811.0000     0.0067
11812.0000     0.0066
11813.0000     0.0065
11814.0000     0.0065
11815.0000     0.0064
11816.0000     0.0063
11817.0000     0.0062
11818.0000     0.0061
11819.0000     0.0061
11820.0000     0.0060
11821.0000     0.0059
11822.0000     0.0058
11823.0000     0.0057
11824.0000     0.0056
11825.0000     0.0055
11826.0000     0.0054
11827.0000     0.0053
11828.0000     0.0052
11829.0000     0.0051
11830.0000     0.0050
11831.0000     0.0049
11832.0000     0.0049
11833.0000     0.0049
11834.0000     0.0048
11835.0000     0.0048
11836.0000     0.0047
11837.0000     0.0046
11838.0000     0.0046
11839.0000     0.0045
11840.0000     0.0045
11841.0000     0.0044
11842.0000     0.0044
11843.0000     0.0043
11844.0000     0.0043
11845.0000     0.0042
11846.0000     0.0041
11847.0000     0.0041
11848.0000     0.0040
11849.0000     0.0040
11850.0000     0.0039
11851.0000     0.0038
11852.0000     0.0038
11853.0000     0.0038
11854.0000     0.0037
11855.0000     0.0037
11856.0000     0.0036
11857.0000     0.0036
11858.0000     0.0036
11859.0000     0.0035
11860.0000     0.0035
11861.0000     0.0034
11862.0000     0.0034
11863.0000     0.0034
11864.0000     0.0033
11865.0000     0.0033
11866.0000     0.0032
11867.0000     0.0031
11868.0000     0.0031
11869.0000     0.0030
11870.0000     0.0030
11871.0000     0.0029
11872.0000     0.0029
11873.0000     0.0029
11874.0000     0.0029
11875.0000     0.0029
11876.0000     0.0028
11877.0000     0.0028
11878.0000     0.0028
11879.0000     0.0027
11880.0000     0.0027
11881.0000     0.0026
11882.0000     0.0026
11883.0000     0.0026
11884.0000     0.0025
11885.0000     0.0025
11886.0000     0.0024
11887.0000     0.0024
11888.0000     0.0024
11889.0000     0.0023
11890.0000     0.0023
11891.0000     0.0023
11892.0000     0.0023
11893.0000     0.0023
11894.0000     0.0022
11895.0000     0.0022
11896.0000     0.0022
11897.0000     0.0022
11898.0000     0.0022
11899.0000     0.0021
11900.0000     0.0021
11901.0000     0.0020
11902.0000     0.0020
11903.0000     0.0020
11904.0000     0.0020
11905.0000     0.0020
11906.0000     0.0019
11907.0000     0.0019
11908.0000     0.0019
11909.0000     0.0018
11910.0000     0.0018
11911.0000     0.0018
11912.0000     0.0018
11913.0000     0.0018
11914.0000     0.0018
11915.0000     0.0018
11916.0000     0.0018
11917.0000     0.0018
11918.0000     0.0018
11919.0000     0.0018
11920.0000     0.0018
11921.0000     0.0017
11922.0000     0.0017
11923.0000     0.0017
11924.0000     0.0016
11925.0000     0.0016
11926.0000     0.0015
11927.0000     0.0015
11928.0000     0.0015
11929.0000     0.0014
11930.0000     0.0014
11931.0000     0.0014
11932.0000     0.0014
11933.0000     0.0014
11934.0000     0.0013
11935.0000     0.0013
11936.0000     0.0013
11937.0000     0.0013
11938.0000     0.0013
11939.0000     0.0012
11940.0000     0.0012
11941.0000     0.0012
11942.0000     0.0012
11943.0000     0.0012
11944.0000     0.0012
11945.0000     0.0012
11946.0000     0.0012
11947.0000     0.0012
11948.0000     0.0012
11949.0000     0.0012
11950.0000     0.0012
11951.0000     0.0012
11952.0000     0.0012
11953.0000     0.0012
11954.0000     0.0011
11955.0000     0.0011
11956.0000     0.0011
11957.0000     0.0011
11958.0000     0.0011
11959.0000     0.0010
11960.0000     0.0010
11961.0000     0.0010
11962.0000     0.0010
11963.0000     0.0010
11964.0000     0.0009
11965.0000     0.0009
11966.0000     0.0009
11967.0000     0.0009
11968.0000     0.0009
11969.0000     0.0008
11970.0000     0.0008
11971.0000     0.0008
11972.0000     0.0008
11973.0000     0.0008
11974.0000     0.0007
11975.0000     0.0007
11976.0000     0.0007
11977.0000     0.0007
11978.0000     0.0007
11979.0000     0.0006
11980.0000     0.0006
11981.0000     0.0006
11982.0000     0.0006
11983.0000     0.0006
11984.0000     0.0006
11985.0000     0.0006
11986.0000     0.0005
11987.0000     0.0005
11988.0000     0.0005
11989.0000     0.0005
11990.0000     0.0005
11991.0000     0.0005
11992.0000     0.0005
11993.0000     0.0005
11994.0000     0.0005
11995.0000     0.0005
11996.0000     0.0004
11997.0000     0.0004
11998.0000     0.0004
11999.0000     0.0004
