# 286	band_9
 2272.0000     0.0000
 2273.0000     0.0001
 2274.0000     0.0001
 2275.0000     0.0001
 2276.0000     0.0001
 2277.0000     0.0001
 2278.0000     0.0001
 2279.0000     0.0001
 2280.0000     0.0001
 2281.0000     0.0001
 2282.0000     0.0001
 2283.0000     0.0001
 2284.0000     0.0001
 2285.0000     0.0001
 2286.0000     0.0001
 2287.0000     0.0001
 2288.0000     0.0001
 2289.0000     0.0001
 2290.0000     0.0001
 2291.0000     0.0001
 2292.0000     0.0001
 2293.0000     0.0001
 2294.0000     0.0001
 2295.0000     0.0001
 2296.0000     0.0002
 2297.0000     0.0005
 2298.0000     0.0007
 2299.0000     0.0011
 2300.0000     0.0014
 2301.0000     0.0017
 2302.0000     0.0021
 2303.0000     0.0024
 2304.0000     0.0028
 2305.0000     0.0031
 2306.0000     0.0034
 2307.0000     0.0037
 2308.0000     0.0040
 2309.0000     0.0044
 2310.0000     0.0047
 2311.0000     0.0050
 2312.0000     0.0054
 2313.0000     0.0057
 2314.0000     0.0061
 2315.0000     0.0064
 2316.0000     0.0067
 2317.0000     0.0070
 2318.0000     0.0073
 2319.0000     0.0077
 2320.0000     0.0080
 2321.0000     0.0083
 2322.0000     0.0087
 2323.0000     0.0091
 2324.0000     0.0095
 2325.0000     0.0099
 2326.0000     0.0103
 2327.0000     0.0107
 2328.0000     0.0111
 2329.0000     0.0116
 2330.0000     0.0121
 2331.0000     0.0128
 2332.0000     0.0136
 2333.0000     0.0144
 2334.0000     0.0152
 2335.0000     0.0160
 2336.0000     0.0168
 2337.0000     0.0176
 2338.0000     0.0184
 2339.0000     0.0196
 2340.0000     0.0208
 2341.0000     0.0237
 2342.0000     0.0277
 2343.0000     0.0320
 2344.0000     0.0386
 2345.0000     0.0452
 2346.0000     0.0525
 2347.0000     0.0601
 2348.0000     0.0675
 2349.0000     0.0739
 2350.0000     0.0802
 2351.0000     0.0908
 2352.0000     0.1044
 2353.0000     0.1186
 2354.0000     0.1382
 2355.0000     0.1579
 2356.0000     0.1844
 2357.0000     0.2154
 2358.0000     0.2472
 2359.0000     0.2863
 2360.0000     0.3255
 2361.0000     0.3650
 2362.0000     0.4048
 2363.0000     0.4457
 2364.0000     0.4960
 2365.0000     0.5463
 2366.0000     0.6069
 2367.0000     0.6745
 2368.0000     0.7380
 2369.0000     0.7645
 2370.0000     0.7911
 2371.0000     0.8275
 2372.0000     0.8704
 2373.0000     0.9096
 2374.0000     0.9151
 2375.0000     0.9206
 2376.0000     0.9169
 2377.0000     0.9071
 2378.0000     0.8984
 2379.0000     0.8991
 2380.0000     0.8998
 2381.0000     0.9004
 2382.0000     0.9009
 2383.0000     0.9014
 2384.0000     0.9021
 2385.0000     0.9028
 2386.0000     0.9034
 2387.0000     0.9039
 2388.0000     0.9045
 2389.0000     0.9066
 2390.0000     0.9088
 2391.0000     0.9146
 2392.0000     0.9229
 2393.0000     0.9302
 2394.0000     0.9286
 2395.0000     0.9270
 2396.0000     0.9266
 2397.0000     0.9271
 2398.0000     0.9292
 2399.0000     0.9448
 2400.0000     0.9604
 2401.0000     0.9739
 2402.0000     0.9861
 2403.0000     0.9963
 2404.0000     0.9883
 2405.0000     0.9802
 2406.0000     0.9716
 2407.0000     0.9625
 2408.0000     0.9531
 2409.0000     0.9402
 2410.0000     0.9274
 2411.0000     0.9146
 2412.0000     0.9018
 2413.0000     0.8893
 2414.0000     0.8787
 2415.0000     0.8681
 2416.0000     0.8558
 2417.0000     0.8426
 2418.0000     0.8297
 2419.0000     0.8211
 2420.0000     0.8124
 2421.0000     0.7966
 2422.0000     0.7761
 2423.0000     0.7551
 2424.0000     0.7305
 2425.0000     0.7059
 2426.0000     0.6843
 2427.0000     0.6646
 2428.0000     0.6427
 2429.0000     0.6012
 2430.0000     0.5596
 2431.0000     0.5117
 2432.0000     0.4594
 2433.0000     0.4092
 2434.0000     0.3767
 2435.0000     0.3442
 2436.0000     0.3120
 2437.0000     0.2799
 2438.0000     0.2485
 2439.0000     0.2229
 2440.0000     0.1972
 2441.0000     0.1783
 2442.0000     0.1640
 2443.0000     0.1497
 2444.0000     0.1354
 2445.0000     0.1211
 2446.0000     0.1068
 2447.0000     0.0925
 2448.0000     0.0783
 2449.0000     0.0656
 2450.0000     0.0529
 2451.0000     0.0458
 2452.0000     0.0426
 2453.0000     0.0393
 2454.0000     0.0359
 2455.0000     0.0326
 2456.0000     0.0293
 2457.0000     0.0261
 2458.0000     0.0228
 2459.0000     0.0198
 2460.0000     0.0169
 2461.0000     0.0152
 2462.0000     0.0144
 2463.0000     0.0136
 2464.0000     0.0128
 2465.0000     0.0120
 2466.0000     0.0112
 2467.0000     0.0104
 2468.0000     0.0096
 2469.0000     0.0089
 2470.0000     0.0082
 2471.0000     0.0077
 2472.0000     0.0073
 2473.0000     0.0069
 2474.0000     0.0065
 2475.0000     0.0061
 2476.0000     0.0057
 2477.0000     0.0053
 2478.0000     0.0049
 2479.0000     0.0046
 2480.0000     0.0043
 2481.0000     0.0046
 2482.0000     0.0052
 2483.0000     0.0058
 2484.0000     0.0064
 2485.0000     0.0070
 2486.0000     0.0076
 2487.0000     0.0082
 2488.0000     0.0087
 2489.0000     0.0086
 2490.0000     0.0084
 2491.0000     0.0083
 2492.0000     0.0081
 2493.0000     0.0079
 2494.0000     0.0077
 2495.0000     0.0075
 2496.0000     0.0074
 2497.0000     0.0072
 2498.0000     0.0070
 2499.0000     0.0068
 2500.0000     0.0066
 2501.0000     0.0065
 2502.0000     0.0063
 2503.0000     0.0061
 2504.0000     0.0059
 2505.0000     0.0058
 2506.0000     0.0056
 2507.0000     0.0054
 2508.0000     0.0052
 2509.0000     0.0050
 2510.0000     0.0048
 2511.0000     0.0046
 2512.0000     0.0044
 2513.0000     0.0043
 2514.0000     0.0041
 2515.0000     0.0039
 2516.0000     0.0037
 2517.0000     0.0035
 2518.0000     0.0034
 2519.0000     0.0032
 2520.0000     0.0030
 2521.0000     0.0028
 2522.0000     0.0026
 2523.0000     0.0025
 2524.0000     0.0023
 2525.0000     0.0021
 2526.0000     0.0019
 2527.0000     0.0017
 2528.0000     0.0016
 2529.0000     0.0014
 2530.0000     0.0012
 2531.0000     0.0010
 2532.0000     0.0008
 2533.0000     0.0007
 2534.0000     0.0005
 2535.0000     0.0003
 2536.0000     0.0002
 2537.0000     0.0001
 2538.0000     0.0001
 2539.0000     0.0001
 2540.0000     0.0001
 2541.0000     0.0001
 2542.0000     0.0001
 2543.0000     0.0001
 2544.0000     0.0001
 2545.0000     0.0001
 2546.0000     0.0001
 2547.0000     0.0001
 2548.0000     0.0001
 2549.0000     0.0001
 2550.0000     0.0001
 2551.0000     0.0001
 2552.0000     0.0001
 2553.0000     0.0001
 2554.0000     0.0001
 2555.0000     0.0001
 2556.0000     0.0001
 2557.0000     0.0001
