# 996	band_11
 8362.0000     0.0000
 8363.0000     0.0007
 8364.0000     0.0009
 8365.0000     0.0011
 8366.0000     0.0014
 8367.0000     0.0016
 8368.0000     0.0018
 8369.0000     0.0021
 8370.0000     0.0024
 8371.0000     0.0031
 8372.0000     0.0039
 8373.0000     0.0047
 8374.0000     0.0054
 8375.0000     0.0062
 8376.0000     0.0070
 8377.0000     0.0078
 8378.0000     0.0086
 8379.0000     0.0093
 8380.0000     0.0101
 8381.0000     0.0116
 8382.0000     0.0130
 8383.0000     0.0145
 8384.0000     0.0160
 8385.0000     0.0174
 8386.0000     0.0189
 8387.0000     0.0203
 8388.0000     0.0218
 8389.0000     0.0233
 8390.0000     0.0248
 8391.0000     0.0272
 8392.0000     0.0296
 8393.0000     0.0320
 8394.0000     0.0344
 8395.0000     0.0368
 8396.0000     0.0392
 8397.0000     0.0416
 8398.0000     0.0440
 8399.0000     0.0464
 8400.0000     0.0490
 8401.0000     0.0527
 8402.0000     0.0565
 8403.0000     0.0603
 8404.0000     0.0640
 8405.0000     0.0678
 8406.0000     0.0715
 8407.0000     0.0753
 8408.0000     0.0791
 8409.0000     0.0828
 8410.0000     0.0867
 8411.0000     0.0922
 8412.0000     0.0977
 8413.0000     0.1032
 8414.0000     0.1087
 8415.0000     0.1143
 8416.0000     0.1198
 8417.0000     0.1253
 8418.0000     0.1308
 8419.0000     0.1363
 8420.0000     0.1421
 8421.0000     0.1496
 8422.0000     0.1571
 8423.0000     0.1646
 8424.0000     0.1722
 8425.0000     0.1798
 8426.0000     0.1873
 8427.0000     0.1949
 8428.0000     0.2024
 8429.0000     0.2100
 8430.0000     0.2178
 8431.0000     0.2276
 8432.0000     0.2374
 8433.0000     0.2472
 8434.0000     0.2571
 8435.0000     0.2670
 8436.0000     0.2769
 8437.0000     0.2867
 8438.0000     0.2966
 8439.0000     0.3064
 8440.0000     0.3165
 8441.0000     0.3283
 8442.0000     0.3401
 8443.0000     0.3519
 8444.0000     0.3637
 8445.0000     0.3756
 8446.0000     0.3874
 8447.0000     0.3993
 8448.0000     0.4111
 8449.0000     0.4229
 8450.0000     0.4348
 8451.0000     0.4470
 8452.0000     0.4592
 8453.0000     0.4714
 8454.0000     0.4837
 8455.0000     0.4959
 8456.0000     0.5081
 8457.0000     0.5203
 8458.0000     0.5325
 8459.0000     0.5447
 8460.0000     0.5569
 8461.0000     0.5688
 8462.0000     0.5807
 8463.0000     0.5927
 8464.0000     0.6046
 8465.0000     0.6165
 8466.0000     0.6284
 8467.0000     0.6402
 8468.0000     0.6522
 8469.0000     0.6641
 8470.0000     0.6758
 8471.0000     0.6853
 8472.0000     0.6948
 8473.0000     0.7043
 8474.0000     0.7137
 8475.0000     0.7231
 8476.0000     0.7326
 8477.0000     0.7420
 8478.0000     0.7515
 8479.0000     0.7610
 8480.0000     0.7701
 8481.0000     0.7764
 8482.0000     0.7827
 8483.0000     0.7889
 8484.0000     0.7951
 8485.0000     0.8012
 8486.0000     0.8074
 8487.0000     0.8136
 8488.0000     0.8198
 8489.0000     0.8260
 8490.0000     0.8319
 8491.0000     0.8362
 8492.0000     0.8404
 8493.0000     0.8446
 8494.0000     0.8488
 8495.0000     0.8530
 8496.0000     0.8572
 8497.0000     0.8613
 8498.0000     0.8655
 8499.0000     0.8697
 8500.0000     0.8738
 8501.0000     0.8764
 8502.0000     0.8791
 8503.0000     0.8818
 8504.0000     0.8845
 8505.0000     0.8872
 8506.0000     0.8898
 8507.0000     0.8924
 8508.0000     0.8951
 8509.0000     0.8978
 8510.0000     0.9004
 8511.0000     0.9023
 8512.0000     0.9042
 8513.0000     0.9062
 8514.0000     0.9081
 8515.0000     0.9100
 8516.0000     0.9119
 8517.0000     0.9138
 8518.0000     0.9157
 8519.0000     0.9176
 8520.0000     0.9192
 8521.0000     0.9187
 8522.0000     0.9181
 8523.0000     0.9175
 8524.0000     0.9168
 8525.0000     0.9161
 8526.0000     0.9155
 8527.0000     0.9148
 8528.0000     0.9141
 8529.0000     0.9135
 8530.0000     0.9126
 8531.0000     0.9099
 8532.0000     0.9071
 8533.0000     0.9043
 8534.0000     0.9015
 8535.0000     0.8987
 8536.0000     0.8959
 8537.0000     0.8931
 8538.0000     0.8903
 8539.0000     0.8875
 8540.0000     0.8846
 8541.0000     0.8820
 8542.0000     0.8793
 8543.0000     0.8766
 8544.0000     0.8738
 8545.0000     0.8711
 8546.0000     0.8685
 8547.0000     0.8658
 8548.0000     0.8631
 8549.0000     0.8603
 8550.0000     0.8579
 8551.0000     0.8574
 8552.0000     0.8569
 8553.0000     0.8564
 8554.0000     0.8560
 8555.0000     0.8556
 8556.0000     0.8552
 8557.0000     0.8548
 8558.0000     0.8543
 8559.0000     0.8539
 8560.0000     0.8535
 8561.0000     0.8539
 8562.0000     0.8543
 8563.0000     0.8547
 8564.0000     0.8551
 8565.0000     0.8555
 8566.0000     0.8559
 8567.0000     0.8563
 8568.0000     0.8568
 8569.0000     0.8572
 8570.0000     0.8577
 8571.0000     0.8582
 8572.0000     0.8588
 8573.0000     0.8593
 8574.0000     0.8599
 8575.0000     0.8605
 8576.0000     0.8610
 8577.0000     0.8616
 8578.0000     0.8621
 8579.0000     0.8627
 8580.0000     0.8633
 8581.0000     0.8639
 8582.0000     0.8646
 8583.0000     0.8653
 8584.0000     0.8660
 8585.0000     0.8667
 8586.0000     0.8673
 8587.0000     0.8680
 8588.0000     0.8687
 8589.0000     0.8694
 8590.0000     0.8702
 8591.0000     0.8719
 8592.0000     0.8737
 8593.0000     0.8755
 8594.0000     0.8772
 8595.0000     0.8790
 8596.0000     0.8808
 8597.0000     0.8826
 8598.0000     0.8844
 8599.0000     0.8861
 8600.0000     0.8880
 8601.0000     0.8907
 8602.0000     0.8935
 8603.0000     0.8963
 8604.0000     0.8990
 8605.0000     0.9018
 8606.0000     0.9045
 8607.0000     0.9073
 8608.0000     0.9101
 8609.0000     0.9128
 8610.0000     0.9157
 8611.0000     0.9192
 8612.0000     0.9227
 8613.0000     0.9262
 8614.0000     0.9298
 8615.0000     0.9334
 8616.0000     0.9369
 8617.0000     0.9405
 8618.0000     0.9440
 8619.0000     0.9476
 8620.0000     0.9510
 8621.0000     0.9526
 8622.0000     0.9542
 8623.0000     0.9557
 8624.0000     0.9573
 8625.0000     0.9589
 8626.0000     0.9604
 8627.0000     0.9619
 8628.0000     0.9634
 8629.0000     0.9650
 8630.0000     0.9664
 8631.0000     0.9662
 8632.0000     0.9660
 8633.0000     0.9658
 8634.0000     0.9655
 8635.0000     0.9653
 8636.0000     0.9650
 8637.0000     0.9647
 8638.0000     0.9645
 8639.0000     0.9642
 8640.0000     0.9639
 8641.0000     0.9630
 8642.0000     0.9621
 8643.0000     0.9611
 8644.0000     0.9601
 8645.0000     0.9591
 8646.0000     0.9581
 8647.0000     0.9572
 8648.0000     0.9562
 8649.0000     0.9553
 8650.0000     0.9545
 8651.0000     0.9551
 8652.0000     0.9557
 8653.0000     0.9563
 8654.0000     0.9570
 8655.0000     0.9577
 8656.0000     0.9583
 8657.0000     0.9590
 8658.0000     0.9597
 8659.0000     0.9604
 8660.0000     0.9610
 8661.0000     0.9612
 8662.0000     0.9614
 8663.0000     0.9616
 8664.0000     0.9617
 8665.0000     0.9618
 8666.0000     0.9620
 8667.0000     0.9621
 8668.0000     0.9623
 8669.0000     0.9625
 8670.0000     0.9625
 8671.0000     0.9618
 8672.0000     0.9610
 8673.0000     0.9602
 8674.0000     0.9594
 8675.0000     0.9586
 8676.0000     0.9578
 8677.0000     0.9570
 8678.0000     0.9562
 8679.0000     0.9554
 8680.0000     0.9546
 8681.0000     0.9532
 8682.0000     0.9519
 8683.0000     0.9506
 8684.0000     0.9492
 8685.0000     0.9479
 8686.0000     0.9465
 8687.0000     0.9452
 8688.0000     0.9439
 8689.0000     0.9425
 8690.0000     0.9413
 8691.0000     0.9410
 8692.0000     0.9407
 8693.0000     0.9405
 8694.0000     0.9402
 8695.0000     0.9400
 8696.0000     0.9397
 8697.0000     0.9394
 8698.0000     0.9392
 8699.0000     0.9389
 8700.0000     0.9389
 8701.0000     0.9405
 8702.0000     0.9421
 8703.0000     0.9437
 8704.0000     0.9454
 8705.0000     0.9471
 8706.0000     0.9487
 8707.0000     0.9504
 8708.0000     0.9521
 8709.0000     0.9538
 8710.0000     0.9556
 8711.0000     0.9588
 8712.0000     0.9620
 8713.0000     0.9653
 8714.0000     0.9685
 8715.0000     0.9718
 8716.0000     0.9751
 8717.0000     0.9783
 8718.0000     0.9816
 8719.0000     0.9848
 8720.0000     0.9879
 8721.0000     0.9892
 8722.0000     0.9905
 8723.0000     0.9917
 8724.0000     0.9929
 8725.0000     0.9940
 8726.0000     0.9952
 8727.0000     0.9964
 8728.0000     0.9976
 8729.0000     0.9988
 8730.0000     0.9999
 8731.0000     0.9994
 8732.0000     0.9990
 8733.0000     0.9985
 8734.0000     0.9980
 8735.0000     0.9974
 8736.0000     0.9969
 8737.0000     0.9964
 8738.0000     0.9959
 8739.0000     0.9954
 8740.0000     0.9947
 8741.0000     0.9928
 8742.0000     0.9909
 8743.0000     0.9889
 8744.0000     0.9868
 8745.0000     0.9848
 8746.0000     0.9828
 8747.0000     0.9808
 8748.0000     0.9788
 8749.0000     0.9768
 8750.0000     0.9746
 8751.0000     0.9705
 8752.0000     0.9663
 8753.0000     0.9622
 8754.0000     0.9580
 8755.0000     0.9539
 8756.0000     0.9497
 8757.0000     0.9455
 8758.0000     0.9413
 8759.0000     0.9371
 8760.0000     0.9327
 8761.0000     0.9270
 8762.0000     0.9213
 8763.0000     0.9155
 8764.0000     0.9098
 8765.0000     0.9040
 8766.0000     0.8982
 8767.0000     0.8924
 8768.0000     0.8866
 8769.0000     0.8809
 8770.0000     0.8747
 8771.0000     0.8647
 8772.0000     0.8546
 8773.0000     0.8445
 8774.0000     0.8343
 8775.0000     0.8241
 8776.0000     0.8139
 8777.0000     0.8037
 8778.0000     0.7935
 8779.0000     0.7832
 8780.0000     0.7727
 8781.0000     0.7600
 8782.0000     0.7473
 8783.0000     0.7345
 8784.0000     0.7217
 8785.0000     0.7088
 8786.0000     0.6960
 8787.0000     0.6831
 8788.0000     0.6703
 8789.0000     0.6575
 8790.0000     0.6445
 8791.0000     0.6310
 8792.0000     0.6174
 8793.0000     0.6039
 8794.0000     0.5903
 8795.0000     0.5767
 8796.0000     0.5631
 8797.0000     0.5495
 8798.0000     0.5360
 8799.0000     0.5224
 8800.0000     0.5089
 8801.0000     0.4962
 8802.0000     0.4834
 8803.0000     0.4707
 8804.0000     0.4579
 8805.0000     0.4452
 8806.0000     0.4325
 8807.0000     0.4197
 8808.0000     0.4070
 8809.0000     0.3942
 8810.0000     0.3817
 8811.0000     0.3712
 8812.0000     0.3606
 8813.0000     0.3501
 8814.0000     0.3396
 8815.0000     0.3292
 8816.0000     0.3187
 8817.0000     0.3082
 8818.0000     0.2977
 8819.0000     0.2872
 8820.0000     0.2768
 8821.0000     0.2669
 8822.0000     0.2570
 8823.0000     0.2471
 8824.0000     0.2372
 8825.0000     0.2273
 8826.0000     0.2174
 8827.0000     0.2076
 8828.0000     0.1976
 8829.0000     0.1877
 8830.0000     0.1781
 8831.0000     0.1711
 8832.0000     0.1640
 8833.0000     0.1570
 8834.0000     0.1501
 8835.0000     0.1432
 8836.0000     0.1363
 8837.0000     0.1294
 8838.0000     0.1224
 8839.0000     0.1155
 8840.0000     0.1089
 8841.0000     0.1044
 8842.0000     0.1000
 8843.0000     0.0956
 8844.0000     0.0913
 8845.0000     0.0870
 8846.0000     0.0826
 8847.0000     0.0782
 8848.0000     0.0739
 8849.0000     0.0696
 8850.0000     0.0655
 8851.0000     0.0630
 8852.0000     0.0605
 8853.0000     0.0581
 8854.0000     0.0557
 8855.0000     0.0533
 8856.0000     0.0509
 8857.0000     0.0485
 8858.0000     0.0461
 8859.0000     0.0437
 8860.0000     0.0414
 8861.0000     0.0402
 8862.0000     0.0390
 8863.0000     0.0378
 8864.0000     0.0367
 8865.0000     0.0356
 8866.0000     0.0344
 8867.0000     0.0333
 8868.0000     0.0321
 8869.0000     0.0310
 8870.0000     0.0299
 8871.0000     0.0292
 8872.0000     0.0285
 8873.0000     0.0278
 8874.0000     0.0271
 8875.0000     0.0264
 8876.0000     0.0257
 8877.0000     0.0250
 8878.0000     0.0243
 8879.0000     0.0236
 8880.0000     0.0230
 8881.0000     0.0225
 8882.0000     0.0221
 8883.0000     0.0216
 8884.0000     0.0212
 8885.0000     0.0208
 8886.0000     0.0204
 8887.0000     0.0200
 8888.0000     0.0195
 8889.0000     0.0191
 8890.0000     0.0187
 8891.0000     0.0184
 8892.0000     0.0181
 8893.0000     0.0178
 8894.0000     0.0176
 8895.0000     0.0173
 8896.0000     0.0170
 8897.0000     0.0167
 8898.0000     0.0164
 8899.0000     0.0161
 8900.0000     0.0158
 8901.0000     0.0156
 8902.0000     0.0155
 8903.0000     0.0153
 8904.0000     0.0152
 8905.0000     0.0151
 8906.0000     0.0149
 8907.0000     0.0148
 8908.0000     0.0146
 8909.0000     0.0144
 8910.0000     0.0143
 8911.0000     0.0142
 8912.0000     0.0140
 8913.0000     0.0139
 8914.0000     0.0138
 8915.0000     0.0137
 8916.0000     0.0136
 8917.0000     0.0134
 8918.0000     0.0133
 8919.0000     0.0132
 8920.0000     0.0131
 8921.0000     0.0130
 8922.0000     0.0128
 8923.0000     0.0127
 8924.0000     0.0125
 8925.0000     0.0124
 8926.0000     0.0123
 8927.0000     0.0121
 8928.0000     0.0120
 8929.0000     0.0118
 8930.0000     0.0117
 8931.0000     0.0116
 8932.0000     0.0115
 8933.0000     0.0114
 8934.0000     0.0113
 8935.0000     0.0112
 8936.0000     0.0111
 8937.0000     0.0110
 8938.0000     0.0109
 8939.0000     0.0108
 8940.0000     0.0107
 8941.0000     0.0106
 8942.0000     0.0104
 8943.0000     0.0103
 8944.0000     0.0101
 8945.0000     0.0100
 8946.0000     0.0099
 8947.0000     0.0097
 8948.0000     0.0096
 8949.0000     0.0094
 8950.0000     0.0093
 8951.0000     0.0092
 8952.0000     0.0091
 8953.0000     0.0091
 8954.0000     0.0090
 8955.0000     0.0090
 8956.0000     0.0089
 8957.0000     0.0088
 8958.0000     0.0088
 8959.0000     0.0087
 8960.0000     0.0086
 8961.0000     0.0085
 8962.0000     0.0083
 8963.0000     0.0083
 8964.0000     0.0082
 8965.0000     0.0081
 8966.0000     0.0080
 8967.0000     0.0078
 8968.0000     0.0077
 8969.0000     0.0076
 8970.0000     0.0075
 8971.0000     0.0075
 8972.0000     0.0075
 8973.0000     0.0075
 8974.0000     0.0075
 8975.0000     0.0075
 8976.0000     0.0075
 8977.0000     0.0075
 8978.0000     0.0075
 8979.0000     0.0075
 8980.0000     0.0075
 8981.0000     0.0073
 8982.0000     0.0072
 8983.0000     0.0070
 8984.0000     0.0068
 8985.0000     0.0067
 8986.0000     0.0065
 8987.0000     0.0063
 8988.0000     0.0061
 8989.0000     0.0059
 8990.0000     0.0058
 8991.0000     0.0056
 8992.0000     0.0055
 8993.0000     0.0053
 8994.0000     0.0051
 8995.0000     0.0050
 8996.0000     0.0048
 8997.0000     0.0046
 8998.0000     0.0044
 8999.0000     0.0042
 9000.0000     0.0041
 9001.0000     0.0041
 9002.0000     0.0040
 9003.0000     0.0040
 9004.0000     0.0039
 9005.0000     0.0038
 9006.0000     0.0038
 9007.0000     0.0037
 9008.0000     0.0037
 9009.0000     0.0036
 9010.0000     0.0035
 9011.0000     0.0034
 9012.0000     0.0032
 9013.0000     0.0032
 9014.0000     0.0031
 9015.0000     0.0030
 9016.0000     0.0029
 9017.0000     0.0027
 9018.0000     0.0026
 9019.0000     0.0025
 9020.0000     0.0024
 9021.0000     0.0024
 9022.0000     0.0023
 9023.0000     0.0023
 9024.0000     0.0022
 9025.0000     0.0022
 9026.0000     0.0022
 9027.0000     0.0021
 9028.0000     0.0021
 9029.0000     0.0020
 9030.0000     0.0020
 9031.0000     0.0020
 9032.0000     0.0019
 9033.0000     0.0019
 9034.0000     0.0018
 9035.0000     0.0018
 9036.0000     0.0018
 9037.0000     0.0017
 9038.0000     0.0017
 9039.0000     0.0016
 9040.0000     0.0016
 9041.0000     0.0016
 9042.0000     0.0016
 9043.0000     0.0016
 9044.0000     0.0017
 9045.0000     0.0017
 9046.0000     0.0017
 9047.0000     0.0017
 9048.0000     0.0017
 9049.0000     0.0018
 9050.0000     0.0018
 9051.0000     0.0018
 9052.0000     0.0018
 9053.0000     0.0018
 9054.0000     0.0018
 9055.0000     0.0018
 9056.0000     0.0018
 9057.0000     0.0017
 9058.0000     0.0017
 9059.0000     0.0017
 9060.0000     0.0017
 9061.0000     0.0017
 9062.0000     0.0017
 9063.0000     0.0017
 9064.0000     0.0017
 9065.0000     0.0017
 9066.0000     0.0017
 9067.0000     0.0016
 9068.0000     0.0016
 9069.0000     0.0016
 9070.0000     0.0016
 9071.0000     0.0016
 9072.0000     0.0016
 9073.0000     0.0016
 9074.0000     0.0017
 9075.0000     0.0017
 9076.0000     0.0017
 9077.0000     0.0017
 9078.0000     0.0017
 9079.0000     0.0018
 9080.0000     0.0018
 9081.0000     0.0018
 9082.0000     0.0018
 9083.0000     0.0018
 9084.0000     0.0018
 9085.0000     0.0018
 9086.0000     0.0018
 9087.0000     0.0018
 9088.0000     0.0018
 9089.0000     0.0018
 9090.0000     0.0018
 9091.0000     0.0018
 9092.0000     0.0018
 9093.0000     0.0018
 9094.0000     0.0019
 9095.0000     0.0019
 9096.0000     0.0019
 9097.0000     0.0019
 9098.0000     0.0019
 9099.0000     0.0020
 9100.0000     0.0020
 9101.0000     0.0020
 9102.0000     0.0020
 9103.0000     0.0020
 9104.0000     0.0020
 9105.0000     0.0020
 9106.0000     0.0020
 9107.0000     0.0021
 9108.0000     0.0021
 9109.0000     0.0021
 9110.0000     0.0021
 9111.0000     0.0021
 9112.0000     0.0021
 9113.0000     0.0021
 9114.0000     0.0021
 9115.0000     0.0021
 9116.0000     0.0021
 9117.0000     0.0021
 9118.0000     0.0021
 9119.0000     0.0021
 9120.0000     0.0021
 9121.0000     0.0021
 9122.0000     0.0022
 9123.0000     0.0022
 9124.0000     0.0022
 9125.0000     0.0022
 9126.0000     0.0022
 9127.0000     0.0023
 9128.0000     0.0023
 9129.0000     0.0024
 9130.0000     0.0024
 9131.0000     0.0024
 9132.0000     0.0024
 9133.0000     0.0024
 9134.0000     0.0024
 9135.0000     0.0024
 9136.0000     0.0024
 9137.0000     0.0023
 9138.0000     0.0023
 9139.0000     0.0023
 9140.0000     0.0023
 9141.0000     0.0023
 9142.0000     0.0024
 9143.0000     0.0024
 9144.0000     0.0025
 9145.0000     0.0025
 9146.0000     0.0025
 9147.0000     0.0026
 9148.0000     0.0026
 9149.0000     0.0027
 9150.0000     0.0027
 9151.0000     0.0027
 9152.0000     0.0027
 9153.0000     0.0027
 9154.0000     0.0027
 9155.0000     0.0027
 9156.0000     0.0027
 9157.0000     0.0026
 9158.0000     0.0026
 9159.0000     0.0026
 9160.0000     0.0026
 9161.0000     0.0026
 9162.0000     0.0026
 9163.0000     0.0026
 9164.0000     0.0026
 9165.0000     0.0026
 9166.0000     0.0026
 9167.0000     0.0025
 9168.0000     0.0025
 9169.0000     0.0025
 9170.0000     0.0025
 9171.0000     0.0025
 9172.0000     0.0025
 9173.0000     0.0025
 9174.0000     0.0025
 9175.0000     0.0025
 9176.0000     0.0025
 9177.0000     0.0025
 9178.0000     0.0025
 9179.0000     0.0025
 9180.0000     0.0025
 9181.0000     0.0025
 9182.0000     0.0024
 9183.0000     0.0024
 9184.0000     0.0023
 9185.0000     0.0022
 9186.0000     0.0022
 9187.0000     0.0021
 9188.0000     0.0021
 9189.0000     0.0020
 9190.0000     0.0019
 9191.0000     0.0019
 9192.0000     0.0019
 9193.0000     0.0019
 9194.0000     0.0019
 9195.0000     0.0019
 9196.0000     0.0019
 9197.0000     0.0019
 9198.0000     0.0019
 9199.0000     0.0019
 9200.0000     0.0019
 9201.0000     0.0019
 9202.0000     0.0018
 9203.0000     0.0018
 9204.0000     0.0017
 9205.0000     0.0017
 9206.0000     0.0017
 9207.0000     0.0016
 9208.0000     0.0016
 9209.0000     0.0015
 9210.0000     0.0015
 9211.0000     0.0015
 9212.0000     0.0014
 9213.0000     0.0014
 9214.0000     0.0013
 9215.0000     0.0012
 9216.0000     0.0012
 9217.0000     0.0011
 9218.0000     0.0011
 9219.0000     0.0010
 9220.0000     0.0009
 9221.0000     0.0009
 9222.0000     0.0010
 9223.0000     0.0010
 9224.0000     0.0010
 9225.0000     0.0010
 9226.0000     0.0010
 9227.0000     0.0011
 9228.0000     0.0011
 9229.0000     0.0012
 9230.0000     0.0012
 9231.0000     0.0012
 9232.0000     0.0011
 9233.0000     0.0011
 9234.0000     0.0010
 9235.0000     0.0010
 9236.0000     0.0009
 9237.0000     0.0008
 9238.0000     0.0008
 9239.0000     0.0007
 9240.0000     0.0007
 9241.0000     0.0007
 9242.0000     0.0007
 9243.0000     0.0007
 9244.0000     0.0008
 9245.0000     0.0008
 9246.0000     0.0008
 9247.0000     0.0008
 9248.0000     0.0008
 9249.0000     0.0009
 9250.0000     0.0009
 9251.0000     0.0009
 9252.0000     0.0008
 9253.0000     0.0008
 9254.0000     0.0007
 9255.0000     0.0007
 9256.0000     0.0007
 9257.0000     0.0006
 9258.0000     0.0006
 9259.0000     0.0005
 9260.0000     0.0005
 9261.0000     0.0005
 9262.0000     0.0005
 9263.0000     0.0005
 9264.0000     0.0006
 9265.0000     0.0006
 9266.0000     0.0006
 9267.0000     0.0006
 9268.0000     0.0006
 9269.0000     0.0007
 9270.0000     0.0007
 9271.0000     0.0007
 9272.0000     0.0007
 9273.0000     0.0007
 9274.0000     0.0007
 9275.0000     0.0007
 9276.0000     0.0007
 9277.0000     0.0006
 9278.0000     0.0006
 9279.0000     0.0006
 9280.0000     0.0006
 9281.0000     0.0006
 9282.0000     0.0007
 9283.0000     0.0007
 9284.0000     0.0008
 9285.0000     0.0009
 9286.0000     0.0009
 9287.0000     0.0010
 9288.0000     0.0010
 9289.0000     0.0011
 9290.0000     0.0012
 9291.0000     0.0012
 9292.0000     0.0012
 9293.0000     0.0012
 9294.0000     0.0012
 9295.0000     0.0012
 9296.0000     0.0012
 9297.0000     0.0011
 9298.0000     0.0011
 9299.0000     0.0011
 9300.0000     0.0011
 9301.0000     0.0011
 9302.0000     0.0011
 9303.0000     0.0011
 9304.0000     0.0010
 9305.0000     0.0010
 9306.0000     0.0010
 9307.0000     0.0010
 9308.0000     0.0010
 9309.0000     0.0009
 9310.0000     0.0009
 9311.0000     0.0009
 9312.0000     0.0009
 9313.0000     0.0009
 9314.0000     0.0009
 9315.0000     0.0009
 9316.0000     0.0009
 9317.0000     0.0008
 9318.0000     0.0008
 9319.0000     0.0008
 9320.0000     0.0008
 9321.0000     0.0008
 9322.0000     0.0008
 9323.0000     0.0008
 9324.0000     0.0007
 9325.0000     0.0007
 9326.0000     0.0007
 9327.0000     0.0007
 9328.0000     0.0007
 9329.0000     0.0006
 9330.0000     0.0006
 9331.0000     0.0006
 9332.0000     0.0006
 9333.0000     0.0006
 9334.0000     0.0006
 9335.0000     0.0006
 9336.0000     0.0006
 9337.0000     0.0005
 9338.0000     0.0005
 9339.0000     0.0005
 9340.0000     0.0005
 9341.0000     0.0005
 9342.0000     0.0004
 9343.0000     0.0004
 9344.0000     0.0004
 9345.0000     0.0004
 9346.0000     0.0004
 9347.0000     0.0003
 9348.0000     0.0003
 9349.0000     0.0002
 9350.0000     0.0002
 9351.0000     0.0002
 9352.0000     0.0002
 9353.0000     0.0002
 9354.0000     0.0001
 9355.0000     0.0001
 9356.0000     0.0001
 9357.0000     0.0001
