# 1516	band_13
10152.0000     0.0000
10153.0000     0.0004
10154.0000     0.0006
10155.0000     0.0007
10156.0000     0.0008
10157.0000     0.0010
10158.0000     0.0011
10159.0000     0.0013
10160.0000     0.0014
10161.0000     0.0016
10162.0000     0.0018
10163.0000     0.0021
10164.0000     0.0023
10165.0000     0.0025
10166.0000     0.0027
10167.0000     0.0029
10168.0000     0.0032
10169.0000     0.0034
10170.0000     0.0037
10171.0000     0.0039
10172.0000     0.0042
10173.0000     0.0045
10174.0000     0.0048
10175.0000     0.0052
10176.0000     0.0055
10177.0000     0.0058
10178.0000     0.0061
10179.0000     0.0064
10180.0000     0.0068
10181.0000     0.0072
10182.0000     0.0077
10183.0000     0.0081
10184.0000     0.0085
10185.0000     0.0089
10186.0000     0.0093
10187.0000     0.0098
10188.0000     0.0102
10189.0000     0.0106
10190.0000     0.0110
10191.0000     0.0116
10192.0000     0.0122
10193.0000     0.0128
10194.0000     0.0134
10195.0000     0.0140
10196.0000     0.0147
10197.0000     0.0153
10198.0000     0.0159
10199.0000     0.0165
10200.0000     0.0172
10201.0000     0.0180
10202.0000     0.0188
10203.0000     0.0196
10204.0000     0.0204
10205.0000     0.0213
10206.0000     0.0221
10207.0000     0.0229
10208.0000     0.0238
10209.0000     0.0246
10210.0000     0.0255
10211.0000     0.0267
10212.0000     0.0279
10213.0000     0.0290
10214.0000     0.0302
10215.0000     0.0313
10216.0000     0.0325
10217.0000     0.0337
10218.0000     0.0348
10219.0000     0.0360
10220.0000     0.0372
10221.0000     0.0386
10222.0000     0.0400
10223.0000     0.0414
10224.0000     0.0428
10225.0000     0.0443
10226.0000     0.0457
10227.0000     0.0471
10228.0000     0.0485
10229.0000     0.0499
10230.0000     0.0515
10231.0000     0.0534
10232.0000     0.0553
10233.0000     0.0572
10234.0000     0.0592
10235.0000     0.0611
10236.0000     0.0631
10237.0000     0.0650
10238.0000     0.0670
10239.0000     0.0689
10240.0000     0.0710
10241.0000     0.0734
10242.0000     0.0758
10243.0000     0.0782
10244.0000     0.0807
10245.0000     0.0832
10246.0000     0.0856
10247.0000     0.0881
10248.0000     0.0905
10249.0000     0.0930
10250.0000     0.0956
10251.0000     0.0986
10252.0000     0.1017
10253.0000     0.1048
10254.0000     0.1078
10255.0000     0.1109
10256.0000     0.1140
10257.0000     0.1171
10258.0000     0.1202
10259.0000     0.1232
10260.0000     0.1265
10261.0000     0.1304
10262.0000     0.1342
10263.0000     0.1382
10264.0000     0.1421
10265.0000     0.1461
10266.0000     0.1501
10267.0000     0.1540
10268.0000     0.1580
10269.0000     0.1619
10270.0000     0.1660
10271.0000     0.1706
10272.0000     0.1752
10273.0000     0.1798
10274.0000     0.1845
10275.0000     0.1891
10276.0000     0.1938
10277.0000     0.1985
10278.0000     0.2031
10279.0000     0.2078
10280.0000     0.2125
10281.0000     0.2177
10282.0000     0.2229
10283.0000     0.2282
10284.0000     0.2335
10285.0000     0.2387
10286.0000     0.2440
10287.0000     0.2492
10288.0000     0.2545
10289.0000     0.2598
10290.0000     0.2653
10291.0000     0.2715
10292.0000     0.2778
10293.0000     0.2842
10294.0000     0.2905
10295.0000     0.2969
10296.0000     0.3032
10297.0000     0.3096
10298.0000     0.3160
10299.0000     0.3224
10300.0000     0.3289
10301.0000     0.3360
10302.0000     0.3431
10303.0000     0.3502
10304.0000     0.3574
10305.0000     0.3645
10306.0000     0.3717
10307.0000     0.3789
10308.0000     0.3861
10309.0000     0.3933
10310.0000     0.4005
10311.0000     0.4079
10312.0000     0.4154
10313.0000     0.4228
10314.0000     0.4303
10315.0000     0.4378
10316.0000     0.4452
10317.0000     0.4527
10318.0000     0.4601
10319.0000     0.4676
10320.0000     0.4752
10321.0000     0.4831
10322.0000     0.4909
10323.0000     0.4988
10324.0000     0.5067
10325.0000     0.5146
10326.0000     0.5225
10327.0000     0.5303
10328.0000     0.5382
10329.0000     0.5461
10330.0000     0.5541
10331.0000     0.5628
10332.0000     0.5714
10333.0000     0.5801
10334.0000     0.5888
10335.0000     0.5974
10336.0000     0.6062
10337.0000     0.6149
10338.0000     0.6236
10339.0000     0.6323
10340.0000     0.6408
10341.0000     0.6485
10342.0000     0.6563
10343.0000     0.6640
10344.0000     0.6717
10345.0000     0.6793
10346.0000     0.6870
10347.0000     0.6946
10348.0000     0.7022
10349.0000     0.7099
10350.0000     0.7173
10351.0000     0.7239
10352.0000     0.7305
10353.0000     0.7370
10354.0000     0.7434
10355.0000     0.7499
10356.0000     0.7564
10357.0000     0.7629
10358.0000     0.7693
10359.0000     0.7757
10360.0000     0.7820
10361.0000     0.7875
10362.0000     0.7930
10363.0000     0.7984
10364.0000     0.8037
10365.0000     0.8091
10366.0000     0.8144
10367.0000     0.8198
10368.0000     0.8252
10369.0000     0.8305
10370.0000     0.8357
10371.0000     0.8405
10372.0000     0.8452
10373.0000     0.8498
10374.0000     0.8545
10375.0000     0.8591
10376.0000     0.8638
10377.0000     0.8684
10378.0000     0.8730
10379.0000     0.8777
10380.0000     0.8818
10381.0000     0.8839
10382.0000     0.8860
10383.0000     0.8879
10384.0000     0.8897
10385.0000     0.8916
10386.0000     0.8934
10387.0000     0.8952
10388.0000     0.8970
10389.0000     0.8988
10390.0000     0.9006
10391.0000     0.9019
10392.0000     0.9033
10393.0000     0.9046
10394.0000     0.9059
10395.0000     0.9073
10396.0000     0.9085
10397.0000     0.9098
10398.0000     0.9111
10399.0000     0.9124
10400.0000     0.9136
10401.0000     0.9143
10402.0000     0.9150
10403.0000     0.9156
10404.0000     0.9163
10405.0000     0.9169
10406.0000     0.9175
10407.0000     0.9181
10408.0000     0.9187
10409.0000     0.9194
10410.0000     0.9199
10411.0000     0.9199
10412.0000     0.9198
10413.0000     0.9197
10414.0000     0.9196
10415.0000     0.9195
10416.0000     0.9194
10417.0000     0.9193
10418.0000     0.9192
10419.0000     0.9191
10420.0000     0.9189
10421.0000     0.9181
10422.0000     0.9174
10423.0000     0.9167
10424.0000     0.9159
10425.0000     0.9151
10426.0000     0.9143
10427.0000     0.9135
10428.0000     0.9128
10429.0000     0.9120
10430.0000     0.9112
10431.0000     0.9100
10432.0000     0.9088
10433.0000     0.9075
10434.0000     0.9063
10435.0000     0.9051
10436.0000     0.9038
10437.0000     0.9026
10438.0000     0.9013
10439.0000     0.9001
10440.0000     0.8989
10441.0000     0.8981
10442.0000     0.8973
10443.0000     0.8966
10444.0000     0.8959
10445.0000     0.8951
10446.0000     0.8944
10447.0000     0.8936
10448.0000     0.8929
10449.0000     0.8922
10450.0000     0.8914
10451.0000     0.8906
10452.0000     0.8898
10453.0000     0.8891
10454.0000     0.8883
10455.0000     0.8875
10456.0000     0.8867
10457.0000     0.8859
10458.0000     0.8852
10459.0000     0.8844
10460.0000     0.8837
10461.0000     0.8831
10462.0000     0.8826
10463.0000     0.8820
10464.0000     0.8815
10465.0000     0.8810
10466.0000     0.8804
10467.0000     0.8799
10468.0000     0.8793
10469.0000     0.8788
10470.0000     0.8783
10471.0000     0.8778
10472.0000     0.8773
10473.0000     0.8767
10474.0000     0.8761
10475.0000     0.8756
10476.0000     0.8751
10477.0000     0.8746
10478.0000     0.8740
10479.0000     0.8734
10480.0000     0.8730
10481.0000     0.8728
10482.0000     0.8726
10483.0000     0.8725
10484.0000     0.8723
10485.0000     0.8722
10486.0000     0.8720
10487.0000     0.8718
10488.0000     0.8717
10489.0000     0.8715
10490.0000     0.8714
10491.0000     0.8711
10492.0000     0.8709
10493.0000     0.8706
10494.0000     0.8703
10495.0000     0.8700
10496.0000     0.8698
10497.0000     0.8695
10498.0000     0.8692
10499.0000     0.8690
10500.0000     0.8687
10501.0000     0.8680
10502.0000     0.8674
10503.0000     0.8667
10504.0000     0.8660
10505.0000     0.8654
10506.0000     0.8647
10507.0000     0.8641
10508.0000     0.8634
10509.0000     0.8627
10510.0000     0.8622
10511.0000     0.8623
10512.0000     0.8625
10513.0000     0.8626
10514.0000     0.8628
10515.0000     0.8629
10516.0000     0.8631
10517.0000     0.8633
10518.0000     0.8634
10519.0000     0.8636
10520.0000     0.8638
10521.0000     0.8640
10522.0000     0.8642
10523.0000     0.8644
10524.0000     0.8646
10525.0000     0.8648
10526.0000     0.8651
10527.0000     0.8653
10528.0000     0.8655
10529.0000     0.8657
10530.0000     0.8659
10531.0000     0.8659
10532.0000     0.8660
10533.0000     0.8660
10534.0000     0.8661
10535.0000     0.8661
10536.0000     0.8661
10537.0000     0.8661
10538.0000     0.8661
10539.0000     0.8662
10540.0000     0.8662
10541.0000     0.8664
10542.0000     0.8666
10543.0000     0.8667
10544.0000     0.8669
10545.0000     0.8670
10546.0000     0.8672
10547.0000     0.8674
10548.0000     0.8675
10549.0000     0.8677
10550.0000     0.8682
10551.0000     0.8696
10552.0000     0.8711
10553.0000     0.8726
10554.0000     0.8742
10555.0000     0.8757
10556.0000     0.8773
10557.0000     0.8788
10558.0000     0.8804
10559.0000     0.8820
10560.0000     0.8833
10561.0000     0.8840
10562.0000     0.8846
10563.0000     0.8852
10564.0000     0.8858
10565.0000     0.8863
10566.0000     0.8868
10567.0000     0.8873
10568.0000     0.8879
10569.0000     0.8885
10570.0000     0.8889
10571.0000     0.8890
10572.0000     0.8892
10573.0000     0.8892
10574.0000     0.8893
10575.0000     0.8893
10576.0000     0.8894
10577.0000     0.8895
10578.0000     0.8896
10579.0000     0.8896
10580.0000     0.8899
10581.0000     0.8908
10582.0000     0.8916
10583.0000     0.8926
10584.0000     0.8935
10585.0000     0.8945
10586.0000     0.8955
10587.0000     0.8964
10588.0000     0.8974
10589.0000     0.8984
10590.0000     0.8994
10591.0000     0.9006
10592.0000     0.9018
10593.0000     0.9030
10594.0000     0.9042
10595.0000     0.9054
10596.0000     0.9066
10597.0000     0.9078
10598.0000     0.9090
10599.0000     0.9102
10600.0000     0.9112
10601.0000     0.9115
10602.0000     0.9117
10603.0000     0.9119
10604.0000     0.9120
10605.0000     0.9121
10606.0000     0.9122
10607.0000     0.9124
10608.0000     0.9125
10609.0000     0.9126
10610.0000     0.9129
10611.0000     0.9136
10612.0000     0.9144
10613.0000     0.9152
10614.0000     0.9161
10615.0000     0.9170
10616.0000     0.9178
10617.0000     0.9186
10618.0000     0.9195
10619.0000     0.9204
10620.0000     0.9214
10621.0000     0.9229
10622.0000     0.9244
10623.0000     0.9260
10624.0000     0.9276
10625.0000     0.9291
10626.0000     0.9307
10627.0000     0.9322
10628.0000     0.9338
10629.0000     0.9354
10630.0000     0.9367
10631.0000     0.9372
10632.0000     0.9377
10633.0000     0.9382
10634.0000     0.9385
10635.0000     0.9389
10636.0000     0.9393
10637.0000     0.9397
10638.0000     0.9401
10639.0000     0.9404
10640.0000     0.9408
10641.0000     0.9413
10642.0000     0.9418
10643.0000     0.9422
10644.0000     0.9427
10645.0000     0.9432
10646.0000     0.9437
10647.0000     0.9442
10648.0000     0.9447
10649.0000     0.9452
10650.0000     0.9457
10651.0000     0.9460
10652.0000     0.9463
10653.0000     0.9466
10654.0000     0.9469
10655.0000     0.9473
10656.0000     0.9476
10657.0000     0.9479
10658.0000     0.9482
10659.0000     0.9485
10660.0000     0.9489
10661.0000     0.9493
10662.0000     0.9498
10663.0000     0.9502
10664.0000     0.9506
10665.0000     0.9511
10666.0000     0.9516
10667.0000     0.9521
10668.0000     0.9525
10669.0000     0.9529
10670.0000     0.9533
10671.0000     0.9535
10672.0000     0.9537
10673.0000     0.9538
10674.0000     0.9539
10675.0000     0.9540
10676.0000     0.9541
10677.0000     0.9543
10678.0000     0.9544
10679.0000     0.9546
10680.0000     0.9547
10681.0000     0.9546
10682.0000     0.9545
10683.0000     0.9545
10684.0000     0.9544
10685.0000     0.9544
10686.0000     0.9543
10687.0000     0.9542
10688.0000     0.9541
10689.0000     0.9541
10690.0000     0.9541
10691.0000     0.9547
10692.0000     0.9552
10693.0000     0.9558
10694.0000     0.9565
10695.0000     0.9571
10696.0000     0.9578
10697.0000     0.9584
10698.0000     0.9590
10699.0000     0.9596
10700.0000     0.9602
10701.0000     0.9609
10702.0000     0.9616
10703.0000     0.9622
10704.0000     0.9629
10705.0000     0.9635
10706.0000     0.9642
10707.0000     0.9648
10708.0000     0.9654
10709.0000     0.9661
10710.0000     0.9666
10711.0000     0.9667
10712.0000     0.9668
10713.0000     0.9668
10714.0000     0.9668
10715.0000     0.9668
10716.0000     0.9668
10717.0000     0.9667
10718.0000     0.9667
10719.0000     0.9667
10720.0000     0.9667
10721.0000     0.9667
10722.0000     0.9668
10723.0000     0.9668
10724.0000     0.9668
10725.0000     0.9668
10726.0000     0.9668
10727.0000     0.9669
10728.0000     0.9669
10729.0000     0.9670
10730.0000     0.9671
10731.0000     0.9673
10732.0000     0.9676
10733.0000     0.9679
10734.0000     0.9682
10735.0000     0.9685
10736.0000     0.9688
10737.0000     0.9691
10738.0000     0.9694
10739.0000     0.9697
10740.0000     0.9697
10741.0000     0.9687
10742.0000     0.9678
10743.0000     0.9667
10744.0000     0.9656
10745.0000     0.9645
10746.0000     0.9634
10747.0000     0.9622
10748.0000     0.9611
10749.0000     0.9600
10750.0000     0.9591
10751.0000     0.9594
10752.0000     0.9596
10753.0000     0.9600
10754.0000     0.9603
10755.0000     0.9607
10756.0000     0.9611
10757.0000     0.9615
10758.0000     0.9619
10759.0000     0.9622
10760.0000     0.9626
10761.0000     0.9629
10762.0000     0.9633
10763.0000     0.9637
10764.0000     0.9640
10765.0000     0.9644
10766.0000     0.9647
10767.0000     0.9651
10768.0000     0.9655
10769.0000     0.9658
10770.0000     0.9660
10771.0000     0.9655
10772.0000     0.9651
10773.0000     0.9646
10774.0000     0.9640
10775.0000     0.9634
10776.0000     0.9629
10777.0000     0.9624
10778.0000     0.9618
10779.0000     0.9612
10780.0000     0.9609
10781.0000     0.9612
10782.0000     0.9615
10783.0000     0.9619
10784.0000     0.9624
10785.0000     0.9628
10786.0000     0.9632
10787.0000     0.9636
10788.0000     0.9640
10789.0000     0.9645
10790.0000     0.9650
10791.0000     0.9659
10792.0000     0.9668
10793.0000     0.9677
10794.0000     0.9687
10795.0000     0.9696
10796.0000     0.9706
10797.0000     0.9716
10798.0000     0.9725
10799.0000     0.9735
10800.0000     0.9742
10801.0000     0.9739
10802.0000     0.9737
10803.0000     0.9734
10804.0000     0.9731
10805.0000     0.9727
10806.0000     0.9724
10807.0000     0.9721
10808.0000     0.9718
10809.0000     0.9714
10810.0000     0.9713
10811.0000     0.9714
10812.0000     0.9716
10813.0000     0.9719
10814.0000     0.9721
10815.0000     0.9724
10816.0000     0.9726
10817.0000     0.9728
10818.0000     0.9731
10819.0000     0.9733
10820.0000     0.9737
10821.0000     0.9743
10822.0000     0.9748
10823.0000     0.9754
10824.0000     0.9761
10825.0000     0.9767
10826.0000     0.9773
10827.0000     0.9779
10828.0000     0.9785
10829.0000     0.9790
10830.0000     0.9795
10831.0000     0.9797
10832.0000     0.9800
10833.0000     0.9801
10834.0000     0.9802
10835.0000     0.9803
10836.0000     0.9805
10837.0000     0.9806
10838.0000     0.9807
10839.0000     0.9809
10840.0000     0.9810
10841.0000     0.9812
10842.0000     0.9815
10843.0000     0.9817
10844.0000     0.9818
10845.0000     0.9820
10846.0000     0.9823
10847.0000     0.9825
10848.0000     0.9827
10849.0000     0.9829
10850.0000     0.9832
10851.0000     0.9839
10852.0000     0.9847
10853.0000     0.9855
10854.0000     0.9863
10855.0000     0.9871
10856.0000     0.9879
10857.0000     0.9886
10858.0000     0.9894
10859.0000     0.9902
10860.0000     0.9909
10861.0000     0.9914
10862.0000     0.9920
10863.0000     0.9925
10864.0000     0.9930
10865.0000     0.9935
10866.0000     0.9940
10867.0000     0.9945
10868.0000     0.9949
10869.0000     0.9954
10870.0000     0.9959
10871.0000     0.9963
10872.0000     0.9967
10873.0000     0.9971
10874.0000     0.9975
10875.0000     0.9979
10876.0000     0.9983
10877.0000     0.9988
10878.0000     0.9992
10879.0000     0.9996
10880.0000     0.9998
10881.0000     0.9994
10882.0000     0.9990
10883.0000     0.9985
10884.0000     0.9980
10885.0000     0.9975
10886.0000     0.9970
10887.0000     0.9965
10888.0000     0.9960
10889.0000     0.9955
10890.0000     0.9949
10891.0000     0.9941
10892.0000     0.9933
10893.0000     0.9925
10894.0000     0.9915
10895.0000     0.9907
10896.0000     0.9899
10897.0000     0.9890
10898.0000     0.9882
10899.0000     0.9872
10900.0000     0.9861
10901.0000     0.9845
10902.0000     0.9829
10903.0000     0.9811
10904.0000     0.9792
10905.0000     0.9774
10906.0000     0.9756
10907.0000     0.9738
10908.0000     0.9720
10909.0000     0.9702
10910.0000     0.9681
10911.0000     0.9655
10912.0000     0.9629
10913.0000     0.9603
10914.0000     0.9576
10915.0000     0.9550
10916.0000     0.9523
10917.0000     0.9496
10918.0000     0.9470
10919.0000     0.9443
10920.0000     0.9416
10921.0000     0.9387
10922.0000     0.9358
10923.0000     0.9328
10924.0000     0.9299
10925.0000     0.9269
10926.0000     0.9240
10927.0000     0.9210
10928.0000     0.9180
10929.0000     0.9151
10930.0000     0.9115
10931.0000     0.9067
10932.0000     0.9019
10933.0000     0.8969
10934.0000     0.8918
10935.0000     0.8868
10936.0000     0.8818
10937.0000     0.8768
10938.0000     0.8718
10939.0000     0.8667
10940.0000     0.8615
10941.0000     0.8557
10942.0000     0.8499
10943.0000     0.8440
10944.0000     0.8381
10945.0000     0.8322
10946.0000     0.8263
10947.0000     0.8204
10948.0000     0.8145
10949.0000     0.8086
10950.0000     0.8027
10951.0000     0.7966
10952.0000     0.7906
10953.0000     0.7845
10954.0000     0.7784
10955.0000     0.7723
10956.0000     0.7662
10957.0000     0.7601
10958.0000     0.7540
10959.0000     0.7480
10960.0000     0.7413
10961.0000     0.7331
10962.0000     0.7249
10963.0000     0.7166
10964.0000     0.7083
10965.0000     0.6999
10966.0000     0.6915
10967.0000     0.6831
10968.0000     0.6747
10969.0000     0.6664
10970.0000     0.6578
10971.0000     0.6487
10972.0000     0.6396
10973.0000     0.6305
10974.0000     0.6213
10975.0000     0.6122
10976.0000     0.6030
10977.0000     0.5939
10978.0000     0.5848
10979.0000     0.5756
10980.0000     0.5667
10981.0000     0.5583
10982.0000     0.5499
10983.0000     0.5416
10984.0000     0.5333
10985.0000     0.5250
10986.0000     0.5167
10987.0000     0.5084
10988.0000     0.5001
10989.0000     0.4918
10990.0000     0.4832
10991.0000     0.4738
10992.0000     0.4645
10993.0000     0.4550
10994.0000     0.4456
10995.0000     0.4362
10996.0000     0.4267
10997.0000     0.4173
10998.0000     0.4078
10999.0000     0.3984
11000.0000     0.3894
11001.0000     0.3815
11002.0000     0.3735
11003.0000     0.3657
11004.0000     0.3579
11005.0000     0.3501
11006.0000     0.3423
11007.0000     0.3346
11008.0000     0.3268
11009.0000     0.3190
11010.0000     0.3116
11011.0000     0.3052
11012.0000     0.2988
11013.0000     0.2925
11014.0000     0.2862
11015.0000     0.2799
11016.0000     0.2737
11017.0000     0.2674
11018.0000     0.2612
11019.0000     0.2550
11020.0000     0.2487
11021.0000     0.2424
11022.0000     0.2362
11023.0000     0.2299
11024.0000     0.2236
11025.0000     0.2173
11026.0000     0.2110
11027.0000     0.2048
11028.0000     0.1985
11029.0000     0.1922
11030.0000     0.1864
11031.0000     0.1819
11032.0000     0.1774
11033.0000     0.1731
11034.0000     0.1688
11035.0000     0.1645
11036.0000     0.1602
11037.0000     0.1560
11038.0000     0.1517
11039.0000     0.1474
11040.0000     0.1434
11041.0000     0.1400
11042.0000     0.1366
11043.0000     0.1332
11044.0000     0.1299
11045.0000     0.1265
11046.0000     0.1232
11047.0000     0.1199
11048.0000     0.1165
11049.0000     0.1132
11050.0000     0.1101
11051.0000     0.1073
11052.0000     0.1045
11053.0000     0.1017
11054.0000     0.0989
11055.0000     0.0962
11056.0000     0.0935
11057.0000     0.0907
11058.0000     0.0880
11059.0000     0.0852
11060.0000     0.0827
11061.0000     0.0808
11062.0000     0.0789
11063.0000     0.0771
11064.0000     0.0753
11065.0000     0.0734
11066.0000     0.0716
11067.0000     0.0698
11068.0000     0.0680
11069.0000     0.0662
11070.0000     0.0645
11071.0000     0.0631
11072.0000     0.0618
11073.0000     0.0605
11074.0000     0.0592
11075.0000     0.0579
11076.0000     0.0566
11077.0000     0.0554
11078.0000     0.0541
11079.0000     0.0528
11080.0000     0.0516
11081.0000     0.0504
11082.0000     0.0493
11083.0000     0.0482
11084.0000     0.0471
11085.0000     0.0460
11086.0000     0.0449
11087.0000     0.0438
11088.0000     0.0427
11089.0000     0.0416
11090.0000     0.0406
11091.0000     0.0399
11092.0000     0.0391
11093.0000     0.0385
11094.0000     0.0378
11095.0000     0.0371
11096.0000     0.0365
11097.0000     0.0358
11098.0000     0.0352
11099.0000     0.0345
11100.0000     0.0339
11101.0000     0.0334
11102.0000     0.0329
11103.0000     0.0324
11104.0000     0.0320
11105.0000     0.0316
11106.0000     0.0311
11107.0000     0.0307
11108.0000     0.0302
11109.0000     0.0298
11110.0000     0.0294
11111.0000     0.0289
11112.0000     0.0285
11113.0000     0.0280
11114.0000     0.0276
11115.0000     0.0272
11116.0000     0.0267
11117.0000     0.0262
11118.0000     0.0257
11119.0000     0.0253
11120.0000     0.0249
11121.0000     0.0247
11122.0000     0.0244
11123.0000     0.0242
11124.0000     0.0240
11125.0000     0.0237
11126.0000     0.0235
11127.0000     0.0232
11128.0000     0.0230
11129.0000     0.0228
11130.0000     0.0226
11131.0000     0.0223
11132.0000     0.0221
11133.0000     0.0218
11134.0000     0.0215
11135.0000     0.0212
11136.0000     0.0209
11137.0000     0.0207
11138.0000     0.0204
11139.0000     0.0202
11140.0000     0.0199
11141.0000     0.0196
11142.0000     0.0194
11143.0000     0.0191
11144.0000     0.0189
11145.0000     0.0186
11146.0000     0.0183
11147.0000     0.0181
11148.0000     0.0178
11149.0000     0.0176
11150.0000     0.0174
11151.0000     0.0172
11152.0000     0.0171
11153.0000     0.0170
11154.0000     0.0170
11155.0000     0.0169
11156.0000     0.0168
11157.0000     0.0167
11158.0000     0.0166
11159.0000     0.0165
11160.0000     0.0163
11161.0000     0.0161
11162.0000     0.0159
11163.0000     0.0157
11164.0000     0.0155
11165.0000     0.0152
11166.0000     0.0150
11167.0000     0.0147
11168.0000     0.0145
11169.0000     0.0143
11170.0000     0.0142
11171.0000     0.0141
11172.0000     0.0140
11173.0000     0.0139
11174.0000     0.0139
11175.0000     0.0138
11176.0000     0.0137
11177.0000     0.0137
11178.0000     0.0136
11179.0000     0.0136
11180.0000     0.0135
11181.0000     0.0133
11182.0000     0.0132
11183.0000     0.0131
11184.0000     0.0130
11185.0000     0.0129
11186.0000     0.0127
11187.0000     0.0126
11188.0000     0.0125
11189.0000     0.0123
11190.0000     0.0122
11191.0000     0.0120
11192.0000     0.0119
11193.0000     0.0118
11194.0000     0.0116
11195.0000     0.0115
11196.0000     0.0113
11197.0000     0.0112
11198.0000     0.0111
11199.0000     0.0109
11200.0000     0.0108
11201.0000     0.0107
11202.0000     0.0107
11203.0000     0.0107
11204.0000     0.0106
11205.0000     0.0106
11206.0000     0.0105
11207.0000     0.0105
11208.0000     0.0105
11209.0000     0.0104
11210.0000     0.0104
11211.0000     0.0103
11212.0000     0.0102
11213.0000     0.0101
11214.0000     0.0101
11215.0000     0.0100
11216.0000     0.0099
11217.0000     0.0098
11218.0000     0.0097
11219.0000     0.0096
11220.0000     0.0095
11221.0000     0.0094
11222.0000     0.0093
11223.0000     0.0093
11224.0000     0.0092
11225.0000     0.0092
11226.0000     0.0091
11227.0000     0.0090
11228.0000     0.0089
11229.0000     0.0089
11230.0000     0.0088
11231.0000     0.0087
11232.0000     0.0086
11233.0000     0.0085
11234.0000     0.0085
11235.0000     0.0084
11236.0000     0.0083
11237.0000     0.0082
11238.0000     0.0081
11239.0000     0.0081
11240.0000     0.0080
11241.0000     0.0079
11242.0000     0.0078
11243.0000     0.0077
11244.0000     0.0076
11245.0000     0.0075
11246.0000     0.0073
11247.0000     0.0072
11248.0000     0.0071
11249.0000     0.0070
11250.0000     0.0069
11251.0000     0.0068
11252.0000     0.0068
11253.0000     0.0067
11254.0000     0.0067
11255.0000     0.0066
11256.0000     0.0065
11257.0000     0.0065
11258.0000     0.0064
11259.0000     0.0064
11260.0000     0.0063
11261.0000     0.0062
11262.0000     0.0062
11263.0000     0.0061
11264.0000     0.0061
11265.0000     0.0060
11266.0000     0.0059
11267.0000     0.0059
11268.0000     0.0058
11269.0000     0.0058
11270.0000     0.0057
11271.0000     0.0056
11272.0000     0.0055
11273.0000     0.0055
11274.0000     0.0054
11275.0000     0.0054
11276.0000     0.0053
11277.0000     0.0052
11278.0000     0.0051
11279.0000     0.0051
11280.0000     0.0050
11281.0000     0.0049
11282.0000     0.0048
11283.0000     0.0047
11284.0000     0.0047
11285.0000     0.0046
11286.0000     0.0045
11287.0000     0.0044
11288.0000     0.0043
11289.0000     0.0043
11290.0000     0.0042
11291.0000     0.0041
11292.0000     0.0041
11293.0000     0.0041
11294.0000     0.0040
11295.0000     0.0040
11296.0000     0.0039
11297.0000     0.0038
11298.0000     0.0038
11299.0000     0.0037
11300.0000     0.0037
11301.0000     0.0036
11302.0000     0.0035
11303.0000     0.0035
11304.0000     0.0034
11305.0000     0.0034
11306.0000     0.0033
11307.0000     0.0032
11308.0000     0.0031
11309.0000     0.0031
11310.0000     0.0030
11311.0000     0.0029
11312.0000     0.0029
11313.0000     0.0028
11314.0000     0.0028
11315.0000     0.0027
11316.0000     0.0026
11317.0000     0.0026
11318.0000     0.0025
11319.0000     0.0025
11320.0000     0.0024
11321.0000     0.0023
11322.0000     0.0023
11323.0000     0.0022
11324.0000     0.0022
11325.0000     0.0021
11326.0000     0.0020
11327.0000     0.0020
11328.0000     0.0019
11329.0000     0.0019
11330.0000     0.0018
11331.0000     0.0018
11332.0000     0.0018
11333.0000     0.0018
11334.0000     0.0019
11335.0000     0.0019
11336.0000     0.0019
11337.0000     0.0019
11338.0000     0.0019
11339.0000     0.0020
11340.0000     0.0020
11341.0000     0.0019
11342.0000     0.0019
11343.0000     0.0019
11344.0000     0.0019
11345.0000     0.0019
11346.0000     0.0018
11347.0000     0.0018
11348.0000     0.0018
11349.0000     0.0017
11350.0000     0.0017
11351.0000     0.0017
11352.0000     0.0017
11353.0000     0.0017
11354.0000     0.0017
11355.0000     0.0017
11356.0000     0.0016
11357.0000     0.0016
11358.0000     0.0016
11359.0000     0.0016
11360.0000     0.0016
11361.0000     0.0016
11362.0000     0.0016
11363.0000     0.0016
11364.0000     0.0016
11365.0000     0.0016
11366.0000     0.0016
11367.0000     0.0016
11368.0000     0.0016
11369.0000     0.0016
11370.0000     0.0016
11371.0000     0.0016
11372.0000     0.0016
11373.0000     0.0016
11374.0000     0.0016
11375.0000     0.0016
11376.0000     0.0016
11377.0000     0.0016
11378.0000     0.0016
11379.0000     0.0016
11380.0000     0.0016
11381.0000     0.0016
11382.0000     0.0016
11383.0000     0.0016
11384.0000     0.0017
11385.0000     0.0017
11386.0000     0.0017
11387.0000     0.0017
11388.0000     0.0017
11389.0000     0.0018
11390.0000     0.0018
11391.0000     0.0017
11392.0000     0.0017
11393.0000     0.0017
11394.0000     0.0017
11395.0000     0.0017
11396.0000     0.0016
11397.0000     0.0016
11398.0000     0.0016
11399.0000     0.0015
11400.0000     0.0015
11401.0000     0.0015
11402.0000     0.0015
11403.0000     0.0015
11404.0000     0.0015
11405.0000     0.0015
11406.0000     0.0015
11407.0000     0.0015
11408.0000     0.0015
11409.0000     0.0015
11410.0000     0.0015
11411.0000     0.0016
11412.0000     0.0016
11413.0000     0.0016
11414.0000     0.0016
11415.0000     0.0016
11416.0000     0.0017
11417.0000     0.0017
11418.0000     0.0017
11419.0000     0.0018
11420.0000     0.0018
11421.0000     0.0017
11422.0000     0.0017
11423.0000     0.0017
11424.0000     0.0016
11425.0000     0.0016
11426.0000     0.0015
11427.0000     0.0015
11428.0000     0.0015
11429.0000     0.0014
11430.0000     0.0014
11431.0000     0.0014
11432.0000     0.0014
11433.0000     0.0014
11434.0000     0.0014
11435.0000     0.0014
11436.0000     0.0014
11437.0000     0.0014
11438.0000     0.0014
11439.0000     0.0014
11440.0000     0.0014
11441.0000     0.0014
11442.0000     0.0014
11443.0000     0.0014
11444.0000     0.0015
11445.0000     0.0015
11446.0000     0.0015
11447.0000     0.0015
11448.0000     0.0015
11449.0000     0.0016
11450.0000     0.0016
11451.0000     0.0017
11452.0000     0.0017
11453.0000     0.0017
11454.0000     0.0017
11455.0000     0.0017
11456.0000     0.0018
11457.0000     0.0018
11458.0000     0.0018
11459.0000     0.0019
11460.0000     0.0019
11461.0000     0.0018
11462.0000     0.0018
11463.0000     0.0018
11464.0000     0.0018
11465.0000     0.0018
11466.0000     0.0017
11467.0000     0.0017
11468.0000     0.0017
11469.0000     0.0016
11470.0000     0.0016
11471.0000     0.0016
11472.0000     0.0016
11473.0000     0.0016
11474.0000     0.0016
11475.0000     0.0016
11476.0000     0.0016
11477.0000     0.0016
11478.0000     0.0016
11479.0000     0.0016
11480.0000     0.0016
11481.0000     0.0016
11482.0000     0.0016
11483.0000     0.0016
11484.0000     0.0017
11485.0000     0.0017
11486.0000     0.0017
11487.0000     0.0017
11488.0000     0.0017
11489.0000     0.0018
11490.0000     0.0018
11491.0000     0.0018
11492.0000     0.0018
11493.0000     0.0018
11494.0000     0.0017
11495.0000     0.0017
11496.0000     0.0017
11497.0000     0.0017
11498.0000     0.0017
11499.0000     0.0016
11500.0000     0.0016
11501.0000     0.0016
11502.0000     0.0016
11503.0000     0.0016
11504.0000     0.0016
11505.0000     0.0016
11506.0000     0.0015
11507.0000     0.0015
11508.0000     0.0015
11509.0000     0.0015
11510.0000     0.0015
11511.0000     0.0015
11512.0000     0.0015
11513.0000     0.0015
11514.0000     0.0014
11515.0000     0.0014
11516.0000     0.0014
11517.0000     0.0014
11518.0000     0.0014
11519.0000     0.0013
11520.0000     0.0013
11521.0000     0.0013
11522.0000     0.0013
11523.0000     0.0013
11524.0000     0.0013
11525.0000     0.0013
11526.0000     0.0013
11527.0000     0.0013
11528.0000     0.0013
11529.0000     0.0013
11530.0000     0.0013
11531.0000     0.0013
11532.0000     0.0013
11533.0000     0.0013
11534.0000     0.0012
11535.0000     0.0012
11536.0000     0.0012
11537.0000     0.0012
11538.0000     0.0012
11539.0000     0.0011
11540.0000     0.0011
11541.0000     0.0012
11542.0000     0.0012
11543.0000     0.0012
11544.0000     0.0012
11545.0000     0.0012
11546.0000     0.0013
11547.0000     0.0013
11548.0000     0.0013
11549.0000     0.0014
11550.0000     0.0014
11551.0000     0.0014
11552.0000     0.0014
11553.0000     0.0014
11554.0000     0.0014
11555.0000     0.0014
11556.0000     0.0013
11557.0000     0.0013
11558.0000     0.0013
11559.0000     0.0013
11560.0000     0.0013
11561.0000     0.0013
11562.0000     0.0013
11563.0000     0.0013
11564.0000     0.0012
11565.0000     0.0012
11566.0000     0.0012
11567.0000     0.0012
11568.0000     0.0012
11569.0000     0.0011
11570.0000     0.0011
11571.0000     0.0011
11572.0000     0.0011
11573.0000     0.0011
11574.0000     0.0011
11575.0000     0.0011
11576.0000     0.0010
11577.0000     0.0010
11578.0000     0.0010
11579.0000     0.0010
11580.0000     0.0010
11581.0000     0.0010
11582.0000     0.0010
11583.0000     0.0010
11584.0000     0.0010
11585.0000     0.0010
11586.0000     0.0011
11587.0000     0.0011
11588.0000     0.0011
11589.0000     0.0011
11590.0000     0.0011
11591.0000     0.0011
11592.0000     0.0011
11593.0000     0.0011
11594.0000     0.0012
11595.0000     0.0012
11596.0000     0.0012
11597.0000     0.0012
11598.0000     0.0012
11599.0000     0.0013
11600.0000     0.0013
11601.0000     0.0012
11602.0000     0.0012
11603.0000     0.0012
11604.0000     0.0011
11605.0000     0.0011
11606.0000     0.0010
11607.0000     0.0009
11608.0000     0.0009
11609.0000     0.0008
11610.0000     0.0008
11611.0000     0.0007
11612.0000     0.0007
11613.0000     0.0006
11614.0000     0.0006
11615.0000     0.0005
11616.0000     0.0004
11617.0000     0.0004
11618.0000     0.0003
11619.0000     0.0003
11620.0000     0.0002
11621.0000     0.0002
11622.0000     0.0002
11623.0000     0.0002
11624.0000     0.0002
11625.0000     0.0002
11626.0000     0.0003
11627.0000     0.0003
11628.0000     0.0003
11629.0000     0.0003
11630.0000     0.0003
11631.0000     0.0003
11632.0000     0.0003
11633.0000     0.0003
11634.0000     0.0004
11635.0000     0.0004
11636.0000     0.0004
11637.0000     0.0004
11638.0000     0.0004
11639.0000     0.0005
11640.0000     0.0005
11641.0000     0.0005
11642.0000     0.0005
11643.0000     0.0005
11644.0000     0.0004
11645.0000     0.0004
11646.0000     0.0004
11647.0000     0.0004
11648.0000     0.0004
11649.0000     0.0003
11650.0000     0.0003
11651.0000     0.0003
11652.0000     0.0003
11653.0000     0.0003
11654.0000     0.0003
11655.0000     0.0003
11656.0000     0.0004
11657.0000     0.0004
11658.0000     0.0004
11659.0000     0.0004
11660.0000     0.0004
11661.0000     0.0003
11662.0000     0.0003
11663.0000     0.0003
11664.0000     0.0002
11665.0000     0.0002
11666.0000     0.0001
11667.0000     0.0001
