# 286	band_8
 2225.0000     0.0000
 2226.0000     0.0001
 2227.0000     0.0001
 2228.0000     0.0001
 2229.0000     0.0001
 2230.0000     0.0001
 2231.0000     0.0001
 2232.0000     0.0001
 2233.0000     0.0001
 2234.0000     0.0001
 2235.0000     0.0001
 2236.0000     0.0001
 2237.0000     0.0001
 2238.0000     0.0001
 2239.0000     0.0001
 2240.0000     0.0001
 2241.0000     0.0001
 2242.0000     0.0001
 2243.0000     0.0001
 2244.0000     0.0001
 2245.0000     0.0001
 2246.0000     0.0001
 2247.0000     0.0001
 2248.0000     0.0002
 2249.0000     0.0012
 2250.0000     0.0021
 2251.0000     0.0031
 2252.0000     0.0040
 2253.0000     0.0050
 2254.0000     0.0060
 2255.0000     0.0070
 2256.0000     0.0080
 2257.0000     0.0090
 2258.0000     0.0100
 2259.0000     0.0109
 2260.0000     0.0117
 2261.0000     0.0123
 2262.0000     0.0127
 2263.0000     0.0131
 2264.0000     0.0135
 2265.0000     0.0139
 2266.0000     0.0143
 2267.0000     0.0147
 2268.0000     0.0152
 2269.0000     0.0160
 2270.0000     0.0168
 2271.0000     0.0188
 2272.0000     0.0217
 2273.0000     0.0246
 2274.0000     0.0275
 2275.0000     0.0304
 2276.0000     0.0333
 2277.0000     0.0362
 2278.0000     0.0391
 2279.0000     0.0426
 2280.0000     0.0460
 2281.0000     0.0514
 2282.0000     0.0581
 2283.0000     0.0650
 2284.0000     0.0735
 2285.0000     0.0821
 2286.0000     0.0916
 2287.0000     0.1018
 2288.0000     0.1124
 2289.0000     0.1275
 2290.0000     0.1426
 2291.0000     0.1648
 2292.0000     0.1918
 2293.0000     0.2199
 2294.0000     0.2575
 2295.0000     0.2951
 2296.0000     0.3489
 2297.0000     0.4137
 2298.0000     0.4778
 2299.0000     0.5364
 2300.0000     0.5950
 2301.0000     0.6431
 2302.0000     0.6843
 2303.0000     0.7266
 2304.0000     0.7794
 2305.0000     0.8322
 2306.0000     0.8821
 2307.0000     0.9302
 2308.0000     0.9739
 2309.0000     0.9777
 2310.0000     0.9816
 2311.0000     0.9772
 2312.0000     0.9675
 2313.0000     0.9595
 2314.0000     0.9679
 2315.0000     0.9763
 2316.0000     0.9789
 2317.0000     0.9777
 2318.0000     0.9766
 2319.0000     0.9758
 2320.0000     0.9749
 2321.0000     0.9739
 2322.0000     0.9727
 2323.0000     0.9716
 2324.0000     0.9708
 2325.0000     0.9699
 2326.0000     0.9683
 2327.0000     0.9661
 2328.0000     0.9635
 2329.0000     0.9575
 2330.0000     0.9516
 2331.0000     0.9528
 2332.0000     0.9588
 2333.0000     0.9648
 2334.0000     0.9708
 2335.0000     0.9768
 2336.0000     0.9826
 2337.0000     0.9882
 2338.0000     0.9934
 2339.0000     0.9949
 2340.0000     0.9965
 2341.0000     0.9935
 2342.0000     0.9876
 2343.0000     0.9828
 2344.0000     0.9881
 2345.0000     0.9933
 2346.0000     0.9947
 2347.0000     0.9936
 2348.0000     0.9925
 2349.0000     0.9915
 2350.0000     0.9904
 2351.0000     0.9819
 2352.0000     0.9684
 2353.0000     0.9561
 2354.0000     0.9555
 2355.0000     0.9549
 2356.0000     0.9406
 2357.0000     0.9171
 2358.0000     0.8932
 2359.0000     0.8666
 2360.0000     0.8400
 2361.0000     0.8156
 2362.0000     0.7927
 2363.0000     0.7686
 2364.0000     0.7334
 2365.0000     0.6983
 2366.0000     0.6543
 2367.0000     0.6046
 2368.0000     0.5545
 2369.0000     0.5012
 2370.0000     0.4480
 2371.0000     0.4044
 2372.0000     0.3671
 2373.0000     0.3310
 2374.0000     0.3054
 2375.0000     0.2798
 2376.0000     0.2558
 2377.0000     0.2329
 2378.0000     0.2103
 2379.0000     0.1906
 2380.0000     0.1709
 2381.0000     0.1564
 2382.0000     0.1454
 2383.0000     0.1344
 2384.0000     0.1234
 2385.0000     0.1124
 2386.0000     0.1014
 2387.0000     0.0904
 2388.0000     0.0795
 2389.0000     0.0696
 2390.0000     0.0597
 2391.0000     0.0535
 2392.0000     0.0497
 2393.0000     0.0460
 2394.0000     0.0424
 2395.0000     0.0387
 2396.0000     0.0350
 2397.0000     0.0312
 2398.0000     0.0276
 2399.0000     0.0243
 2400.0000     0.0210
 2401.0000     0.0192
 2402.0000     0.0184
 2403.0000     0.0176
 2404.0000     0.0168
 2405.0000     0.0160
 2406.0000     0.0152
 2407.0000     0.0144
 2408.0000     0.0136
 2409.0000     0.0129
 2410.0000     0.0122
 2411.0000     0.0117
 2412.0000     0.0113
 2413.0000     0.0109
 2414.0000     0.0105
 2415.0000     0.0101
 2416.0000     0.0097
 2417.0000     0.0093
 2418.0000     0.0089
 2419.0000     0.0085
 2420.0000     0.0081
 2421.0000     0.0077
 2422.0000     0.0073
 2423.0000     0.0069
 2424.0000     0.0065
 2425.0000     0.0061
 2426.0000     0.0057
 2427.0000     0.0053
 2428.0000     0.0049
 2429.0000     0.0045
 2430.0000     0.0041
 2431.0000     0.0037
 2432.0000     0.0035
 2433.0000     0.0032
 2434.0000     0.0029
 2435.0000     0.0026
 2436.0000     0.0023
 2437.0000     0.0021
 2438.0000     0.0018
 2439.0000     0.0015
 2440.0000     0.0013
 2441.0000     0.0012
 2442.0000     0.0011
 2443.0000     0.0011
 2444.0000     0.0011
 2445.0000     0.0011
 2446.0000     0.0011
 2447.0000     0.0010
 2448.0000     0.0010
 2449.0000     0.0010
 2450.0000     0.0010
 2451.0000     0.0010
 2452.0000     0.0009
 2453.0000     0.0009
 2454.0000     0.0009
 2455.0000     0.0008
 2456.0000     0.0008
 2457.0000     0.0008
 2458.0000     0.0008
 2459.0000     0.0008
 2460.0000     0.0007
 2461.0000     0.0007
 2462.0000     0.0007
 2463.0000     0.0007
 2464.0000     0.0007
 2465.0000     0.0006
 2466.0000     0.0006
 2467.0000     0.0006
 2468.0000     0.0006
 2469.0000     0.0006
 2470.0000     0.0005
 2471.0000     0.0005
 2472.0000     0.0004
 2473.0000     0.0004
 2474.0000     0.0004
 2475.0000     0.0004
 2476.0000     0.0004
 2477.0000     0.0003
 2478.0000     0.0003
 2479.0000     0.0003
 2480.0000     0.0003
 2481.0000     0.0003
 2482.0000     0.0002
 2483.0000     0.0002
 2484.0000     0.0002
 2485.0000     0.0002
 2486.0000     0.0002
 2487.0000     0.0001
 2488.0000     0.0001
 2489.0000     0.0001
 2490.0000     0.0001
 2491.0000     0.0001
 2492.0000     0.0001
 2493.0000     0.0001
 2494.0000     0.0001
 2495.0000     0.0001
 2496.0000     0.0001
 2497.0000     0.0001
 2498.0000     0.0001
 2499.0000     0.0001
 2500.0000     0.0001
 2501.0000     0.0001
 2502.0000     0.0001
 2503.0000     0.0001
 2504.0000     0.0001
 2505.0000     0.0001
 2506.0000     0.0001
 2507.0000     0.0001
 2508.0000     0.0001
 2509.0000     0.0001
 2510.0000     0.0001
