# 1086	band_12
 8802.0000     0.0000
 8803.0000     0.0016
 8804.0000     0.0022
 8805.0000     0.0028
 8806.0000     0.0033
 8807.0000     0.0039
 8808.0000     0.0044
 8809.0000     0.0049
 8810.0000     0.0055
 8811.0000     0.0065
 8812.0000     0.0076
 8813.0000     0.0086
 8814.0000     0.0096
 8815.0000     0.0106
 8816.0000     0.0116
 8817.0000     0.0127
 8818.0000     0.0137
 8819.0000     0.0148
 8820.0000     0.0159
 8821.0000     0.0175
 8822.0000     0.0191
 8823.0000     0.0208
 8824.0000     0.0224
 8825.0000     0.0241
 8826.0000     0.0257
 8827.0000     0.0273
 8828.0000     0.0290
 8829.0000     0.0306
 8830.0000     0.0324
 8831.0000     0.0350
 8832.0000     0.0377
 8833.0000     0.0404
 8834.0000     0.0432
 8835.0000     0.0459
 8836.0000     0.0485
 8837.0000     0.0512
 8838.0000     0.0539
 8839.0000     0.0567
 8840.0000     0.0595
 8841.0000     0.0635
 8842.0000     0.0675
 8843.0000     0.0715
 8844.0000     0.0756
 8845.0000     0.0797
 8846.0000     0.0838
 8847.0000     0.0879
 8848.0000     0.0919
 8849.0000     0.0960
 8850.0000     0.1003
 8851.0000     0.1058
 8852.0000     0.1114
 8853.0000     0.1170
 8854.0000     0.1226
 8855.0000     0.1283
 8856.0000     0.1339
 8857.0000     0.1395
 8858.0000     0.1452
 8859.0000     0.1508
 8860.0000     0.1567
 8861.0000     0.1644
 8862.0000     0.1722
 8863.0000     0.1800
 8864.0000     0.1879
 8865.0000     0.1958
 8866.0000     0.2036
 8867.0000     0.2115
 8868.0000     0.2193
 8869.0000     0.2272
 8870.0000     0.2353
 8871.0000     0.2451
 8872.0000     0.2550
 8873.0000     0.2649
 8874.0000     0.2749
 8875.0000     0.2849
 8876.0000     0.2949
 8877.0000     0.3048
 8878.0000     0.3148
 8879.0000     0.3247
 8880.0000     0.3349
 8881.0000     0.3466
 8882.0000     0.3584
 8883.0000     0.3702
 8884.0000     0.3821
 8885.0000     0.3940
 8886.0000     0.4058
 8887.0000     0.4177
 8888.0000     0.4295
 8889.0000     0.4413
 8890.0000     0.4533
 8891.0000     0.4662
 8892.0000     0.4791
 8893.0000     0.4921
 8894.0000     0.5051
 8895.0000     0.5181
 8896.0000     0.5311
 8897.0000     0.5441
 8898.0000     0.5571
 8899.0000     0.5701
 8900.0000     0.5830
 8901.0000     0.5954
 8902.0000     0.6078
 8903.0000     0.6201
 8904.0000     0.6325
 8905.0000     0.6448
 8906.0000     0.6572
 8907.0000     0.6696
 8908.0000     0.6819
 8909.0000     0.6942
 8910.0000     0.7063
 8911.0000     0.7158
 8912.0000     0.7253
 8913.0000     0.7347
 8914.0000     0.7441
 8915.0000     0.7534
 8916.0000     0.7628
 8917.0000     0.7722
 8918.0000     0.7815
 8919.0000     0.7909
 8920.0000     0.8001
 8921.0000     0.8069
 8922.0000     0.8137
 8923.0000     0.8204
 8924.0000     0.8272
 8925.0000     0.8339
 8926.0000     0.8406
 8927.0000     0.8473
 8928.0000     0.8540
 8929.0000     0.8607
 8930.0000     0.8670
 8931.0000     0.8704
 8932.0000     0.8737
 8933.0000     0.8769
 8934.0000     0.8801
 8935.0000     0.8832
 8936.0000     0.8864
 8937.0000     0.8895
 8938.0000     0.8927
 8939.0000     0.8958
 8940.0000     0.8986
 8941.0000     0.8989
 8942.0000     0.8992
 8943.0000     0.8994
 8944.0000     0.8995
 8945.0000     0.8996
 8946.0000     0.8997
 8947.0000     0.8999
 8948.0000     0.9000
 8949.0000     0.9001
 8950.0000     0.9001
 8951.0000     0.8989
 8952.0000     0.8977
 8953.0000     0.8965
 8954.0000     0.8952
 8955.0000     0.8940
 8956.0000     0.8927
 8957.0000     0.8915
 8958.0000     0.8903
 8959.0000     0.8890
 8960.0000     0.8878
 8961.0000     0.8864
 8962.0000     0.8850
 8963.0000     0.8837
 8964.0000     0.8823
 8965.0000     0.8810
 8966.0000     0.8796
 8967.0000     0.8782
 8968.0000     0.8768
 8969.0000     0.8754
 8970.0000     0.8741
 8971.0000     0.8727
 8972.0000     0.8714
 8973.0000     0.8701
 8974.0000     0.8688
 8975.0000     0.8675
 8976.0000     0.8661
 8977.0000     0.8648
 8978.0000     0.8635
 8979.0000     0.8623
 8980.0000     0.8611
 8981.0000     0.8609
 8982.0000     0.8607
 8983.0000     0.8605
 8984.0000     0.8604
 8985.0000     0.8603
 8986.0000     0.8601
 8987.0000     0.8600
 8988.0000     0.8598
 8989.0000     0.8597
 8990.0000     0.8596
 8991.0000     0.8594
 8992.0000     0.8593
 8993.0000     0.8591
 8994.0000     0.8589
 8995.0000     0.8588
 8996.0000     0.8586
 8997.0000     0.8585
 8998.0000     0.8583
 8999.0000     0.8581
 9000.0000     0.8580
 9001.0000     0.8577
 9002.0000     0.8574
 9003.0000     0.8571
 9004.0000     0.8568
 9005.0000     0.8565
 9006.0000     0.8561
 9007.0000     0.8558
 9008.0000     0.8555
 9009.0000     0.8552
 9010.0000     0.8550
 9011.0000     0.8562
 9012.0000     0.8574
 9013.0000     0.8587
 9014.0000     0.8599
 9015.0000     0.8612
 9016.0000     0.8625
 9017.0000     0.8638
 9018.0000     0.8651
 9019.0000     0.8663
 9020.0000     0.8678
 9021.0000     0.8705
 9022.0000     0.8733
 9023.0000     0.8761
 9024.0000     0.8789
 9025.0000     0.8817
 9026.0000     0.8845
 9027.0000     0.8873
 9028.0000     0.8901
 9029.0000     0.8929
 9030.0000     0.8957
 9031.0000     0.8989
 9032.0000     0.9020
 9033.0000     0.9052
 9034.0000     0.9085
 9035.0000     0.9117
 9036.0000     0.9149
 9037.0000     0.9181
 9038.0000     0.9213
 9039.0000     0.9245
 9040.0000     0.9278
 9041.0000     0.9317
 9042.0000     0.9355
 9043.0000     0.9395
 9044.0000     0.9434
 9045.0000     0.9473
 9046.0000     0.9512
 9047.0000     0.9551
 9048.0000     0.9590
 9049.0000     0.9629
 9050.0000     0.9666
 9051.0000     0.9689
 9052.0000     0.9711
 9053.0000     0.9733
 9054.0000     0.9755
 9055.0000     0.9776
 9056.0000     0.9798
 9057.0000     0.9819
 9058.0000     0.9841
 9059.0000     0.9863
 9060.0000     0.9883
 9061.0000     0.9892
 9062.0000     0.9900
 9063.0000     0.9909
 9064.0000     0.9917
 9065.0000     0.9925
 9066.0000     0.9933
 9067.0000     0.9941
 9068.0000     0.9949
 9069.0000     0.9957
 9070.0000     0.9964
 9071.0000     0.9968
 9072.0000     0.9972
 9073.0000     0.9975
 9074.0000     0.9979
 9075.0000     0.9982
 9076.0000     0.9986
 9077.0000     0.9990
 9078.0000     0.9993
 9079.0000     0.9997
 9080.0000     1.0000
 9081.0000     0.9998
 9082.0000     0.9996
 9083.0000     0.9994
 9084.0000     0.9992
 9085.0000     0.9991
 9086.0000     0.9989
 9087.0000     0.9987
 9088.0000     0.9985
 9089.0000     0.9983
 9090.0000     0.9980
 9091.0000     0.9972
 9092.0000     0.9963
 9093.0000     0.9955
 9094.0000     0.9946
 9095.0000     0.9937
 9096.0000     0.9928
 9097.0000     0.9920
 9098.0000     0.9911
 9099.0000     0.9902
 9100.0000     0.9893
 9101.0000     0.9880
 9102.0000     0.9868
 9103.0000     0.9856
 9104.0000     0.9843
 9105.0000     0.9831
 9106.0000     0.9818
 9107.0000     0.9805
 9108.0000     0.9793
 9109.0000     0.9780
 9110.0000     0.9767
 9111.0000     0.9743
 9112.0000     0.9719
 9113.0000     0.9694
 9114.0000     0.9670
 9115.0000     0.9646
 9116.0000     0.9621
 9117.0000     0.9596
 9118.0000     0.9571
 9119.0000     0.9547
 9120.0000     0.9523
 9121.0000     0.9499
 9122.0000     0.9476
 9123.0000     0.9453
 9124.0000     0.9429
 9125.0000     0.9406
 9126.0000     0.9382
 9127.0000     0.9359
 9128.0000     0.9336
 9129.0000     0.9313
 9130.0000     0.9292
 9131.0000     0.9289
 9132.0000     0.9286
 9133.0000     0.9284
 9134.0000     0.9282
 9135.0000     0.9281
 9136.0000     0.9279
 9137.0000     0.9278
 9138.0000     0.9276
 9139.0000     0.9274
 9140.0000     0.9274
 9141.0000     0.9281
 9142.0000     0.9288
 9143.0000     0.9296
 9144.0000     0.9304
 9145.0000     0.9312
 9146.0000     0.9319
 9147.0000     0.9327
 9148.0000     0.9335
 9149.0000     0.9342
 9150.0000     0.9351
 9151.0000     0.9373
 9152.0000     0.9394
 9153.0000     0.9416
 9154.0000     0.9439
 9155.0000     0.9461
 9156.0000     0.9483
 9157.0000     0.9505
 9158.0000     0.9527
 9159.0000     0.9550
 9160.0000     0.9572
 9161.0000     0.9590
 9162.0000     0.9609
 9163.0000     0.9627
 9164.0000     0.9645
 9165.0000     0.9664
 9166.0000     0.9682
 9167.0000     0.9700
 9168.0000     0.9718
 9169.0000     0.9736
 9170.0000     0.9754
 9171.0000     0.9765
 9172.0000     0.9776
 9173.0000     0.9786
 9174.0000     0.9797
 9175.0000     0.9807
 9176.0000     0.9817
 9177.0000     0.9828
 9178.0000     0.9838
 9179.0000     0.9849
 9180.0000     0.9859
 9181.0000     0.9860
 9182.0000     0.9862
 9183.0000     0.9862
 9184.0000     0.9863
 9185.0000     0.9863
 9186.0000     0.9864
 9187.0000     0.9865
 9188.0000     0.9865
 9189.0000     0.9866
 9190.0000     0.9866
 9191.0000     0.9857
 9192.0000     0.9849
 9193.0000     0.9840
 9194.0000     0.9831
 9195.0000     0.9822
 9196.0000     0.9813
 9197.0000     0.9804
 9198.0000     0.9794
 9199.0000     0.9785
 9200.0000     0.9775
 9201.0000     0.9755
 9202.0000     0.9734
 9203.0000     0.9714
 9204.0000     0.9693
 9205.0000     0.9672
 9206.0000     0.9651
 9207.0000     0.9629
 9208.0000     0.9609
 9209.0000     0.9588
 9210.0000     0.9564
 9211.0000     0.9510
 9212.0000     0.9457
 9213.0000     0.9403
 9214.0000     0.9348
 9215.0000     0.9293
 9216.0000     0.9238
 9217.0000     0.9183
 9218.0000     0.9128
 9219.0000     0.9073
 9220.0000     0.9014
 9221.0000     0.8928
 9222.0000     0.8842
 9223.0000     0.8755
 9224.0000     0.8668
 9225.0000     0.8580
 9226.0000     0.8492
 9227.0000     0.8404
 9228.0000     0.8316
 9229.0000     0.8229
 9230.0000     0.8138
 9231.0000     0.8019
 9232.0000     0.7901
 9233.0000     0.7781
 9234.0000     0.7660
 9235.0000     0.7540
 9236.0000     0.7420
 9237.0000     0.7299
 9238.0000     0.7179
 9239.0000     0.7058
 9240.0000     0.6937
 9241.0000     0.6809
 9242.0000     0.6680
 9243.0000     0.6552
 9244.0000     0.6423
 9245.0000     0.6294
 9246.0000     0.6165
 9247.0000     0.6037
 9248.0000     0.5908
 9249.0000     0.5779
 9250.0000     0.5650
 9251.0000     0.5521
 9252.0000     0.5393
 9253.0000     0.5263
 9254.0000     0.5134
 9255.0000     0.5005
 9256.0000     0.4876
 9257.0000     0.4747
 9258.0000     0.4618
 9259.0000     0.4489
 9260.0000     0.4361
 9261.0000     0.4245
 9262.0000     0.4129
 9263.0000     0.4013
 9264.0000     0.3898
 9265.0000     0.3782
 9266.0000     0.3667
 9267.0000     0.3552
 9268.0000     0.3437
 9269.0000     0.3322
 9270.0000     0.3207
 9271.0000     0.3101
 9272.0000     0.2994
 9273.0000     0.2887
 9274.0000     0.2781
 9275.0000     0.2674
 9276.0000     0.2568
 9277.0000     0.2462
 9278.0000     0.2355
 9279.0000     0.2249
 9280.0000     0.2146
 9281.0000     0.2066
 9282.0000     0.1987
 9283.0000     0.1908
 9284.0000     0.1831
 9285.0000     0.1753
 9286.0000     0.1675
 9287.0000     0.1597
 9288.0000     0.1519
 9289.0000     0.1442
 9290.0000     0.1366
 9291.0000     0.1310
 9292.0000     0.1254
 9293.0000     0.1199
 9294.0000     0.1144
 9295.0000     0.1090
 9296.0000     0.1035
 9297.0000     0.0980
 9298.0000     0.0925
 9299.0000     0.0870
 9300.0000     0.0818
 9301.0000     0.0787
 9302.0000     0.0755
 9303.0000     0.0725
 9304.0000     0.0696
 9305.0000     0.0666
 9306.0000     0.0636
 9307.0000     0.0606
 9308.0000     0.0576
 9309.0000     0.0547
 9310.0000     0.0518
 9311.0000     0.0500
 9312.0000     0.0482
 9313.0000     0.0464
 9314.0000     0.0447
 9315.0000     0.0429
 9316.0000     0.0412
 9317.0000     0.0394
 9318.0000     0.0376
 9319.0000     0.0359
 9320.0000     0.0342
 9321.0000     0.0333
 9322.0000     0.0324
 9323.0000     0.0314
 9324.0000     0.0305
 9325.0000     0.0296
 9326.0000     0.0287
 9327.0000     0.0278
 9328.0000     0.0268
 9329.0000     0.0259
 9330.0000     0.0250
 9331.0000     0.0245
 9332.0000     0.0240
 9333.0000     0.0235
 9334.0000     0.0230
 9335.0000     0.0224
 9336.0000     0.0219
 9337.0000     0.0214
 9338.0000     0.0209
 9339.0000     0.0204
 9340.0000     0.0199
 9341.0000     0.0196
 9342.0000     0.0193
 9343.0000     0.0190
 9344.0000     0.0188
 9345.0000     0.0185
 9346.0000     0.0182
 9347.0000     0.0179
 9348.0000     0.0176
 9349.0000     0.0174
 9350.0000     0.0171
 9351.0000     0.0169
 9352.0000     0.0167
 9353.0000     0.0165
 9354.0000     0.0162
 9355.0000     0.0160
 9356.0000     0.0157
 9357.0000     0.0155
 9358.0000     0.0153
 9359.0000     0.0150
 9360.0000     0.0148
 9361.0000     0.0147
 9362.0000     0.0146
 9363.0000     0.0146
 9364.0000     0.0145
 9365.0000     0.0144
 9366.0000     0.0143
 9367.0000     0.0141
 9368.0000     0.0141
 9369.0000     0.0140
 9370.0000     0.0139
 9371.0000     0.0138
 9372.0000     0.0136
 9373.0000     0.0135
 9374.0000     0.0134
 9375.0000     0.0133
 9376.0000     0.0131
 9377.0000     0.0130
 9378.0000     0.0128
 9379.0000     0.0127
 9380.0000     0.0126
 9381.0000     0.0125
 9382.0000     0.0124
 9383.0000     0.0124
 9384.0000     0.0123
 9385.0000     0.0122
 9386.0000     0.0121
 9387.0000     0.0120
 9388.0000     0.0119
 9389.0000     0.0119
 9390.0000     0.0118
 9391.0000     0.0117
 9392.0000     0.0115
 9393.0000     0.0114
 9394.0000     0.0112
 9395.0000     0.0111
 9396.0000     0.0110
 9397.0000     0.0108
 9398.0000     0.0107
 9399.0000     0.0105
 9400.0000     0.0104
 9401.0000     0.0103
 9402.0000     0.0102
 9403.0000     0.0102
 9404.0000     0.0101
 9405.0000     0.0100
 9406.0000     0.0099
 9407.0000     0.0098
 9408.0000     0.0097
 9409.0000     0.0097
 9410.0000     0.0096
 9411.0000     0.0095
 9412.0000     0.0094
 9413.0000     0.0093
 9414.0000     0.0093
 9415.0000     0.0092
 9416.0000     0.0091
 9417.0000     0.0090
 9418.0000     0.0089
 9419.0000     0.0089
 9420.0000     0.0088
 9421.0000     0.0087
 9422.0000     0.0085
 9423.0000     0.0084
 9424.0000     0.0084
 9425.0000     0.0083
 9426.0000     0.0082
 9427.0000     0.0080
 9428.0000     0.0079
 9429.0000     0.0078
 9430.0000     0.0077
 9431.0000     0.0076
 9432.0000     0.0075
 9433.0000     0.0075
 9434.0000     0.0074
 9435.0000     0.0074
 9436.0000     0.0073
 9437.0000     0.0072
 9438.0000     0.0071
 9439.0000     0.0071
 9440.0000     0.0070
 9441.0000     0.0069
 9442.0000     0.0068
 9443.0000     0.0068
 9444.0000     0.0067
 9445.0000     0.0067
 9446.0000     0.0066
 9447.0000     0.0065
 9448.0000     0.0064
 9449.0000     0.0064
 9450.0000     0.0063
 9451.0000     0.0062
 9452.0000     0.0061
 9453.0000     0.0060
 9454.0000     0.0060
 9455.0000     0.0059
 9456.0000     0.0058
 9457.0000     0.0056
 9458.0000     0.0055
 9459.0000     0.0055
 9460.0000     0.0054
 9461.0000     0.0053
 9462.0000     0.0052
 9463.0000     0.0051
 9464.0000     0.0051
 9465.0000     0.0050
 9466.0000     0.0049
 9467.0000     0.0047
 9468.0000     0.0046
 9469.0000     0.0046
 9470.0000     0.0045
 9471.0000     0.0044
 9472.0000     0.0042
 9473.0000     0.0041
 9474.0000     0.0039
 9475.0000     0.0038
 9476.0000     0.0037
 9477.0000     0.0035
 9478.0000     0.0034
 9479.0000     0.0032
 9480.0000     0.0031
 9481.0000     0.0030
 9482.0000     0.0029
 9483.0000     0.0028
 9484.0000     0.0028
 9485.0000     0.0027
 9486.0000     0.0026
 9487.0000     0.0025
 9488.0000     0.0025
 9489.0000     0.0024
 9490.0000     0.0023
 9491.0000     0.0023
 9492.0000     0.0023
 9493.0000     0.0023
 9494.0000     0.0023
 9495.0000     0.0023
 9496.0000     0.0023
 9497.0000     0.0023
 9498.0000     0.0023
 9499.0000     0.0023
 9500.0000     0.0023
 9501.0000     0.0023
 9502.0000     0.0022
 9503.0000     0.0021
 9504.0000     0.0021
 9505.0000     0.0020
 9506.0000     0.0020
 9507.0000     0.0019
 9508.0000     0.0018
 9509.0000     0.0018
 9510.0000     0.0017
 9511.0000     0.0017
 9512.0000     0.0017
 9513.0000     0.0017
 9514.0000     0.0017
 9515.0000     0.0017
 9516.0000     0.0017
 9517.0000     0.0018
 9518.0000     0.0018
 9519.0000     0.0018
 9520.0000     0.0018
 9521.0000     0.0018
 9522.0000     0.0017
 9523.0000     0.0017
 9524.0000     0.0017
 9525.0000     0.0017
 9526.0000     0.0017
 9527.0000     0.0016
 9528.0000     0.0016
 9529.0000     0.0015
 9530.0000     0.0015
 9531.0000     0.0015
 9532.0000     0.0015
 9533.0000     0.0015
 9534.0000     0.0016
 9535.0000     0.0016
 9536.0000     0.0016
 9537.0000     0.0016
 9538.0000     0.0016
 9539.0000     0.0017
 9540.0000     0.0017
 9541.0000     0.0017
 9542.0000     0.0016
 9543.0000     0.0016
 9544.0000     0.0016
 9545.0000     0.0016
 9546.0000     0.0016
 9547.0000     0.0015
 9548.0000     0.0015
 9549.0000     0.0014
 9550.0000     0.0014
 9551.0000     0.0014
 9552.0000     0.0014
 9553.0000     0.0014
 9554.0000     0.0014
 9555.0000     0.0014
 9556.0000     0.0014
 9557.0000     0.0015
 9558.0000     0.0015
 9559.0000     0.0015
 9560.0000     0.0015
 9561.0000     0.0015
 9562.0000     0.0015
 9563.0000     0.0015
 9564.0000     0.0015
 9565.0000     0.0015
 9566.0000     0.0015
 9567.0000     0.0016
 9568.0000     0.0016
 9569.0000     0.0016
 9570.0000     0.0016
 9571.0000     0.0016
 9572.0000     0.0015
 9573.0000     0.0015
 9574.0000     0.0015
 9575.0000     0.0015
 9576.0000     0.0015
 9577.0000     0.0014
 9578.0000     0.0014
 9579.0000     0.0013
 9580.0000     0.0013
 9581.0000     0.0013
 9582.0000     0.0013
 9583.0000     0.0013
 9584.0000     0.0013
 9585.0000     0.0013
 9586.0000     0.0013
 9587.0000     0.0012
 9588.0000     0.0012
 9589.0000     0.0012
 9590.0000     0.0012
 9591.0000     0.0013
 9592.0000     0.0014
 9593.0000     0.0014
 9594.0000     0.0015
 9595.0000     0.0015
 9596.0000     0.0016
 9597.0000     0.0017
 9598.0000     0.0018
 9599.0000     0.0018
 9600.0000     0.0019
 9601.0000     0.0019
 9602.0000     0.0019
 9603.0000     0.0019
 9604.0000     0.0019
 9605.0000     0.0019
 9606.0000     0.0019
 9607.0000     0.0018
 9608.0000     0.0018
 9609.0000     0.0018
 9610.0000     0.0018
 9611.0000     0.0018
 9612.0000     0.0019
 9613.0000     0.0019
 9614.0000     0.0019
 9615.0000     0.0019
 9616.0000     0.0019
 9617.0000     0.0020
 9618.0000     0.0020
 9619.0000     0.0021
 9620.0000     0.0021
 9621.0000     0.0021
 9622.0000     0.0021
 9623.0000     0.0021
 9624.0000     0.0021
 9625.0000     0.0021
 9626.0000     0.0021
 9627.0000     0.0021
 9628.0000     0.0021
 9629.0000     0.0021
 9630.0000     0.0021
 9631.0000     0.0021
 9632.0000     0.0022
 9633.0000     0.0023
 9634.0000     0.0023
 9635.0000     0.0024
 9636.0000     0.0024
 9637.0000     0.0025
 9638.0000     0.0026
 9639.0000     0.0026
 9640.0000     0.0027
 9641.0000     0.0027
 9642.0000     0.0027
 9643.0000     0.0027
 9644.0000     0.0027
 9645.0000     0.0027
 9646.0000     0.0027
 9647.0000     0.0028
 9648.0000     0.0028
 9649.0000     0.0028
 9650.0000     0.0028
 9651.0000     0.0028
 9652.0000     0.0028
 9653.0000     0.0028
 9654.0000     0.0028
 9655.0000     0.0028
 9656.0000     0.0028
 9657.0000     0.0028
 9658.0000     0.0028
 9659.0000     0.0028
 9660.0000     0.0028
 9661.0000     0.0028
 9662.0000     0.0028
 9663.0000     0.0028
 9664.0000     0.0028
 9665.0000     0.0028
 9666.0000     0.0028
 9667.0000     0.0028
 9668.0000     0.0028
 9669.0000     0.0028
 9670.0000     0.0028
 9671.0000     0.0028
 9672.0000     0.0028
 9673.0000     0.0028
 9674.0000     0.0028
 9675.0000     0.0028
 9676.0000     0.0028
 9677.0000     0.0027
 9678.0000     0.0027
 9679.0000     0.0027
 9680.0000     0.0027
 9681.0000     0.0027
 9682.0000     0.0026
 9683.0000     0.0026
 9684.0000     0.0025
 9685.0000     0.0025
 9686.0000     0.0025
 9687.0000     0.0024
 9688.0000     0.0024
 9689.0000     0.0023
 9690.0000     0.0023
 9691.0000     0.0023
 9692.0000     0.0022
 9693.0000     0.0022
 9694.0000     0.0021
 9695.0000     0.0021
 9696.0000     0.0021
 9697.0000     0.0020
 9698.0000     0.0020
 9699.0000     0.0019
 9700.0000     0.0019
 9701.0000     0.0019
 9702.0000     0.0018
 9703.0000     0.0018
 9704.0000     0.0017
 9705.0000     0.0017
 9706.0000     0.0016
 9707.0000     0.0015
 9708.0000     0.0015
 9709.0000     0.0014
 9710.0000     0.0014
 9711.0000     0.0014
 9712.0000     0.0013
 9713.0000     0.0013
 9714.0000     0.0013
 9715.0000     0.0013
 9716.0000     0.0013
 9717.0000     0.0012
 9718.0000     0.0012
 9719.0000     0.0011
 9720.0000     0.0011
 9721.0000     0.0011
 9722.0000     0.0010
 9723.0000     0.0010
 9724.0000     0.0010
 9725.0000     0.0010
 9726.0000     0.0010
 9727.0000     0.0009
 9728.0000     0.0009
 9729.0000     0.0008
 9730.0000     0.0008
 9731.0000     0.0008
 9732.0000     0.0008
 9733.0000     0.0008
 9734.0000     0.0008
 9735.0000     0.0008
 9736.0000     0.0008
 9737.0000     0.0009
 9738.0000     0.0009
 9739.0000     0.0009
 9740.0000     0.0009
 9741.0000     0.0009
 9742.0000     0.0009
 9743.0000     0.0009
 9744.0000     0.0009
 9745.0000     0.0009
 9746.0000     0.0009
 9747.0000     0.0008
 9748.0000     0.0008
 9749.0000     0.0008
 9750.0000     0.0008
 9751.0000     0.0008
 9752.0000     0.0008
 9753.0000     0.0008
 9754.0000     0.0007
 9755.0000     0.0007
 9756.0000     0.0007
 9757.0000     0.0007
 9758.0000     0.0007
 9759.0000     0.0006
 9760.0000     0.0006
 9761.0000     0.0006
 9762.0000     0.0007
 9763.0000     0.0007
 9764.0000     0.0008
 9765.0000     0.0008
 9766.0000     0.0008
 9767.0000     0.0009
 9768.0000     0.0009
 9769.0000     0.0010
 9770.0000     0.0010
 9771.0000     0.0010
 9772.0000     0.0010
 9773.0000     0.0010
 9774.0000     0.0010
 9775.0000     0.0010
 9776.0000     0.0010
 9777.0000     0.0011
 9778.0000     0.0011
 9779.0000     0.0011
 9780.0000     0.0011
 9781.0000     0.0011
 9782.0000     0.0012
 9783.0000     0.0012
 9784.0000     0.0013
 9785.0000     0.0013
 9786.0000     0.0013
 9787.0000     0.0014
 9788.0000     0.0014
 9789.0000     0.0015
 9790.0000     0.0015
 9791.0000     0.0015
 9792.0000     0.0015
 9793.0000     0.0015
 9794.0000     0.0016
 9795.0000     0.0016
 9796.0000     0.0016
 9797.0000     0.0016
 9798.0000     0.0016
 9799.0000     0.0017
 9800.0000     0.0017
 9801.0000     0.0017
 9802.0000     0.0016
 9803.0000     0.0016
 9804.0000     0.0015
 9805.0000     0.0015
 9806.0000     0.0015
 9807.0000     0.0014
 9808.0000     0.0014
 9809.0000     0.0013
 9810.0000     0.0013
 9811.0000     0.0013
 9812.0000     0.0013
 9813.0000     0.0013
 9814.0000     0.0014
 9815.0000     0.0014
 9816.0000     0.0014
 9817.0000     0.0014
 9818.0000     0.0014
 9819.0000     0.0015
 9820.0000     0.0015
 9821.0000     0.0015
 9822.0000     0.0015
 9823.0000     0.0015
 9824.0000     0.0015
 9825.0000     0.0015
 9826.0000     0.0015
 9827.0000     0.0015
 9828.0000     0.0015
 9829.0000     0.0015
 9830.0000     0.0015
 9831.0000     0.0015
 9832.0000     0.0015
 9833.0000     0.0015
 9834.0000     0.0015
 9835.0000     0.0015
 9836.0000     0.0015
 9837.0000     0.0015
 9838.0000     0.0015
 9839.0000     0.0015
 9840.0000     0.0015
 9841.0000     0.0015
 9842.0000     0.0014
 9843.0000     0.0013
 9844.0000     0.0013
 9845.0000     0.0012
 9846.0000     0.0012
 9847.0000     0.0011
 9848.0000     0.0010
 9849.0000     0.0010
 9850.0000     0.0009
 9851.0000     0.0009
 9852.0000     0.0008
 9853.0000     0.0008
 9854.0000     0.0008
 9855.0000     0.0008
 9856.0000     0.0008
 9857.0000     0.0007
 9858.0000     0.0007
 9859.0000     0.0006
 9860.0000     0.0006
 9861.0000     0.0006
 9862.0000     0.0005
 9863.0000     0.0005
 9864.0000     0.0005
 9865.0000     0.0005
 9866.0000     0.0005
 9867.0000     0.0004
 9868.0000     0.0004
 9869.0000     0.0003
 9870.0000     0.0003
 9871.0000     0.0003
 9872.0000     0.0003
 9873.0000     0.0003
 9874.0000     0.0003
 9875.0000     0.0003
 9876.0000     0.0003
 9877.0000     0.0002
 9878.0000     0.0002
 9879.0000     0.0002
 9880.0000     0.0002
 9881.0000     0.0002
 9882.0000     0.0002
 9883.0000     0.0002
 9884.0000     0.0001
 9885.0000     0.0001
 9886.0000     0.0001
 9887.0000     0.0001
