# 302	band_1
  405.0000     0.0001
  406.0000     0.0001
  407.0000     0.0001
  408.0000     0.0001
  409.0000     0.0001
  410.0000     0.0001
  411.0000     0.0001
  412.0000     0.0001
  413.0000     0.0001
  414.0000     0.0002
  415.0000     0.0002
  416.0000     0.0002
  417.0000     0.0002
  418.0000     0.0003
  419.0000     0.0003
  420.0000     0.0003
  421.0000     0.0004
  422.0000     0.0004
  423.0000     0.0005
  424.0000     0.0005
  425.0000     0.0006
  426.0000     0.0007
  427.0000     0.0007
  428.0000     0.0008
  429.0000     0.0009
  430.0000     0.0010
  431.0000     0.0011
  432.0000     0.0013
  433.0000     0.0014
  434.0000     0.0016
  435.0000     0.0018
  436.0000     0.0020
  437.0000     0.0022
  438.0000     0.0024
  439.0000     0.0027
  440.0000     0.0029
  441.0000     0.0032
  442.0000     0.0036
  443.0000     0.0040
  444.0000     0.0044
  445.0000     0.0048
  446.0000     0.0053
  447.0000     0.0058
  448.0000     0.0064
  449.0000     0.0070
  450.0000     0.0077
  451.0000     0.0084
  452.0000     0.0092
  453.0000     0.0101
  454.0000     0.0110
  455.0000     0.0120
  456.0000     0.0131
  457.0000     0.0143
  458.0000     0.0156
  459.0000     0.0170
  460.0000     0.0185
  461.0000     0.0200
  462.0000     0.0218
  463.0000     0.0236
  464.0000     0.0256
  465.0000     0.0277
  466.0000     0.0299
  467.0000     0.0323
  468.0000     0.0349
  469.0000     0.0377
  470.0000     0.0406
  471.0000     0.0437
  472.0000     0.0470
  473.0000     0.0506
  474.0000     0.0543
  475.0000     0.0583
  476.0000     0.0625
  477.0000     0.0670
  478.0000     0.0717
  479.0000     0.0766
  480.0000     0.0819
  481.0000     0.0874
  482.0000     0.0933
  483.0000     0.0994
  484.0000     0.1058
  485.0000     0.1126
  486.0000     0.1197
  487.0000     0.1271
  488.0000     0.1349
  489.0000     0.1430
  490.0000     0.1515
  491.0000     0.1604
  492.0000     0.1696
  493.0000     0.1792
  494.0000     0.1891
  495.0000     0.1995
  496.0000     0.2102
  497.0000     0.2213
  498.0000     0.2329
  499.0000     0.2447
  500.0000     0.2570
  501.0000     0.2697
  502.0000     0.2827
  503.0000     0.2961
  504.0000     0.3099
  505.0000     0.3241
  506.0000     0.3386
  507.0000     0.3534
  508.0000     0.3686
  509.0000     0.3841
  510.0000     0.3998
  511.0000     0.4159
  512.0000     0.4323
  513.0000     0.4489
  514.0000     0.4657
  515.0000     0.4828
  516.0000     0.5000
  517.0000     0.5174
  518.0000     0.5350
  519.0000     0.5526
  520.0000     0.5704
  521.0000     0.5882
  522.0000     0.6060
  523.0000     0.6239
  524.0000     0.6417
  525.0000     0.6595
  526.0000     0.6771
  527.0000     0.6947
  528.0000     0.7120
  529.0000     0.7292
  530.0000     0.7461
  531.0000     0.7628
  532.0000     0.7792
  533.0000     0.7952
  534.0000     0.8108
  535.0000     0.8261
  536.0000     0.8409
  537.0000     0.8552
  538.0000     0.8690
  539.0000     0.8823
  540.0000     0.8950
  541.0000     0.9071
  542.0000     0.9186
  543.0000     0.9294
  544.0000     0.9395
  545.0000     0.9489
  546.0000     0.9576
  547.0000     0.9655
  548.0000     0.9727
  549.0000     0.9790
  550.0000     0.9845
  551.0000     0.9892
  552.0000     0.9931
  553.0000     0.9961
  554.0000     0.9983
  555.0000     0.9996
  556.0000     1.0000
  557.0000     0.9996
  558.0000     0.9983
  559.0000     0.9961
  560.0000     0.9931
  561.0000     0.9892
  562.0000     0.9845
  563.0000     0.9790
  564.0000     0.9727
  565.0000     0.9655
  566.0000     0.9576
  567.0000     0.9489
  568.0000     0.9395
  569.0000     0.9294
  570.0000     0.9186
  571.0000     0.9071
  572.0000     0.8950
  573.0000     0.8823
  574.0000     0.8690
  575.0000     0.8552
  576.0000     0.8409
  577.0000     0.8261
  578.0000     0.8108
  579.0000     0.7952
  580.0000     0.7792
  581.0000     0.7628
  582.0000     0.7461
  583.0000     0.7292
  584.0000     0.7120
  585.0000     0.6947
  586.0000     0.6771
  587.0000     0.6595
  588.0000     0.6417
  589.0000     0.6239
  590.0000     0.6060
  591.0000     0.5882
  592.0000     0.5704
  593.0000     0.5526
  594.0000     0.5350
  595.0000     0.5174
  596.0000     0.5000
  597.0000     0.4828
  598.0000     0.4657
  599.0000     0.4489
  600.0000     0.4323
  601.0000     0.4159
  602.0000     0.3998
  603.0000     0.3841
  604.0000     0.3686
  605.0000     0.3534
  606.0000     0.3386
  607.0000     0.3241
  608.0000     0.3099
  609.0000     0.2961
  610.0000     0.2827
  611.0000     0.2697
  612.0000     0.2570
  613.0000     0.2447
  614.0000     0.2329
  615.0000     0.2213
  616.0000     0.2102
  617.0000     0.1995
  618.0000     0.1891
  619.0000     0.1792
  620.0000     0.1696
  621.0000     0.1604
  622.0000     0.1515
  623.0000     0.1430
  624.0000     0.1349
  625.0000     0.1271
  626.0000     0.1197
  627.0000     0.1126
  628.0000     0.1058
  629.0000     0.0994
  630.0000     0.0933
  631.0000     0.0874
  632.0000     0.0819
  633.0000     0.0766
  634.0000     0.0717
  635.0000     0.0670
  636.0000     0.0625
  637.0000     0.0583
  638.0000     0.0543
  639.0000     0.0506
  640.0000     0.0470
  641.0000     0.0437
  642.0000     0.0406
  643.0000     0.0377
  644.0000     0.0349
  645.0000     0.0323
  646.0000     0.0299
  647.0000     0.0277
  648.0000     0.0256
  649.0000     0.0236
  650.0000     0.0218
  651.0000     0.0200
  652.0000     0.0185
  653.0000     0.0170
  654.0000     0.0156
  655.0000     0.0143
  656.0000     0.0131
  657.0000     0.0120
  658.0000     0.0110
  659.0000     0.0101
  660.0000     0.0092
  661.0000     0.0084
  662.0000     0.0077
  663.0000     0.0070
  664.0000     0.0064
  665.0000     0.0058
  666.0000     0.0053
  667.0000     0.0048
  668.0000     0.0044
  669.0000     0.0040
  670.0000     0.0036
  671.0000     0.0032
  672.0000     0.0029
  673.0000     0.0027
  674.0000     0.0024
  675.0000     0.0022
  676.0000     0.0020
  677.0000     0.0018
  678.0000     0.0016
  679.0000     0.0014
  680.0000     0.0013
  681.0000     0.0011
  682.0000     0.0010
  683.0000     0.0009
  684.0000     0.0008
  685.0000     0.0007
  686.0000     0.0007
  687.0000     0.0006
  688.0000     0.0005
  689.0000     0.0005
  690.0000     0.0004
  691.0000     0.0004
  692.0000     0.0003
  693.0000     0.0003
  694.0000     0.0003
  695.0000     0.0002
  696.0000     0.0002
  697.0000     0.0002
  698.0000     0.0002
  699.0000     0.0001
  700.0000     0.0001
  701.0000     0.0001
  702.0000     0.0001
  703.0000     0.0001
  704.0000     0.0001
  705.0000     0.0001
  706.0000     0.0001
