# 226	band_6
 2105.0000     0.0000
 2106.0000     0.0003
 2107.0000     0.0005
 2108.0000     0.0007
 2109.0000     0.0009
 2110.0000     0.0010
 2111.0000     0.0012
 2112.0000     0.0014
 2113.0000     0.0015
 2114.0000     0.0017
 2115.0000     0.0019
 2116.0000     0.0021
 2117.0000     0.0023
 2118.0000     0.0024
 2119.0000     0.0026
 2120.0000     0.0027
 2121.0000     0.0029
 2122.0000     0.0031
 2123.0000     0.0033
 2124.0000     0.0035
 2125.0000     0.0036
 2126.0000     0.0038
 2127.0000     0.0040
 2128.0000     0.0042
 2129.0000     0.0044
 2130.0000     0.0045
 2131.0000     0.0047
 2132.0000     0.0049
 2133.0000     0.0050
 2134.0000     0.0052
 2135.0000     0.0054
 2136.0000     0.0056
 2137.0000     0.0058
 2138.0000     0.0059
 2139.0000     0.0061
 2140.0000     0.0062
 2141.0000     0.0064
 2142.0000     0.0066
 2143.0000     0.0068
 2144.0000     0.0070
 2145.0000     0.0071
 2146.0000     0.0073
 2147.0000     0.0075
 2148.0000     0.0076
 2149.0000     0.0079
 2150.0000     0.0082
 2151.0000     0.0088
 2152.0000     0.0096
 2153.0000     0.0104
 2154.0000     0.0112
 2155.0000     0.0120
 2156.0000     0.0128
 2157.0000     0.0136
 2158.0000     0.0144
 2159.0000     0.0154
 2160.0000     0.0164
 2161.0000     0.0180
 2162.0000     0.0201
 2163.0000     0.0222
 2164.0000     0.0243
 2165.0000     0.0265
 2166.0000     0.0285
 2167.0000     0.0306
 2168.0000     0.0328
 2169.0000     0.0353
 2170.0000     0.0378
 2171.0000     0.0419
 2172.0000     0.0470
 2173.0000     0.0524
 2174.0000     0.0607
 2175.0000     0.0689
 2176.0000     0.0829
 2177.0000     0.1007
 2178.0000     0.1195
 2179.0000     0.1465
 2180.0000     0.1736
 2181.0000     0.2047
 2182.0000     0.2384
 2183.0000     0.2730
 2184.0000     0.3152
 2185.0000     0.3574
 2186.0000     0.4082
 2187.0000     0.4646
 2188.0000     0.5197
 2189.0000     0.5628
 2190.0000     0.6059
 2191.0000     0.6524
 2192.0000     0.7011
 2193.0000     0.7458
 2194.0000     0.7536
 2195.0000     0.7615
 2196.0000     0.7707
 2197.0000     0.7809
 2198.0000     0.7926
 2199.0000     0.8184
 2200.0000     0.8443
 2201.0000     0.8587
 2202.0000     0.8655
 2203.0000     0.8723
 2204.0000     0.8790
 2205.0000     0.8857
 2206.0000     0.8926
 2207.0000     0.8997
 2208.0000     0.9072
 2209.0000     0.9179
 2210.0000     0.9286
 2211.0000     0.9392
 2212.0000     0.9498
 2213.0000     0.9604
 2214.0000     0.9712
 2215.0000     0.9821
 2216.0000     0.9873
 2217.0000     0.9888
 2218.0000     0.9872
 2219.0000     0.9579
 2220.0000     0.9286
 2221.0000     0.8913
 2222.0000     0.8485
 2223.0000     0.8064
 2224.0000     0.7698
 2225.0000     0.7331
 2226.0000     0.6631
 2227.0000     0.5709
 2228.0000     0.4810
 2229.0000     0.4116
 2230.0000     0.3423
 2231.0000     0.2936
 2232.0000     0.2585
 2233.0000     0.2240
 2234.0000     0.1955
 2235.0000     0.1669
 2236.0000     0.1421
 2237.0000     0.1197
 2238.0000     0.0977
 2239.0000     0.0801
 2240.0000     0.0625
 2241.0000     0.0531
 2242.0000     0.0490
 2243.0000     0.0449
 2244.0000     0.0408
 2245.0000     0.0366
 2246.0000     0.0326
 2247.0000     0.0285
 2248.0000     0.0244
 2249.0000     0.0208
 2250.0000     0.0172
 2251.0000     0.0152
 2252.0000     0.0144
 2253.0000     0.0136
 2254.0000     0.0128
 2255.0000     0.0120
 2256.0000     0.0112
 2257.0000     0.0104
 2258.0000     0.0096
 2259.0000     0.0089
 2260.0000     0.0082
 2261.0000     0.0077
 2262.0000     0.0073
 2263.0000     0.0069
 2264.0000     0.0065
 2265.0000     0.0061
 2266.0000     0.0057
 2267.0000     0.0053
 2268.0000     0.0049
 2269.0000     0.0045
 2270.0000     0.0041
 2271.0000     0.0038
 2272.0000     0.0037
 2273.0000     0.0036
 2274.0000     0.0034
 2275.0000     0.0033
 2276.0000     0.0031
 2277.0000     0.0029
 2278.0000     0.0028
 2279.0000     0.0027
 2280.0000     0.0025
 2281.0000     0.0024
 2282.0000     0.0022
 2283.0000     0.0021
 2284.0000     0.0020
 2285.0000     0.0018
 2286.0000     0.0017
 2287.0000     0.0015
 2288.0000     0.0014
 2289.0000     0.0013
 2290.0000     0.0011
 2291.0000     0.0010
 2292.0000     0.0008
 2293.0000     0.0007
 2294.0000     0.0005
 2295.0000     0.0004
 2296.0000     0.0003
 2297.0000     0.0002
 2298.0000     0.0002
 2299.0000     0.0002
 2300.0000     0.0002
 2301.0000     0.0002
 2302.0000     0.0002
 2303.0000     0.0002
 2304.0000     0.0002
 2305.0000     0.0002
 2306.0000     0.0002
 2307.0000     0.0002
 2308.0000     0.0002
 2309.0000     0.0002
 2310.0000     0.0001
 2311.0000     0.0001
 2312.0000     0.0001
 2313.0000     0.0001
 2314.0000     0.0001
 2315.0000     0.0001
 2316.0000     0.0001
 2317.0000     0.0001
 2318.0000     0.0001
 2319.0000     0.0001
 2320.0000     0.0001
 2321.0000     0.0001
 2322.0000     0.0001
 2323.0000     0.0001
 2324.0000     0.0001
 2325.0000     0.0001
 2326.0000     0.0001
 2327.0000     0.0001
 2328.0000     0.0001
 2329.0000     0.0001
 2330.0000     0.0001
