# 216	band_7
 2200.0000     0.0000
 2201.0000     0.0008
 2202.0000     0.0016
 2203.0000     0.0024
 2204.0000     0.0032
 2205.0000     0.0040
 2206.0000     0.0048
 2207.0000     0.0056
 2208.0000     0.0064
 2209.0000     0.0073
 2210.0000     0.0082
 2211.0000     0.0096
 2212.0000     0.0114
 2213.0000     0.0131
 2214.0000     0.0147
 2215.0000     0.0164
 2216.0000     0.0181
 2217.0000     0.0199
 2218.0000     0.0216
 2219.0000     0.0235
 2220.0000     0.0254
 2221.0000     0.0284
 2222.0000     0.0321
 2223.0000     0.0361
 2224.0000     0.0427
 2225.0000     0.0494
 2226.0000     0.0580
 2227.0000     0.0678
 2228.0000     0.0786
 2229.0000     0.0976
 2230.0000     0.1165
 2231.0000     0.1392
 2232.0000     0.1644
 2233.0000     0.1904
 2234.0000     0.2237
 2235.0000     0.2569
 2236.0000     0.3022
 2237.0000     0.3554
 2238.0000     0.4085
 2239.0000     0.4591
 2240.0000     0.5098
 2241.0000     0.5653
 2242.0000     0.6239
 2243.0000     0.6819
 2244.0000     0.7336
 2245.0000     0.7853
 2246.0000     0.8204
 2247.0000     0.8443
 2248.0000     0.8656
 2249.0000     0.8621
 2250.0000     0.8586
 2251.0000     0.8699
 2252.0000     0.8910
 2253.0000     0.9101
 2254.0000     0.9111
 2255.0000     0.9120
 2256.0000     0.9157
 2257.0000     0.9211
 2258.0000     0.9261
 2259.0000     0.9271
 2260.0000     0.9281
 2261.0000     0.9326
 2262.0000     0.9393
 2263.0000     0.9460
 2264.0000     0.9524
 2265.0000     0.9588
 2266.0000     0.9647
 2267.0000     0.9701
 2268.0000     0.9751
 2269.0000     0.9766
 2270.0000     0.9781
 2271.0000     0.9823
 2272.0000     0.9884
 2273.0000     0.9920
 2274.0000     0.9727
 2275.0000     0.9534
 2276.0000     0.9248
 2277.0000     0.8900
 2278.0000     0.8557
 2279.0000     0.8263
 2280.0000     0.7969
 2281.0000     0.7630
 2282.0000     0.7261
 2283.0000     0.6894
 2284.0000     0.6541
 2285.0000     0.6189
 2286.0000     0.5759
 2287.0000     0.5276
 2288.0000     0.4800
 2289.0000     0.4382
 2290.0000     0.3964
 2291.0000     0.3591
 2292.0000     0.3249
 2293.0000     0.2915
 2294.0000     0.2669
 2295.0000     0.2422
 2296.0000     0.2171
 2297.0000     0.1917
 2298.0000     0.1670
 2299.0000     0.1490
 2300.0000     0.1311
 2301.0000     0.1188
 2302.0000     0.1104
 2303.0000     0.1019
 2304.0000     0.0931
 2305.0000     0.0843
 2306.0000     0.0756
 2307.0000     0.0670
 2308.0000     0.0585
 2309.0000     0.0510
 2310.0000     0.0434
 2311.0000     0.0394
 2312.0000     0.0378
 2313.0000     0.0362
 2314.0000     0.0346
 2315.0000     0.0330
 2316.0000     0.0314
 2317.0000     0.0298
 2318.0000     0.0283
 2319.0000     0.0268
 2320.0000     0.0253
 2321.0000     0.0243
 2322.0000     0.0236
 2323.0000     0.0229
 2324.0000     0.0223
 2325.0000     0.0216
 2326.0000     0.0209
 2327.0000     0.0202
 2328.0000     0.0195
 2329.0000     0.0189
 2330.0000     0.0182
 2331.0000     0.0175
 2332.0000     0.0168
 2333.0000     0.0161
 2334.0000     0.0155
 2335.0000     0.0148
 2336.0000     0.0141
 2337.0000     0.0134
 2338.0000     0.0127
 2339.0000     0.0121
 2340.0000     0.0114
 2341.0000     0.0107
 2342.0000     0.0100
 2343.0000     0.0094
 2344.0000     0.0090
 2345.0000     0.0086
 2346.0000     0.0083
 2347.0000     0.0081
 2348.0000     0.0079
 2349.0000     0.0077
 2350.0000     0.0076
 2351.0000     0.0074
 2352.0000     0.0072
 2353.0000     0.0070
 2354.0000     0.0068
 2355.0000     0.0067
 2356.0000     0.0065
 2357.0000     0.0063
 2358.0000     0.0062
 2359.0000     0.0060
 2360.0000     0.0058
 2361.0000     0.0056
 2362.0000     0.0054
 2363.0000     0.0053
 2364.0000     0.0051
 2365.0000     0.0050
 2366.0000     0.0048
 2367.0000     0.0046
 2368.0000     0.0044
 2369.0000     0.0042
 2370.0000     0.0041
 2371.0000     0.0039
 2372.0000     0.0037
 2373.0000     0.0035
 2374.0000     0.0033
 2375.0000     0.0031
 2376.0000     0.0029
 2377.0000     0.0027
 2378.0000     0.0026
 2379.0000     0.0024
 2380.0000     0.0022
 2381.0000     0.0020
 2382.0000     0.0018
 2383.0000     0.0017
 2384.0000     0.0015
 2385.0000     0.0014
 2386.0000     0.0012
 2387.0000     0.0010
 2388.0000     0.0008
 2389.0000     0.0006
 2390.0000     0.0005
 2391.0000     0.0003
 2392.0000     0.0002
 2393.0000     0.0001
 2394.0000     0.0001
 2395.0000     0.0001
 2396.0000     0.0001
 2397.0000     0.0001
 2398.0000     0.0001
 2399.0000     0.0001
 2400.0000     0.0001
 2401.0000     0.0001
 2402.0000     0.0001
 2403.0000     0.0001
 2404.0000     0.0001
 2405.0000     0.0001
 2406.0000     0.0001
 2407.0000     0.0001
 2408.0000     0.0001
 2409.0000     0.0001
 2410.0000     0.0001
 2411.0000     0.0001
 2412.0000     0.0001
 2413.0000     0.0001
 2414.0000     0.0001
 2415.0000     0.0001
