# 188	band_5
 2105.0000     0.0000
 2106.0000     0.0010
 2107.0000     0.0015
 2108.0000     0.0020
 2109.0000     0.0025
 2110.0000     0.0030
 2111.0000     0.0035
 2112.0000     0.0040
 2113.0000     0.0045
 2114.0000     0.0050
 2115.0000     0.0055
 2116.0000     0.0060
 2117.0000     0.0065
 2118.0000     0.0070
 2119.0000     0.0076
 2120.0000     0.0082
 2121.0000     0.0092
 2122.0000     0.0104
 2123.0000     0.0116
 2124.0000     0.0128
 2125.0000     0.0140
 2126.0000     0.0152
 2127.0000     0.0164
 2128.0000     0.0177
 2129.0000     0.0192
 2130.0000     0.0208
 2131.0000     0.0237
 2132.0000     0.0274
 2133.0000     0.0314
 2134.0000     0.0378
 2135.0000     0.0441
 2136.0000     0.0561
 2137.0000     0.0719
 2138.0000     0.0883
 2139.0000     0.1108
 2140.0000     0.1333
 2141.0000     0.1609
 2142.0000     0.1920
 2143.0000     0.2247
 2144.0000     0.2724
 2145.0000     0.3201
 2146.0000     0.3936
 2147.0000     0.4843
 2148.0000     0.5719
 2149.0000     0.6320
 2150.0000     0.6922
 2151.0000     0.7317
 2152.0000     0.7575
 2153.0000     0.7813
 2154.0000     0.7861
 2155.0000     0.7909
 2156.0000     0.7959
 2157.0000     0.8012
 2158.0000     0.8067
 2159.0000     0.8142
 2160.0000     0.8217
 2161.0000     0.8312
 2162.0000     0.8420
 2163.0000     0.8547
 2164.0000     0.8837
 2165.0000     0.9126
 2166.0000     0.9340
 2167.0000     0.9504
 2168.0000     0.9664
 2169.0000     0.9788
 2170.0000     0.9912
 2171.0000     0.9885
 2172.0000     0.9756
 2173.0000     0.9608
 2174.0000     0.9285
 2175.0000     0.8963
 2176.0000     0.8551
 2177.0000     0.8079
 2178.0000     0.7617
 2179.0000     0.7252
 2180.0000     0.6887
 2181.0000     0.6477
 2182.0000     0.6037
 2183.0000     0.5576
 2184.0000     0.4922
 2185.0000     0.4268
 2186.0000     0.3746
 2187.0000     0.3311
 2188.0000     0.2892
 2189.0000     0.2609
 2190.0000     0.2326
 2191.0000     0.2071
 2192.0000     0.1835
 2193.0000     0.1598
 2194.0000     0.1354
 2195.0000     0.1111
 2196.0000     0.0935
 2197.0000     0.0804
 2198.0000     0.0682
 2199.0000     0.0645
 2200.0000     0.0608
 2201.0000     0.0566
 2202.0000     0.0521
 2203.0000     0.0476
 2204.0000     0.0431
 2205.0000     0.0386
 2206.0000     0.0341
 2207.0000     0.0296
 2208.0000     0.0252
 2209.0000     0.0212
 2210.0000     0.0173
 2211.0000     0.0152
 2212.0000     0.0144
 2213.0000     0.0136
 2214.0000     0.0128
 2215.0000     0.0120
 2216.0000     0.0112
 2217.0000     0.0104
 2218.0000     0.0096
 2219.0000     0.0089
 2220.0000     0.0081
 2221.0000     0.0076
 2222.0000     0.0072
 2223.0000     0.0069
 2224.0000     0.0064
 2225.0000     0.0060
 2226.0000     0.0056
 2227.0000     0.0052
 2228.0000     0.0049
 2229.0000     0.0045
 2230.0000     0.0041
 2231.0000     0.0040
 2232.0000     0.0039
 2233.0000     0.0038
 2234.0000     0.0037
 2235.0000     0.0036
 2236.0000     0.0036
 2237.0000     0.0035
 2238.0000     0.0034
 2239.0000     0.0033
 2240.0000     0.0032
 2241.0000     0.0032
 2242.0000     0.0031
 2243.0000     0.0030
 2244.0000     0.0030
 2245.0000     0.0029
 2246.0000     0.0029
 2247.0000     0.0028
 2248.0000     0.0027
 2249.0000     0.0027
 2250.0000     0.0026
 2251.0000     0.0026
 2252.0000     0.0025
 2253.0000     0.0024
 2254.0000     0.0024
 2255.0000     0.0023
 2256.0000     0.0023
 2257.0000     0.0022
 2258.0000     0.0021
 2259.0000     0.0021
 2260.0000     0.0020
 2261.0000     0.0020
 2262.0000     0.0019
 2263.0000     0.0018
 2264.0000     0.0018
 2265.0000     0.0017
 2266.0000     0.0017
 2267.0000     0.0016
 2268.0000     0.0015
 2269.0000     0.0015
 2270.0000     0.0014
 2271.0000     0.0014
 2272.0000     0.0013
 2273.0000     0.0013
 2274.0000     0.0012
 2275.0000     0.0011
 2276.0000     0.0011
 2277.0000     0.0010
 2278.0000     0.0010
 2279.0000     0.0010
 2280.0000     0.0009
 2281.0000     0.0009
 2282.0000     0.0008
 2283.0000     0.0008
 2284.0000     0.0007
 2285.0000     0.0006
 2286.0000     0.0006
 2287.0000     0.0005
 2288.0000     0.0005
 2289.0000     0.0004
 2290.0000     0.0003
 2291.0000     0.0003
 2292.0000     0.0002
