# 183	band_3B
  728.0000     0.0092
  729.0000     0.0133
  730.0000     0.0174
  731.0000     0.0219
  732.0000     0.0266
  733.0000     0.0313
  734.0000     0.0368
  735.0000     0.0423
  736.0000     0.0460
  737.0000     0.0477
  738.0000     0.0494
  739.0000     0.0523
  740.0000     0.0552
  741.0000     0.0625
  742.0000     0.0742
  743.0000     0.0860
  744.0000     0.1045
  745.0000     0.1230
  746.0000     0.1439
  747.0000     0.1671
  748.0000     0.1903
  749.0000     0.2263
  750.0000     0.2624
  751.0000     0.3062
  752.0000     0.3579
  753.0000     0.4095
  754.0000     0.4851
  755.0000     0.5608
  756.0000     0.6423
  757.0000     0.7298
  758.0000     0.8172
  759.0000     0.8893
  760.0000     0.9614
  761.0000     0.9947
  762.0000     0.9894
  763.0000     0.9841
  764.0000     0.9700
  765.0000     0.9559
  766.0000     0.9388
  767.0000     0.9187
  768.0000     0.8986
  769.0000     0.9026
  770.0000     0.9065
  771.0000     0.9128
  772.0000     0.9215
  773.0000     0.9302
  774.0000     0.9460
  775.0000     0.9617
  776.0000     0.9729
  777.0000     0.9794
  778.0000     0.9859
  779.0000     0.9885
  780.0000     0.9910
  781.0000     0.9903
  782.0000     0.9864
  783.0000     0.9824
  784.0000     0.9784
  785.0000     0.9744
  786.0000     0.9704
  787.0000     0.9665
  788.0000     0.9625
  789.0000     0.9558
  790.0000     0.9491
  791.0000     0.9454
  792.0000     0.9449
  793.0000     0.9443
  794.0000     0.9532
  795.0000     0.9621
  796.0000     0.9686
  797.0000     0.9726
  798.0000     0.9766
  799.0000     0.9795
  800.0000     0.9824
  801.0000     0.9858
  802.0000     0.9897
  803.0000     0.9936
  804.0000     0.9940
  805.0000     0.9944
  806.0000     0.9936
  807.0000     0.9915
  808.0000     0.9895
  809.0000     0.9859
  810.0000     0.9824
  811.0000     0.9801
  812.0000     0.9791
  813.0000     0.9781
  814.0000     0.9812
  815.0000     0.9843
  816.0000     0.9843
  817.0000     0.9814
  818.0000     0.9785
  819.0000     0.9741
  820.0000     0.9698
  821.0000     0.9657
  822.0000     0.9619
  823.0000     0.9581
  824.0000     0.9557
  825.0000     0.9534
  826.0000     0.9515
  827.0000     0.9502
  828.0000     0.9489
  829.0000     0.9429
  830.0000     0.9369
  831.0000     0.9338
  832.0000     0.9337
  833.0000     0.9335
  834.0000     0.9425
  835.0000     0.9516
  836.0000     0.9559
  837.0000     0.9554
  838.0000     0.9550
  839.0000     0.9522
  840.0000     0.9495
  841.0000     0.9472
  842.0000     0.9455
  843.0000     0.9438
  844.0000     0.9413
  845.0000     0.9388
  846.0000     0.9360
  847.0000     0.9329
  848.0000     0.9298
  849.0000     0.9067
  850.0000     0.8836
  851.0000     0.8581
  852.0000     0.8300
  853.0000     0.8020
  854.0000     0.7664
  855.0000     0.7308
  856.0000     0.6882
  857.0000     0.6387
  858.0000     0.5892
  859.0000     0.5373
  860.0000     0.4854
  861.0000     0.4362
  862.0000     0.3898
  863.0000     0.3434
  864.0000     0.3068
  865.0000     0.2701
  866.0000     0.2369
  867.0000     0.2070
  868.0000     0.1771
  869.0000     0.1555
  870.0000     0.1338
  871.0000     0.1147
  872.0000     0.0980
  873.0000     0.0814
  874.0000     0.0726
  875.0000     0.0638
  876.0000     0.0562
  877.0000     0.0498
  878.0000     0.0434
  879.0000     0.0385
  880.0000     0.0336
  881.0000     0.0303
  882.0000     0.0288
  883.0000     0.0273
  884.0000     0.0259
  885.0000     0.0245
  886.0000     0.0231
  887.0000     0.0218
  888.0000     0.0204
  889.0000     0.0172
  890.0000     0.0140
  891.0000     0.0114
  892.0000     0.0095
  893.0000     0.0075
  894.0000     0.0075
  895.0000     0.0074
  896.0000     0.0072
  897.0000     0.0067
  898.0000     0.0062
  899.0000     0.0056
  900.0000     0.0049
  901.0000     0.0043
  902.0000     0.0036
  903.0000     0.0030
  904.0000     0.0028
  905.0000     0.0025
  906.0000     0.0024
  907.0000     0.0024
  908.0000     0.0024
  909.0000     0.0018
  910.0000     0.0012
