# 936	band_10
 8022.0000     0.0000
 8023.0000     0.0006
 8024.0000     0.0009
 8025.0000     0.0011
 8026.0000     0.0013
 8027.0000     0.0015
 8028.0000     0.0017
 8029.0000     0.0020
 8030.0000     0.0022
 8031.0000     0.0032
 8032.0000     0.0043
 8033.0000     0.0053
 8034.0000     0.0062
 8035.0000     0.0072
 8036.0000     0.0082
 8037.0000     0.0093
 8038.0000     0.0103
 8039.0000     0.0113
 8040.0000     0.0123
 8041.0000     0.0142
 8042.0000     0.0160
 8043.0000     0.0179
 8044.0000     0.0197
 8045.0000     0.0216
 8046.0000     0.0233
 8047.0000     0.0251
 8048.0000     0.0270
 8049.0000     0.0289
 8050.0000     0.0309
 8051.0000     0.0339
 8052.0000     0.0368
 8053.0000     0.0399
 8054.0000     0.0432
 8055.0000     0.0464
 8056.0000     0.0494
 8057.0000     0.0524
 8058.0000     0.0555
 8059.0000     0.0587
 8060.0000     0.0621
 8061.0000     0.0668
 8062.0000     0.0716
 8063.0000     0.0766
 8064.0000     0.0818
 8065.0000     0.0870
 8066.0000     0.0920
 8067.0000     0.0970
 8068.0000     0.1019
 8069.0000     0.1067
 8070.0000     0.1115
 8071.0000     0.1190
 8072.0000     0.1264
 8073.0000     0.1336
 8074.0000     0.1405
 8075.0000     0.1474
 8076.0000     0.1549
 8077.0000     0.1624
 8078.0000     0.1696
 8079.0000     0.1765
 8080.0000     0.1834
 8081.0000     0.1937
 8082.0000     0.2041
 8083.0000     0.2139
 8084.0000     0.2235
 8085.0000     0.2330
 8086.0000     0.2429
 8087.0000     0.2528
 8088.0000     0.2630
 8089.0000     0.2734
 8090.0000     0.2839
 8091.0000     0.2958
 8092.0000     0.3077
 8093.0000     0.3201
 8094.0000     0.3330
 8095.0000     0.3458
 8096.0000     0.3577
 8097.0000     0.3696
 8098.0000     0.3821
 8099.0000     0.3950
 8100.0000     0.4080
 8101.0000     0.4217
 8102.0000     0.4355
 8103.0000     0.4499
 8104.0000     0.4648
 8105.0000     0.4797
 8106.0000     0.4941
 8107.0000     0.5085
 8108.0000     0.5225
 8109.0000     0.5362
 8110.0000     0.5500
 8111.0000     0.5652
 8112.0000     0.5803
 8113.0000     0.5948
 8114.0000     0.6088
 8115.0000     0.6228
 8116.0000     0.6380
 8117.0000     0.6531
 8118.0000     0.6676
 8119.0000     0.6816
 8120.0000     0.6956
 8121.0000     0.7074
 8122.0000     0.7192
 8123.0000     0.7304
 8124.0000     0.7412
 8125.0000     0.7520
 8126.0000     0.7638
 8127.0000     0.7755
 8128.0000     0.7869
 8129.0000     0.7982
 8130.0000     0.8090
 8131.0000     0.8156
 8132.0000     0.8223
 8133.0000     0.8291
 8134.0000     0.8362
 8135.0000     0.8433
 8136.0000     0.8498
 8137.0000     0.8563
 8138.0000     0.8631
 8139.0000     0.8702
 8140.0000     0.8768
 8141.0000     0.8790
 8142.0000     0.8812
 8143.0000     0.8834
 8144.0000     0.8856
 8145.0000     0.8878
 8146.0000     0.8900
 8147.0000     0.8921
 8148.0000     0.8943
 8149.0000     0.8965
 8150.0000     0.8986
 8151.0000     0.9001
 8152.0000     0.9016
 8153.0000     0.9031
 8154.0000     0.9046
 8155.0000     0.9061
 8156.0000     0.9076
 8157.0000     0.9091
 8158.0000     0.9106
 8159.0000     0.9121
 8160.0000     0.9137
 8161.0000     0.9159
 8162.0000     0.9181
 8163.0000     0.9203
 8164.0000     0.9226
 8165.0000     0.9248
 8166.0000     0.9270
 8167.0000     0.9292
 8168.0000     0.9314
 8169.0000     0.9337
 8170.0000     0.9358
 8171.0000     0.9364
 8172.0000     0.9370
 8173.0000     0.9377
 8174.0000     0.9383
 8175.0000     0.9389
 8176.0000     0.9395
 8177.0000     0.9401
 8178.0000     0.9407
 8179.0000     0.9413
 8180.0000     0.9417
 8181.0000     0.9393
 8182.0000     0.9369
 8183.0000     0.9344
 8184.0000     0.9319
 8185.0000     0.9295
 8186.0000     0.9270
 8187.0000     0.9246
 8188.0000     0.9221
 8189.0000     0.9196
 8190.0000     0.9170
 8191.0000     0.9129
 8192.0000     0.9088
 8193.0000     0.9047
 8194.0000     0.9005
 8195.0000     0.8964
 8196.0000     0.8923
 8197.0000     0.8881
 8198.0000     0.8840
 8199.0000     0.8798
 8200.0000     0.8759
 8201.0000     0.8735
 8202.0000     0.8712
 8203.0000     0.8689
 8204.0000     0.8666
 8205.0000     0.8643
 8206.0000     0.8620
 8207.0000     0.8597
 8208.0000     0.8574
 8209.0000     0.8551
 8210.0000     0.8530
 8211.0000     0.8525
 8212.0000     0.8521
 8213.0000     0.8517
 8214.0000     0.8513
 8215.0000     0.8509
 8216.0000     0.8505
 8217.0000     0.8501
 8218.0000     0.8497
 8219.0000     0.8493
 8220.0000     0.8489
 8221.0000     0.8484
 8222.0000     0.8480
 8223.0000     0.8475
 8224.0000     0.8471
 8225.0000     0.8467
 8226.0000     0.8462
 8227.0000     0.8458
 8228.0000     0.8453
 8229.0000     0.8449
 8230.0000     0.8444
 8231.0000     0.8436
 8232.0000     0.8428
 8233.0000     0.8420
 8234.0000     0.8412
 8235.0000     0.8403
 8236.0000     0.8395
 8237.0000     0.8386
 8238.0000     0.8378
 8239.0000     0.8370
 8240.0000     0.8363
 8241.0000     0.8367
 8242.0000     0.8371
 8243.0000     0.8376
 8244.0000     0.8380
 8245.0000     0.8384
 8246.0000     0.8389
 8247.0000     0.8393
 8248.0000     0.8398
 8249.0000     0.8403
 8250.0000     0.8410
 8251.0000     0.8440
 8252.0000     0.8470
 8253.0000     0.8500
 8254.0000     0.8531
 8255.0000     0.8562
 8256.0000     0.8593
 8257.0000     0.8624
 8258.0000     0.8654
 8259.0000     0.8685
 8260.0000     0.8717
 8261.0000     0.8755
 8262.0000     0.8793
 8263.0000     0.8831
 8264.0000     0.8869
 8265.0000     0.8907
 8266.0000     0.8945
 8267.0000     0.8983
 8268.0000     0.9021
 8269.0000     0.9059
 8270.0000     0.9095
 8271.0000     0.9118
 8272.0000     0.9140
 8273.0000     0.9162
 8274.0000     0.9185
 8275.0000     0.9207
 8276.0000     0.9229
 8277.0000     0.9251
 8278.0000     0.9273
 8279.0000     0.9296
 8280.0000     0.9317
 8281.0000     0.9323
 8282.0000     0.9330
 8283.0000     0.9337
 8284.0000     0.9344
 8285.0000     0.9351
 8286.0000     0.9357
 8287.0000     0.9363
 8288.0000     0.9370
 8289.0000     0.9377
 8290.0000     0.9384
 8291.0000     0.9394
 8292.0000     0.9405
 8293.0000     0.9415
 8294.0000     0.9426
 8295.0000     0.9436
 8296.0000     0.9446
 8297.0000     0.9457
 8298.0000     0.9467
 8299.0000     0.9478
 8300.0000     0.9489
 8301.0000     0.9506
 8302.0000     0.9523
 8303.0000     0.9540
 8304.0000     0.9557
 8305.0000     0.9574
 8306.0000     0.9591
 8307.0000     0.9608
 8308.0000     0.9625
 8309.0000     0.9643
 8310.0000     0.9659
 8311.0000     0.9674
 8312.0000     0.9689
 8313.0000     0.9704
 8314.0000     0.9719
 8315.0000     0.9733
 8316.0000     0.9748
 8317.0000     0.9763
 8318.0000     0.9778
 8319.0000     0.9793
 8320.0000     0.9806
 8321.0000     0.9802
 8322.0000     0.9798
 8323.0000     0.9795
 8324.0000     0.9791
 8325.0000     0.9787
 8326.0000     0.9783
 8327.0000     0.9779
 8328.0000     0.9774
 8329.0000     0.9770
 8330.0000     0.9766
 8331.0000     0.9762
 8332.0000     0.9758
 8333.0000     0.9754
 8334.0000     0.9750
 8335.0000     0.9746
 8336.0000     0.9742
 8337.0000     0.9738
 8338.0000     0.9734
 8339.0000     0.9730
 8340.0000     0.9726
 8341.0000     0.9731
 8342.0000     0.9736
 8343.0000     0.9741
 8344.0000     0.9746
 8345.0000     0.9752
 8346.0000     0.9757
 8347.0000     0.9762
 8348.0000     0.9767
 8349.0000     0.9772
 8350.0000     0.9779
 8351.0000     0.9796
 8352.0000     0.9813
 8353.0000     0.9831
 8354.0000     0.9848
 8355.0000     0.9866
 8356.0000     0.9884
 8357.0000     0.9902
 8358.0000     0.9920
 8359.0000     0.9937
 8360.0000     0.9953
 8361.0000     0.9958
 8362.0000     0.9963
 8363.0000     0.9968
 8364.0000     0.9973
 8365.0000     0.9977
 8366.0000     0.9982
 8367.0000     0.9986
 8368.0000     0.9991
 8369.0000     0.9996
 8370.0000     0.9999
 8371.0000     0.9992
 8372.0000     0.9985
 8373.0000     0.9977
 8374.0000     0.9970
 8375.0000     0.9962
 8376.0000     0.9955
 8377.0000     0.9947
 8378.0000     0.9940
 8379.0000     0.9932
 8380.0000     0.9924
 8381.0000     0.9907
 8382.0000     0.9890
 8383.0000     0.9872
 8384.0000     0.9855
 8385.0000     0.9837
 8386.0000     0.9820
 8387.0000     0.9803
 8388.0000     0.9785
 8389.0000     0.9768
 8390.0000     0.9750
 8391.0000     0.9733
 8392.0000     0.9715
 8393.0000     0.9697
 8394.0000     0.9679
 8395.0000     0.9661
 8396.0000     0.9643
 8397.0000     0.9625
 8398.0000     0.9607
 8399.0000     0.9589
 8400.0000     0.9569
 8401.0000     0.9527
 8402.0000     0.9486
 8403.0000     0.9444
 8404.0000     0.9401
 8405.0000     0.9359
 8406.0000     0.9316
 8407.0000     0.9274
 8408.0000     0.9232
 8409.0000     0.9189
 8410.0000     0.9144
 8411.0000     0.9073
 8412.0000     0.9001
 8413.0000     0.8930
 8414.0000     0.8858
 8415.0000     0.8786
 8416.0000     0.8714
 8417.0000     0.8642
 8418.0000     0.8570
 8419.0000     0.8497
 8420.0000     0.8423
 8421.0000     0.8329
 8422.0000     0.8236
 8423.0000     0.8143
 8424.0000     0.8049
 8425.0000     0.7955
 8426.0000     0.7860
 8427.0000     0.7766
 8428.0000     0.7672
 8429.0000     0.7578
 8430.0000     0.7481
 8431.0000     0.7365
 8432.0000     0.7249
 8433.0000     0.7132
 8434.0000     0.7015
 8435.0000     0.6898
 8436.0000     0.6781
 8437.0000     0.6664
 8438.0000     0.6547
 8439.0000     0.6430
 8440.0000     0.6312
 8441.0000     0.6182
 8442.0000     0.6052
 8443.0000     0.5922
 8444.0000     0.5791
 8445.0000     0.5661
 8446.0000     0.5531
 8447.0000     0.5401
 8448.0000     0.5271
 8449.0000     0.5140
 8450.0000     0.5008
 8451.0000     0.4860
 8452.0000     0.4711
 8453.0000     0.4563
 8454.0000     0.4414
 8455.0000     0.4265
 8456.0000     0.4117
 8457.0000     0.3968
 8458.0000     0.3820
 8459.0000     0.3671
 8460.0000     0.3523
 8461.0000     0.3388
 8462.0000     0.3253
 8463.0000     0.3118
 8464.0000     0.2984
 8465.0000     0.2850
 8466.0000     0.2715
 8467.0000     0.2580
 8468.0000     0.2445
 8469.0000     0.2311
 8470.0000     0.2180
 8471.0000     0.2084
 8472.0000     0.1987
 8473.0000     0.1891
 8474.0000     0.1795
 8475.0000     0.1699
 8476.0000     0.1604
 8477.0000     0.1508
 8478.0000     0.1413
 8479.0000     0.1318
 8480.0000     0.1226
 8481.0000     0.1171
 8482.0000     0.1116
 8483.0000     0.1062
 8484.0000     0.1008
 8485.0000     0.0955
 8486.0000     0.0901
 8487.0000     0.0847
 8488.0000     0.0794
 8489.0000     0.0740
 8490.0000     0.0688
 8491.0000     0.0661
 8492.0000     0.0634
 8493.0000     0.0607
 8494.0000     0.0581
 8495.0000     0.0555
 8496.0000     0.0529
 8497.0000     0.0503
 8498.0000     0.0476
 8499.0000     0.0450
 8500.0000     0.0425
 8501.0000     0.0410
 8502.0000     0.0396
 8503.0000     0.0382
 8504.0000     0.0368
 8505.0000     0.0355
 8506.0000     0.0341
 8507.0000     0.0327
 8508.0000     0.0313
 8509.0000     0.0299
 8510.0000     0.0285
 8511.0000     0.0278
 8512.0000     0.0271
 8513.0000     0.0264
 8514.0000     0.0257
 8515.0000     0.0250
 8516.0000     0.0244
 8517.0000     0.0237
 8518.0000     0.0230
 8519.0000     0.0223
 8520.0000     0.0217
 8521.0000     0.0213
 8522.0000     0.0209
 8523.0000     0.0205
 8524.0000     0.0201
 8525.0000     0.0198
 8526.0000     0.0194
 8527.0000     0.0190
 8528.0000     0.0187
 8529.0000     0.0183
 8530.0000     0.0179
 8531.0000     0.0177
 8532.0000     0.0175
 8533.0000     0.0173
 8534.0000     0.0171
 8535.0000     0.0170
 8536.0000     0.0168
 8537.0000     0.0166
 8538.0000     0.0164
 8539.0000     0.0162
 8540.0000     0.0160
 8541.0000     0.0159
 8542.0000     0.0157
 8543.0000     0.0157
 8544.0000     0.0156
 8545.0000     0.0155
 8546.0000     0.0154
 8547.0000     0.0152
 8548.0000     0.0151
 8549.0000     0.0150
 8550.0000     0.0149
 8551.0000     0.0147
 8552.0000     0.0146
 8553.0000     0.0144
 8554.0000     0.0142
 8555.0000     0.0141
 8556.0000     0.0139
 8557.0000     0.0138
 8558.0000     0.0136
 8559.0000     0.0134
 8560.0000     0.0133
 8561.0000     0.0132
 8562.0000     0.0130
 8563.0000     0.0130
 8564.0000     0.0129
 8565.0000     0.0128
 8566.0000     0.0127
 8567.0000     0.0125
 8568.0000     0.0124
 8569.0000     0.0123
 8570.0000     0.0122
 8571.0000     0.0121
 8572.0000     0.0119
 8573.0000     0.0118
 8574.0000     0.0117
 8575.0000     0.0116
 8576.0000     0.0115
 8577.0000     0.0113
 8578.0000     0.0112
 8579.0000     0.0111
 8580.0000     0.0110
 8581.0000     0.0109
 8582.0000     0.0107
 8583.0000     0.0106
 8584.0000     0.0105
 8585.0000     0.0104
 8586.0000     0.0103
 8587.0000     0.0101
 8588.0000     0.0100
 8589.0000     0.0099
 8590.0000     0.0098
 8591.0000     0.0097
 8592.0000     0.0096
 8593.0000     0.0096
 8594.0000     0.0095
 8595.0000     0.0094
 8596.0000     0.0093
 8597.0000     0.0092
 8598.0000     0.0092
 8599.0000     0.0091
 8600.0000     0.0090
 8601.0000     0.0089
 8602.0000     0.0087
 8603.0000     0.0087
 8604.0000     0.0086
 8605.0000     0.0085
 8606.0000     0.0084
 8607.0000     0.0082
 8608.0000     0.0081
 8609.0000     0.0080
 8610.0000     0.0079
 8611.0000     0.0078
 8612.0000     0.0076
 8613.0000     0.0075
 8614.0000     0.0073
 8615.0000     0.0072
 8616.0000     0.0071
 8617.0000     0.0069
 8618.0000     0.0068
 8619.0000     0.0066
 8620.0000     0.0065
 8621.0000     0.0064
 8622.0000     0.0062
 8623.0000     0.0061
 8624.0000     0.0060
 8625.0000     0.0059
 8626.0000     0.0057
 8627.0000     0.0056
 8628.0000     0.0054
 8629.0000     0.0053
 8630.0000     0.0052
 8631.0000     0.0051
 8632.0000     0.0049
 8633.0000     0.0048
 8634.0000     0.0046
 8635.0000     0.0045
 8636.0000     0.0044
 8637.0000     0.0042
 8638.0000     0.0041
 8639.0000     0.0039
 8640.0000     0.0038
 8641.0000     0.0037
 8642.0000     0.0035
 8643.0000     0.0034
 8644.0000     0.0033
 8645.0000     0.0032
 8646.0000     0.0031
 8647.0000     0.0029
 8648.0000     0.0028
 8649.0000     0.0027
 8650.0000     0.0026
 8651.0000     0.0025
 8652.0000     0.0024
 8653.0000     0.0024
 8654.0000     0.0023
 8655.0000     0.0022
 8656.0000     0.0021
 8657.0000     0.0020
 8658.0000     0.0020
 8659.0000     0.0019
 8660.0000     0.0018
 8661.0000     0.0018
 8662.0000     0.0017
 8663.0000     0.0017
 8664.0000     0.0017
 8665.0000     0.0017
 8666.0000     0.0017
 8667.0000     0.0016
 8668.0000     0.0016
 8669.0000     0.0015
 8670.0000     0.0015
 8671.0000     0.0015
 8672.0000     0.0015
 8673.0000     0.0015
 8674.0000     0.0015
 8675.0000     0.0015
 8676.0000     0.0015
 8677.0000     0.0015
 8678.0000     0.0015
 8679.0000     0.0015
 8680.0000     0.0015
 8681.0000     0.0015
 8682.0000     0.0015
 8683.0000     0.0015
 8684.0000     0.0016
 8685.0000     0.0016
 8686.0000     0.0016
 8687.0000     0.0016
 8688.0000     0.0016
 8689.0000     0.0017
 8690.0000     0.0017
 8691.0000     0.0017
 8692.0000     0.0017
 8693.0000     0.0017
 8694.0000     0.0018
 8695.0000     0.0018
 8696.0000     0.0018
 8697.0000     0.0018
 8698.0000     0.0018
 8699.0000     0.0019
 8700.0000     0.0019
 8701.0000     0.0019
 8702.0000     0.0020
 8703.0000     0.0020
 8704.0000     0.0021
 8705.0000     0.0021
 8706.0000     0.0022
 8707.0000     0.0023
 8708.0000     0.0023
 8709.0000     0.0024
 8710.0000     0.0024
 8711.0000     0.0024
 8712.0000     0.0024
 8713.0000     0.0024
 8714.0000     0.0024
 8715.0000     0.0024
 8716.0000     0.0024
 8717.0000     0.0024
 8718.0000     0.0024
 8719.0000     0.0024
 8720.0000     0.0024
 8721.0000     0.0024
 8722.0000     0.0024
 8723.0000     0.0024
 8724.0000     0.0024
 8725.0000     0.0024
 8726.0000     0.0024
 8727.0000     0.0025
 8728.0000     0.0025
 8729.0000     0.0025
 8730.0000     0.0025
 8731.0000     0.0025
 8732.0000     0.0025
 8733.0000     0.0025
 8734.0000     0.0025
 8735.0000     0.0025
 8736.0000     0.0025
 8737.0000     0.0024
 8738.0000     0.0024
 8739.0000     0.0024
 8740.0000     0.0024
 8741.0000     0.0024
 8742.0000     0.0024
 8743.0000     0.0024
 8744.0000     0.0024
 8745.0000     0.0024
 8746.0000     0.0024
 8747.0000     0.0024
 8748.0000     0.0024
 8749.0000     0.0024
 8750.0000     0.0024
 8751.0000     0.0024
 8752.0000     0.0024
 8753.0000     0.0024
 8754.0000     0.0024
 8755.0000     0.0024
 8756.0000     0.0024
 8757.0000     0.0025
 8758.0000     0.0025
 8759.0000     0.0025
 8760.0000     0.0025
 8761.0000     0.0025
 8762.0000     0.0025
 8763.0000     0.0025
 8764.0000     0.0025
 8765.0000     0.0025
 8766.0000     0.0025
 8767.0000     0.0026
 8768.0000     0.0026
 8769.0000     0.0026
 8770.0000     0.0026
 8771.0000     0.0026
 8772.0000     0.0026
 8773.0000     0.0026
 8774.0000     0.0026
 8775.0000     0.0026
 8776.0000     0.0026
 8777.0000     0.0025
 8778.0000     0.0025
 8779.0000     0.0025
 8780.0000     0.0025
 8781.0000     0.0025
 8782.0000     0.0025
 8783.0000     0.0025
 8784.0000     0.0025
 8785.0000     0.0025
 8786.0000     0.0025
 8787.0000     0.0024
 8788.0000     0.0024
 8789.0000     0.0024
 8790.0000     0.0024
 8791.0000     0.0024
 8792.0000     0.0024
 8793.0000     0.0024
 8794.0000     0.0024
 8795.0000     0.0024
 8796.0000     0.0024
 8797.0000     0.0024
 8798.0000     0.0024
 8799.0000     0.0024
 8800.0000     0.0024
 8801.0000     0.0024
 8802.0000     0.0023
 8803.0000     0.0023
 8804.0000     0.0023
 8805.0000     0.0023
 8806.0000     0.0023
 8807.0000     0.0022
 8808.0000     0.0022
 8809.0000     0.0021
 8810.0000     0.0021
 8811.0000     0.0021
 8812.0000     0.0021
 8813.0000     0.0021
 8814.0000     0.0021
 8815.0000     0.0021
 8816.0000     0.0021
 8817.0000     0.0020
 8818.0000     0.0020
 8819.0000     0.0020
 8820.0000     0.0020
 8821.0000     0.0020
 8822.0000     0.0019
 8823.0000     0.0019
 8824.0000     0.0018
 8825.0000     0.0018
 8826.0000     0.0017
 8827.0000     0.0016
 8828.0000     0.0016
 8829.0000     0.0015
 8830.0000     0.0015
 8831.0000     0.0015
 8832.0000     0.0014
 8833.0000     0.0014
 8834.0000     0.0013
 8835.0000     0.0013
 8836.0000     0.0013
 8837.0000     0.0012
 8838.0000     0.0012
 8839.0000     0.0011
 8840.0000     0.0011
 8841.0000     0.0011
 8842.0000     0.0011
 8843.0000     0.0011
 8844.0000     0.0010
 8845.0000     0.0010
 8846.0000     0.0010
 8847.0000     0.0010
 8848.0000     0.0010
 8849.0000     0.0009
 8850.0000     0.0009
 8851.0000     0.0009
 8852.0000     0.0008
 8853.0000     0.0008
 8854.0000     0.0007
 8855.0000     0.0007
 8856.0000     0.0007
 8857.0000     0.0006
 8858.0000     0.0006
 8859.0000     0.0005
 8860.0000     0.0005
 8861.0000     0.0005
 8862.0000     0.0005
 8863.0000     0.0005
 8864.0000     0.0005
 8865.0000     0.0005
 8866.0000     0.0005
 8867.0000     0.0004
 8868.0000     0.0004
 8869.0000     0.0004
 8870.0000     0.0004
 8871.0000     0.0004
 8872.0000     0.0004
 8873.0000     0.0004
 8874.0000     0.0004
 8875.0000     0.0004
 8876.0000     0.0004
 8877.0000     0.0004
 8878.0000     0.0004
 8879.0000     0.0004
 8880.0000     0.0004
 8881.0000     0.0004
 8882.0000     0.0004
 8883.0000     0.0004
 8884.0000     0.0004
 8885.0000     0.0004
 8886.0000     0.0004
 8887.0000     0.0003
 8888.0000     0.0003
 8889.0000     0.0003
 8890.0000     0.0003
 8891.0000     0.0003
 8892.0000     0.0003
 8893.0000     0.0003
 8894.0000     0.0003
 8895.0000     0.0003
 8896.0000     0.0003
 8897.0000     0.0002
 8898.0000     0.0002
 8899.0000     0.0002
 8900.0000     0.0002
 8901.0000     0.0002
 8902.0000     0.0002
 8903.0000     0.0002
 8904.0000     0.0002
 8905.0000     0.0002
 8906.0000     0.0002
 8907.0000     0.0002
 8908.0000     0.0002
 8909.0000     0.0002
 8910.0000     0.0002
 8911.0000     0.0002
 8912.0000     0.0002
 8913.0000     0.0002
 8914.0000     0.0003
 8915.0000     0.0003
 8916.0000     0.0003
 8917.0000     0.0003
 8918.0000     0.0003
 8919.0000     0.0004
 8920.0000     0.0004
 8921.0000     0.0004
 8922.0000     0.0004
 8923.0000     0.0004
 8924.0000     0.0004
 8925.0000     0.0004
 8926.0000     0.0004
 8927.0000     0.0005
 8928.0000     0.0005
 8929.0000     0.0005
 8930.0000     0.0005
 8931.0000     0.0005
 8932.0000     0.0005
 8933.0000     0.0005
 8934.0000     0.0004
 8935.0000     0.0004
 8936.0000     0.0004
 8937.0000     0.0004
 8938.0000     0.0004
 8939.0000     0.0003
 8940.0000     0.0003
 8941.0000     0.0003
 8942.0000     0.0003
 8943.0000     0.0003
 8944.0000     0.0003
 8945.0000     0.0003
 8946.0000     0.0003
 8947.0000     0.0003
 8948.0000     0.0003
 8949.0000     0.0003
 8950.0000     0.0003
 8951.0000     0.0003
 8952.0000     0.0002
 8953.0000     0.0002
 8954.0000     0.0002
 8955.0000     0.0002
 8956.0000     0.0002
 8957.0000     0.0001
