# 140	band_2
  598.0000     0.0013
  599.0000     0.0018
  600.0000     0.0023
  601.0000     0.0025
  602.0000     0.0024
  603.0000     0.0023
  604.0000     0.0019
  605.0000     0.0015
  606.0000     0.0020
  607.0000     0.0035
  608.0000     0.0050
  609.0000     0.0050
  610.0000     0.0049
  611.0000     0.0045
  612.0000     0.0036
  613.0000     0.0028
  614.0000     0.0048
  615.0000     0.0067
  616.0000     0.0080
  617.0000     0.0085
  618.0000     0.0091
  619.0000     0.0155
  620.0000     0.0218
  621.0000     0.0505
  622.0000     0.1014
  623.0000     0.1524
  624.0000     0.2157
  625.0000     0.2790
  626.0000     0.3511
  627.0000     0.4322
  628.0000     0.5133
  629.0000     0.5881
  630.0000     0.6630
  631.0000     0.7319
  632.0000     0.7950
  633.0000     0.8580
  634.0000     0.9050
  635.0000     0.9521
  636.0000     0.9805
  637.0000     0.9902
  638.0000     0.9999
  639.0000     0.9919
  640.0000     0.9839
  641.0000     0.9783
  642.0000     0.9750
  643.0000     0.9717
  644.0000     0.9719
  645.0000     0.9722
  646.0000     0.9707
  647.0000     0.9676
  648.0000     0.9645
  649.0000     0.9536
  650.0000     0.9427
  651.0000     0.9314
  652.0000     0.9196
  653.0000     0.9078
  654.0000     0.9184
  655.0000     0.9289
  656.0000     0.9357
  657.0000     0.9386
  658.0000     0.9416
  659.0000     0.9380
  660.0000     0.9345
  661.0000     0.9299
  662.0000     0.9242
  663.0000     0.9185
  664.0000     0.9140
  665.0000     0.9095
  666.0000     0.9046
  667.0000     0.8991
  668.0000     0.8936
  669.0000     0.8767
  670.0000     0.8598
  671.0000     0.8444
  672.0000     0.8305
  673.0000     0.8165
  674.0000     0.8089
  675.0000     0.8013
  676.0000     0.7949
  677.0000     0.7898
  678.0000     0.7846
  679.0000     0.7774
  680.0000     0.7703
  681.0000     0.7631
  682.0000     0.7560
  683.0000     0.7488
  684.0000     0.7200
  685.0000     0.6912
  686.0000     0.6596
  687.0000     0.6252
  688.0000     0.5908
  689.0000     0.5575
  690.0000     0.5242
  691.0000     0.4957
  692.0000     0.4721
  693.0000     0.4485
  694.0000     0.4359
  695.0000     0.4232
  696.0000     0.4077
  697.0000     0.3894
  698.0000     0.3711
  699.0000     0.3472
  700.0000     0.3233
  701.0000     0.2980
  702.0000     0.2713
  703.0000     0.2445
  704.0000     0.2151
  705.0000     0.1858
  706.0000     0.1577
  707.0000     0.1310
  708.0000     0.1042
  709.0000     0.0863
  710.0000     0.0684
  711.0000     0.0564
  712.0000     0.0503
  713.0000     0.0443
  714.0000     0.0389
  715.0000     0.0335
  716.0000     0.0281
  717.0000     0.0227
  718.0000     0.0173
  719.0000     0.0149
  720.0000     0.0124
  721.0000     0.0107
  722.0000     0.0098
  723.0000     0.0088
  724.0000     0.0074
  725.0000     0.0059
  726.0000     0.0050
  727.0000     0.0045
  728.0000     0.0041
  729.0000     0.0030
  730.0000     0.0019
  731.0000     0.0011
  732.0000     0.0008
  733.0000     0.0005
  734.0000     0.0005
  735.0000     0.0004
  736.0000     0.0004
  737.0000     0.0003
