220    tm5:Band4
    0.7300     0.0023
    0.7310     0.0028
    0.7320     0.0032
    0.7330     0.0037
    0.7340     0.0042
    0.7350     0.0046
    0.7360     0.0051
    0.7370     0.0056
    0.7380     0.0060
    0.7390     0.0065
    0.7400     0.0070
    0.7410     0.0074
    0.7420     0.0079
    0.7430     0.0084
    0.7440     0.0080
    0.7450     0.0093
    0.7460     0.0112
    0.7470     0.0130
    0.7480     0.0149
    0.7490     0.0168
    0.7500     0.0186
    0.7510     0.0214
    0.7520     0.0242
    0.7530     0.0270
    0.7540     0.0298
    0.7550     0.0326
    0.7560     0.0402
    0.7570     0.0478
    0.7580     0.0554
    0.7590     0.0630
    0.7600     0.0706
    0.7610     0.0784
    0.7620     0.0862
    0.7630     0.0940
    0.7640     0.1152
    0.7650     0.1364
    0.7660     0.1577
    0.7670     0.1791
    0.7680     0.2069
    0.7690     0.2409
    0.7700     0.2752
    0.7710     0.3095
    0.7720     0.3440
    0.7730     0.3786
    0.7740     0.4133
    0.7750     0.4482
    0.7760     0.4833
    0.7770     0.5259
    0.7780     0.5683
    0.7790     0.6108
    0.7800     0.6534
    0.7810     0.6963
    0.7820     0.7393
    0.7830     0.7745
    0.7840     0.8017
    0.7850     0.8290
    0.7860     0.8564
    0.7870     0.8838
    0.7880     0.8992
    0.7890     0.9146
    0.7900     0.9300
    0.7910     0.9418
    0.7920     0.9499
    0.7930     0.9580
    0.7940     0.9661
    0.7950     0.9743
    0.7960     0.9794
    0.7970     0.9845
    0.7980     0.9897
    0.7990     0.9948
    0.8000     1.0000
    0.8010     0.9982
    0.8020     0.9964
    0.8030     0.9946
    0.8040     0.9928
    0.8050     0.9910
    0.8060     0.9889
    0.8070     0.9868
    0.8080     0.9846
    0.8090     0.9825
    0.8100     0.9804
    0.8110     0.9758
    0.8120     0.9712
    0.8130     0.9666
    0.8140     0.9620
    0.8150     0.9574
    0.8160     0.9529
    0.8170     0.9483
    0.8180     0.9442
    0.8190     0.9400
    0.8200     0.9359
    0.8210     0.9313
    0.8220     0.9268
    0.8230     0.9223
    0.8240     0.9178
    0.8250     0.9161
    0.8260     0.9160
    0.8270     0.9164
    0.8280     0.9167
    0.8290     0.9170
    0.8300     0.9173
    0.8310     0.9176
    0.8320     0.9178
    0.8330     0.9181
    0.8340     0.9183
    0.8350     0.9185
    0.8360     0.9188
    0.8370     0.9190
    0.8380     0.9192
    0.8390     0.9194
    0.8400     0.9196
    0.8410     0.9202
    0.8420     0.9208
    0.8430     0.9214
    0.8440     0.9220
    0.8450     0.9226
    0.8460     0.9232
    0.8470     0.9237
    0.8480     0.9243
    0.8490     0.9249
    0.8500     0.9254
    0.8510     0.9217
    0.8520     0.9179
    0.8530     0.9141
    0.8540     0.9104
    0.8550     0.9067
    0.8560     0.9029
    0.8570     0.8992
    0.8580     0.8947
    0.8590     0.8901
    0.8600     0.8856
    0.8610     0.8831
    0.8620     0.8815
    0.8630     0.8810
    0.8640     0.8804
    0.8650     0.8811
    0.8660     0.8818
    0.8670     0.8824
    0.8680     0.8831
    0.8690     0.8838
    0.8700     0.8844
    0.8710     0.8858
    0.8720     0.8871
    0.8730     0.8853
    0.8740     0.8832
    0.8750     0.8810
    0.8760     0.8768
    0.8770     0.8725
    0.8780     0.8683
    0.8790     0.8641
    0.8800     0.8599
    0.8810     0.8530
    0.8820     0.8451
    0.8830     0.8372
    0.8840     0.8294
    0.8850     0.8217
    0.8860     0.8139
    0.8870     0.8063
    0.8880     0.7986
    0.8890     0.7910
    0.8900     0.7835
    0.8910     0.7835
    0.8920     0.7836
    0.8930     0.7787
    0.8940     0.7690
    0.8950     0.7592
    0.8960     0.7495
    0.8970     0.7398
    0.8980     0.7302
    0.8990     0.7208
    0.9000     0.7152
    0.9010     0.6710
    0.9020     0.6299
    0.9030     0.5891
    0.9040     0.5299
    0.9050     0.4664
    0.9060     0.4033
    0.9070     0.3405
    0.9080     0.2945
    0.9090     0.2528
    0.9100     0.2114
    0.9110     0.1702
    0.9120     0.1430
    0.9130     0.1195
    0.9140     0.0962
    0.9150     0.0772
    0.9160     0.0679
    0.9170     0.0587
    0.9180     0.0495
    0.9190     0.0404
    0.9200     0.0314
    0.9210     0.0281
    0.9220     0.0249
    0.9230     0.0217
    0.9240     0.0186
    0.9250     0.0154
    0.9260     0.0138
    0.9270     0.0122
    0.9280     0.0106
    0.9290     0.0090
    0.9300     0.0075
    0.9310     0.0071
    0.9320     0.0067
    0.9330     0.0063
    0.9340     0.0059
    0.9350     0.0055
    0.9360     0.0051
    0.9370     0.0047
    0.9380     0.0043
    0.9390     0.0039
    0.9400     0.0035
    0.9410     0.0032
    0.9420     0.0028
    0.9430     0.0024
    0.9440     0.0021
    0.9450     0.0017
    0.9460     0.0014
    0.9470     0.0010
    0.9480     0.0007
    0.9490     0.0003
