439    tm5:Band7
    1.9610     0.0001
    1.9620     0.0002
    1.9630     0.0003
    1.9640     0.0004
    1.9650     0.0004
    1.9660     0.0005
    1.9670     0.0006
    1.9680     0.0007
    1.9690     0.0008
    1.9700     0.0009
    1.9710     0.0010
    1.9720     0.0011
    1.9730     0.0012
    1.9740     0.0013
    1.9750     0.0014
    1.9760     0.0015
    1.9770     0.0016
    1.9780     0.0017
    1.9790     0.0018
    1.9800     0.0018
    1.9810     0.0022
    1.9820     0.0026
    1.9830     0.0030
    1.9840     0.0034
    1.9850     0.0037
    1.9860     0.0041
    1.9870     0.0045
    1.9880     0.0049
    1.9890     0.0053
    1.9900     0.0057
    1.9910     0.0061
    1.9920     0.0065
    1.9930     0.0069
    1.9940     0.0073
    1.9950     0.0077
    1.9960     0.0081
    1.9970     0.0085
    1.9980     0.0089
    1.9990     0.0093
    2.0000     0.0097
    2.0010     0.0102
    2.0020     0.0107
    2.0030     0.0112
    2.0040     0.0117
    2.0050     0.0121
    2.0060     0.0126
    2.0070     0.0131
    2.0080     0.0136
    2.0090     0.0141
    2.0100     0.0146
    2.0110     0.0151
    2.0120     0.0156
    2.0130     0.0160
    2.0140     0.0165
    2.0150     0.0170
    2.0160     0.0175
    2.0170     0.0180
    2.0180     0.0185
    2.0190     0.0190
    2.0200     0.0194
    2.0210     0.0207
    2.0220     0.0219
    2.0230     0.0231
    2.0240     0.0244
    2.0250     0.0256
    2.0260     0.0269
    2.0270     0.0281
    2.0280     0.0294
    2.0290     0.0306
    2.0300     0.0319
    2.0310     0.0331
    2.0320     0.0344
    2.0330     0.0356
    2.0340     0.0367
    2.0350     0.0381
    2.0360     0.0394
    2.0370     0.0407
    2.0380     0.0419
    2.0390     0.0432
    2.0400     0.0445
    2.0410     0.0472
    2.0420     0.0500
    2.0430     0.0527
    2.0440     0.0555
    2.0450     0.0583
    2.0460     0.0611
    2.0470     0.0638
    2.0480     0.0666
    2.0490     0.0694
    2.0500     0.0722
    2.0510     0.0750
    2.0520     0.0778
    2.0530     0.0806
    2.0540     0.0834
    2.0550     0.0862
    2.0560     0.0891
    2.0570     0.0919
    2.0580     0.0947
    2.0590     0.0975
    2.0600     0.1004
    2.0610     0.1070
    2.0620     0.1136
    2.0630     0.1201
    2.0640     0.1267
    2.0650     0.1334
    2.0660     0.1400
    2.0670     0.1466
    2.0680     0.1532
    2.0690     0.1599
    2.0700     0.1665
    2.0710     0.1732
    2.0720     0.1798
    2.0730     0.1865
    2.0740     0.1931
    2.0750     0.1998
    2.0760     0.2065
    2.0770     0.2132
    2.0780     0.2199
    2.0790     0.2266
    2.0800     0.2333
    2.0810     0.2486
    2.0820     0.2640
    2.0830     0.2794
    2.0840     0.2949
    2.0850     0.3103
    2.0860     0.3258
    2.0870     0.3413
    2.0880     0.3568
    2.0890     0.3723
    2.0900     0.3878
    2.0910     0.4034
    2.0920     0.4190
    2.0930     0.4346
    2.0940     0.4502
    2.0950     0.4658
    2.0960     0.4814
    2.0970     0.4971
    2.0980     0.5128
    2.0990     0.5285
    2.1000     0.5442
    2.1010     0.5593
    2.1020     0.5744
    2.1030     0.5896
    2.1040     0.6048
    2.1050     0.6200
    2.1060     0.6353
    2.1070     0.6506
    2.1080     0.6659
    2.1090     0.6813
    2.1100     0.6967
    2.1110     0.7121
    2.1120     0.7276
    2.1130     0.7431
    2.1140     0.7587
    2.1150     0.7743
    2.1160     0.7899
    2.1170     0.8056
    2.1180     0.8213
    2.1190     0.8370
    2.1200     0.8528
    2.1210     0.8578
    2.1220     0.8627
    2.1230     0.8676
    2.1240     0.8725
    2.1250     0.8774
    2.1260     0.8823
    2.1270     0.8873
    2.1280     0.8922
    2.1290     0.8971
    2.1300     0.9021
    2.1310     0.9070
    2.1320     0.9120
    2.1330     0.9170
    2.1340     0.9219
    2.1350     0.9269
    2.1360     0.9319
    2.1370     0.9369
    2.1380     0.9419
    2.1390     0.9469
    2.1400     0.9519
    2.1410     0.9519
    2.1420     0.9518
    2.1430     0.9517
    2.1440     0.9517
    2.1450     0.9516
    2.1460     0.9515
    2.1470     0.9515
    2.1480     0.9514
    2.1490     0.9513
    2.1500     0.9512
    2.1510     0.9512
    2.1520     0.9511
    2.1530     0.9510
    2.1540     0.9509
    2.1550     0.9509
    2.1560     0.9508
    2.1570     0.9507
    2.1580     0.9506
    2.1590     0.9505
    2.1600     0.9505
    2.1610     0.9526
    2.1620     0.9548
    2.1630     0.9570
    2.1640     0.9592
    2.1650     0.9614
    2.1660     0.9636
    2.1670     0.9658
    2.1680     0.9680
    2.1690     0.9702
    2.1700     0.9724
    2.1710     0.9747
    2.1720     0.9769
    2.1730     0.9791
    2.1740     0.9813
    2.1750     0.9835
    2.1760     0.9857
    2.1770     0.9880
    2.1780     0.9902
    2.1790     0.9924
    2.1800     0.9947
    2.1810     0.9949
    2.1820     0.9952
    2.1830     0.9955
    2.1840     0.9957
    2.1850     0.9960
    2.1860     0.9963
    2.1870     0.9966
    2.1880     0.9968
    2.1890     0.9971
    2.1900     0.9974
    2.1910     0.9976
    2.1920     0.9979
    2.1930     0.9982
    2.1940     0.9984
    2.1950     0.9987
    2.1960     0.9989
    2.1970     0.9992
    2.1980     0.9995
    2.1990     0.9997
    2.2000     1.0000
    2.2010     0.9996
    2.2020     0.9991
    2.2030     0.9987
    2.2040     0.9983
    2.2050     0.9978
    2.2060     0.9974
    2.2070     0.9970
    2.2080     0.9965
    2.2090     0.9961
    2.2100     0.9956
    2.2110     0.9952
    2.2120     0.9948
    2.2130     0.9943
    2.2140     0.9939
    2.2150     0.9934
    2.2160     0.9930
    2.2170     0.9926
    2.2180     0.9921
    2.2190     0.9917
    2.2200     0.9912
    2.2210     0.9885
    2.2220     0.9857
    2.2230     0.9829
    2.2240     0.9802
    2.2250     0.9774
    2.2260     0.9746
    2.2270     0.9718
    2.2280     0.9691
    2.2290     0.9663
    2.2300     0.9635
    2.2310     0.9608
    2.2320     0.9580
    2.2330     0.9552
    2.2340     0.9525
    2.2350     0.9497
    2.2360     0.9470
    2.2370     0.9442
    2.2380     0.9414
    2.2390     0.9387
    2.2400     0.9359
    2.2410     0.9357
    2.2420     0.9355
    2.2430     0.9354
    2.2440     0.9352
    2.2450     0.9350
    2.2460     0.9348
    2.2470     0.9347
    2.2480     0.9345
    2.2490     0.9343
    2.2500     0.9342
    2.2510     0.9340
    2.2520     0.9338
    2.2530     0.9336
    2.2540     0.9335
    2.2550     0.9333
    2.2560     0.9331
    2.2570     0.9329
    2.2580     0.9328
    2.2590     0.9326
    2.2600     0.9324
    2.2610     0.9302
    2.2620     0.9280
    2.2630     0.9258
    2.2640     0.9235
    2.2650     0.9213
    2.2660     0.9191
    2.2670     0.9169
    2.2680     0.9147
    2.2690     0.9125
    2.2700     0.9103
    2.2710     0.9081
    2.2720     0.9059
    2.2730     0.9037
    2.2740     0.9015
    2.2750     0.8993
    2.2760     0.8971
    2.2770     0.8949
    2.2780     0.8927
    2.2790     0.8906
    2.2800     0.8884
    2.2810     0.8814
    2.2820     0.8744
    2.2830     0.8673
    2.2840     0.8603
    2.2850     0.8532
    2.2860     0.8462
    2.2870     0.8392
    2.2880     0.8322
    2.2890     0.8252
    2.2900     0.8182
    2.2910     0.8112
    2.2920     0.8043
    2.2930     0.7973
    2.2940     0.7904
    2.2950     0.7834
    2.2960     0.7765
    2.2970     0.7695
    2.2980     0.7626
    2.2990     0.7557
    2.3000     0.7488
    2.3010     0.7523
    2.3020     0.7561
    2.3030     0.7598
    2.3040     0.7636
    2.3050     0.7673
    2.3060     0.7710
    2.3070     0.7748
    2.3080     0.7785
    2.3090     0.7822
    2.3100     0.7860
    2.3110     0.7897
    2.3120     0.7935
    2.3130     0.7972
    2.3140     0.8009
    2.3150     0.8047
    2.3160     0.8084
    2.3170     0.8121
    2.3180     0.8159
    2.3190     0.8196
    2.3200     0.8233
    2.3210     0.8199
    2.3220     0.8162
    2.3230     0.8126
    2.3240     0.8089
    2.3250     0.8053
    2.3260     0.8016
    2.3270     0.7980
    2.3280     0.7943
    2.3290     0.7907
    2.3300     0.7870
    2.3310     0.7834
    2.3320     0.7797
    2.3330     0.7761
    2.3340     0.7724
    2.3350     0.7688
    2.3360     0.7651
    2.3370     0.7615
    2.3380     0.7578
    2.3390     0.7542
    2.3400     0.7505
    2.3410     0.7233
    2.3420     0.6955
    2.3430     0.6678
    2.3440     0.6400
    2.3450     0.6122
    2.3460     0.5845
    2.3470     0.5567
    2.3480     0.5288
    2.3490     0.5010
    2.3500     0.4732
    2.3510     0.4454
    2.3520     0.4175
    2.3530     0.3896
    2.3540     0.3618
    2.3550     0.3339
    2.3560     0.3060
    2.3570     0.2781
    2.3580     0.2502
    2.3590     0.2223
    2.3600     0.1943
    2.3610     0.1856
    2.3620     0.1774
    2.3630     0.1692
    2.3640     0.1609
    2.3650     0.1526
    2.3660     0.1444
    2.3670     0.1361
    2.3680     0.1278
    2.3690     0.1195
    2.3700     0.1112
    2.3710     0.1028
    2.3720     0.0945
    2.3730     0.0862
    2.3740     0.0778
    2.3750     0.0694
    2.3760     0.0611
    2.3770     0.0527
    2.3780     0.0443
    2.3790     0.0359
    2.3800     0.0274
    2.3810     0.0259
    2.3820     0.0245
    2.3830     0.0232
    2.3840     0.0218
    2.3850     0.0205
    2.3860     0.0191
    2.3870     0.0178
    2.3880     0.0164
    2.3890     0.0150
    2.3900     0.0137
    2.3910     0.0123
    2.3920     0.0110
    2.3930     0.0096
    2.3940     0.0082
    2.3950     0.0069
    2.3960     0.0055
    2.3970     0.0041
    2.3980     0.0028
    2.3990     0.0014
