148    tm5:Band2
    0.5010     0.0007
    0.5020     0.0021
    0.5030     0.0036
    0.5040     0.0072
    0.5050     0.0098
    0.5060     0.0125
    0.5070     0.0152
    0.5080     0.0179
    0.5090     0.0206
    0.5100     0.0233
    0.5110     0.0261
    0.5120     0.0290
    0.5130     0.0318
    0.5140     0.0347
    0.5150     0.0377
    0.5160     0.0544
    0.5170     0.0713
    0.5180     0.0982
    0.5190     0.1297
    0.5200     0.1635
    0.5210     0.2055
    0.5220     0.2479
    0.5230     0.2908
    0.5240     0.3341
    0.5250     0.3779
    0.5260     0.4190
    0.5270     0.4593
    0.5280     0.4999
    0.5290     0.5409
    0.5300     0.5718
    0.5310     0.5967
    0.5320     0.6142
    0.5330     0.6286
    0.5340     0.6431
    0.5350     0.6578
    0.5360     0.6722
    0.5370     0.6868
    0.5380     0.7015
    0.5390     0.7163
    0.5400     0.7312
    0.5410     0.7416
    0.5420     0.7520
    0.5430     0.7625
    0.5440     0.7730
    0.5450     0.7836
    0.5460     0.7941
    0.5470     0.8047
    0.5480     0.8153
    0.5490     0.8260
    0.5500     0.8367
    0.5510     0.8425
    0.5520     0.8483
    0.5530     0.8541
    0.5540     0.8594
    0.5550     0.8646
    0.5560     0.8695
    0.5570     0.8743
    0.5580     0.8792
    0.5590     0.8841
    0.5600     0.8890
    0.5610     0.8937
    0.5620     0.8983
    0.5630     0.9029
    0.5640     0.9044
    0.5650     0.9044
    0.5660     0.9050
    0.5670     0.9056
    0.5680     0.9063
    0.5690     0.9068
    0.5700     0.9074
    0.5710     0.9073
    0.5720     0.9072
    0.5730     0.9070
    0.5740     0.9069
    0.5750     0.9067
    0.5760     0.9057
    0.5770     0.9047
    0.5780     0.9073
    0.5790     0.9098
    0.5800     0.9124
    0.5810     0.9155
    0.5820     0.9186
    0.5830     0.9218
    0.5840     0.9392
    0.5850     0.9500
    0.5860     0.9591
    0.5870     0.9683
    0.5880     0.9768
    0.5890     0.9819
    0.5900     0.9871
    0.5910     0.9913
    0.5920     0.9967
    0.5930     0.9999
    0.5940     1.0000
    0.5950     0.9978
    0.5960     0.9961
    0.5970     0.9920
    0.5980     0.9757
    0.5990     0.9592
    0.6000     0.9428
    0.6010     0.9199
    0.6020     0.8870
    0.6030     0.8540
    0.6040     0.8210
    0.6050     0.7878
    0.6060     0.7387
    0.6070     0.6647
    0.6080     0.5901
    0.6090     0.5153
    0.6100     0.4616
    0.6110     0.4083
    0.6120     0.3547
    0.6130     0.3007
    0.6140     0.2464
    0.6150     0.2039
    0.6160     0.1796
    0.6170     0.1552
    0.6180     0.1306
    0.6190     0.1072
    0.6200     0.0969
    0.6210     0.0865
    0.6220     0.0760
    0.6230     0.0655
    0.6240     0.0549
    0.6250     0.0517
    0.6260     0.0485
    0.6270     0.0454
    0.6280     0.0422
    0.6290     0.0389
    0.6300     0.0357
    0.6310     0.0324
    0.6320     0.0292
    0.6330     0.0259
    0.6340     0.0226
    0.6350     0.0207
    0.6360     0.0189
    0.6370     0.0171
    0.6380     0.0152
    0.6390     0.0133
    0.6400     0.0115
    0.6410     0.0103
    0.6420     0.0092
    0.6430     0.0081
    0.6440     0.0058
    0.6450     0.0046
    0.6460     0.0035
    0.6470     0.0023
    0.6480     0.0012
