141    tm5:Band1
    0.4200     0.0007
    0.4210     0.0008
    0.4220     0.0008
    0.4230     0.0009
    0.4240     0.0009
    0.4250     0.0010
    0.4260     0.0013
    0.4270     0.0016
    0.4280     0.0020
    0.4290     0.0023
    0.4300     0.0027
    0.4310     0.0042
    0.4320     0.0060
    0.4330     0.0086
    0.4340     0.0113
    0.4350     0.0141
    0.4360     0.0170
    0.4370     0.0216
    0.4380     0.0268
    0.4390     0.0321
    0.4400     0.0370
    0.4410     0.0420
    0.4420     0.0471
    0.4430     0.0524
    0.4440     0.0577
    0.4450     0.0633
    0.4460     0.0746
    0.4470     0.1097
    0.4480     0.1564
    0.4490     0.2483
    0.4500     0.3391
    0.4510     0.4058
    0.4520     0.4741
    0.4530     0.5366
    0.4540     0.5856
    0.4550     0.6667
    0.4560     0.6880
    0.4570     0.6993
    0.4580     0.7095
    0.4590     0.7165
    0.4600     0.7200
    0.4610     0.7326
    0.4620     0.7454
    0.4630     0.7583
    0.4640     0.7714
    0.4650     0.7847
    0.4660     0.7924
    0.4670     0.8002
    0.4680     0.8080
    0.4690     0.8156
    0.4700     0.8206
    0.4710     0.8257
    0.4720     0.8308
    0.4730     0.8359
    0.4740     0.8421
    0.4750     0.8526
    0.4760     0.8624
    0.4770     0.8724
    0.4780     0.8824
    0.4790     0.8925
    0.4800     0.9026
    0.4810     0.9069
    0.4820     0.9111
    0.4830     0.9154
    0.4840     0.9196
    0.4850     0.9238
    0.4860     0.9285
    0.4870     0.9332
    0.4880     0.9379
    0.4890     0.9425
    0.4900     0.9472
    0.4910     0.9548
    0.4920     0.9623
    0.4930     0.9698
    0.4940     0.9761
    0.4950     0.9775
    0.4960     0.9788
    0.4970     0.9802
    0.4980     0.9815
    0.4990     0.9837
    0.5000     0.9891
    0.5010     0.9935
    0.5020     0.9978
    0.5030     1.0000
    0.5040     0.9952
    0.5050     0.9828
    0.5060     0.9524
    0.5070     0.9219
    0.5080     0.8914
    0.5090     0.8607
    0.5100     0.8293
    0.5110     0.8021
    0.5120     0.7877
    0.5130     0.7732
    0.5140     0.7565
    0.5150     0.7339
    0.5160     0.6859
    0.5170     0.5784
    0.5180     0.4813
    0.5190     0.4002
    0.5200     0.3187
    0.5210     0.2367
    0.5220     0.1324
    0.5230     0.1018
    0.5240     0.0911
    0.5250     0.0804
    0.5260     0.0696
    0.5270     0.0588
    0.5280     0.0532
    0.5290     0.0498
    0.5300     0.0465
    0.5310     0.0431
    0.5320     0.0397
    0.5330     0.0364
    0.5340     0.0330
    0.5350     0.0296
    0.5360     0.0261
    0.5370     0.0227
    0.5380     0.0205
    0.5390     0.0184
    0.5400     0.0162
    0.5410     0.0140
    0.5420     0.0119
    0.5430     0.0105
    0.5440     0.0093
    0.5450     0.0081
    0.5460     0.0069
    0.5470     0.0058
    0.5480     0.0056
    0.5490     0.0054
    0.5500     0.0052
    0.5510     0.0050
    0.5520     0.0048
    0.5530     0.0046
    0.5540     0.0044
    0.5550     0.0042
    0.5560     0.0040
    0.5570     0.0038
    0.5580     0.0036
    0.5590     0.0033
    0.5600     0.0031
