165    tm5:Band3
    0.5760     0.0017
    0.5770     0.0017
    0.5780     0.0017
    0.5790     0.0018
    0.5800     0.0018
    0.5810     0.0019
    0.5820     0.0019
    0.5830     0.0020
    0.5840     0.0020
    0.5850     0.0020
    0.5860     0.0021
    0.5870     0.0021
    0.5880     0.0022
    0.5890     0.0022
    0.5900     0.0023
    0.5910     0.0026
    0.5920     0.0029
    0.5930     0.0032
    0.5940     0.0035
    0.5950     0.0039
    0.5960     0.0046
    0.5970     0.0054
    0.5980     0.0062
    0.5990     0.0070
    0.6000     0.0079
    0.6010     0.0101
    0.6020     0.0123
    0.6030     0.0146
    0.6040     0.0173
    0.6050     0.0205
    0.6060     0.0238
    0.6070     0.0272
    0.6080     0.0306
    0.6090     0.0340
    0.6100     0.0375
    0.6110     0.0409
    0.6120     0.0555
    0.6130     0.0730
    0.6140     0.0906
    0.6150     0.1082
    0.6160     0.1262
    0.6170     0.1444
    0.6180     0.1626
    0.6190     0.2169
    0.6200     0.2958
    0.6210     0.3759
    0.6220     0.4086
    0.6230     0.4293
    0.6240     0.4503
    0.6250     0.4715
    0.6260     0.4923
    0.6270     0.5132
    0.6280     0.5343
    0.6290     0.5555
    0.6300     0.5774
    0.6310     0.6031
    0.6320     0.6374
    0.6330     0.6848
    0.6340     0.7325
    0.6350     0.7482
    0.6360     0.7642
    0.6370     0.7802
    0.6380     0.7947
    0.6390     0.8065
    0.6400     0.8184
    0.6410     0.8304
    0.6420     0.8424
    0.6430     0.8545
    0.6440     0.8614
    0.6450     0.8678
    0.6460     0.8743
    0.6470     0.8809
    0.6480     0.8875
    0.6490     0.8971
    0.6500     0.9008
    0.6510     0.9017
    0.6520     0.9026
    0.6530     0.9035
    0.6540     0.9044
    0.6550     0.9052
    0.6560     0.9055
    0.6570     0.9058
    0.6580     0.9060
    0.6590     0.9062
    0.6600     0.9064
    0.6610     0.9104
    0.6620     0.9143
    0.6630     0.9195
    0.6640     0.9266
    0.6650     0.9338
    0.6660     0.9412
    0.6670     0.9488
    0.6680     0.9563
    0.6690     0.9640
    0.6700     0.9699
    0.6710     0.9749
    0.6720     0.9799
    0.6730     0.9847
    0.6740     0.9895
    0.6750     0.9932
    0.6760     0.9966
    0.6770     1.0000
    0.6780     0.9995
    0.6790     0.9989
    0.6800     0.9983
    0.6810     0.9784
    0.6820     0.9806
    0.6830     0.9827
    0.6840     0.9732
    0.6850     0.9558
    0.6860     0.9384
    0.6870     0.9209
    0.6880     0.8850
    0.6890     0.8364
    0.6900     0.7874
    0.6910     0.7000
    0.6920     0.6052
    0.6930     0.5144
    0.6940     0.4413
    0.6950     0.3678
    0.6960     0.2942
    0.6970     0.2277
    0.6980     0.1916
    0.6990     0.1552
    0.7000     0.1186
    0.7010     0.1079
    0.7020     0.0972
    0.7030     0.0864
    0.7040     0.0756
    0.7050     0.0646
    0.7060     0.0584
    0.7070     0.0555
    0.7080     0.0525
    0.7090     0.0494
    0.7100     0.0464
    0.7110     0.0433
    0.7120     0.0402
    0.7130     0.0371
    0.7140     0.0340
    0.7150     0.0309
    0.7160     0.0277
    0.7170     0.0246
    0.7180     0.0230
    0.7190     0.0215
    0.7200     0.0200
    0.7210     0.0185
    0.7220     0.0169
    0.7230     0.0154
    0.7240     0.0139
    0.7250     0.0123
    0.7260     0.0111
    0.7270     0.0099
    0.7280     0.0087
    0.7290     0.0074
    0.7300     0.0062
    0.7310     0.0059
    0.7320     0.0056
    0.7330     0.0053
    0.7340     0.0050
    0.7350     0.0047
    0.7360     0.0044
    0.7370     0.0040
    0.7380     0.0037
    0.7390     0.0034
    0.7400     0.0031
