2891    tm5:Band7
    10.000    0.00600
    10.001    0.00625
    10.002    0.00646
    10.003    0.00663
    10.004    0.00676
    10.005    0.00686
    10.006    0.00693
    10.007    0.00697
    10.008    0.00699
    10.009    0.00700
    10.010    0.00700
    10.011    0.00699
    10.012    0.00698
    10.013    0.00696
    10.014    0.00694
    10.015    0.00693
    10.016    0.00692
    10.017    0.00692
    10.018    0.00693
    10.019    0.00696
    10.020    0.00700
    10.021    0.00706
    10.022    0.00713
    10.023    0.00722
    10.024    0.00732
    10.025    0.00743
    10.026    0.00754
    10.027    0.00765
    10.028    0.00777
    10.029    0.00789
    10.030    0.00800
    10.031    0.00811
    10.032    0.00821
    10.033    0.00831
    10.034    0.00840
    10.035    0.00850
    10.036    0.00859
    10.037    0.00869
    10.038    0.00879
    10.039    0.00889
    10.040    0.00900
    10.041    0.00912
    10.042    0.00924
    10.043    0.00936
    10.044    0.00948
    10.045    0.00959
    10.046    0.00970
    10.047    0.00980
    10.048    0.00988
    10.049    0.00995
    10.050    0.01000
    10.051    0.01003
    10.052    0.01004
    10.053    0.01003
    10.054    0.01002
    10.055    0.01000
    10.056    0.00998
    10.057    0.00997
    10.058    0.00997
    10.059    0.00997
    10.060    0.01000
    10.061    0.01005
    10.062    0.01011
    10.063    0.01020
    10.064    0.01029
    10.065    0.01040
    10.066    0.01052
    10.067    0.01064
    10.068    0.01076
    10.069    0.01088
    10.070    0.01100
    10.071    0.01111
    10.072    0.01122
    10.073    0.01133
    10.074    0.01143
    10.075    0.01152
    10.076    0.01162
    10.077    0.01171
    10.078    0.01181
    10.079    0.01190
    10.080    0.01200
    10.081    0.01210
    10.082    0.01220
    10.083    0.01230
    10.084    0.01240
    10.085    0.01250
    10.086    0.01261
    10.087    0.01271
    10.088    0.01281
    10.089    0.01290
    10.090    0.01300
    10.091    0.01309
    10.092    0.01318
    10.093    0.01327
    10.094    0.01337
    10.095    0.01346
    10.096    0.01355
    10.097    0.01366
    10.098    0.01376
    10.099    0.01388
    10.100    0.01400
    10.101    0.01413
    10.102    0.01427
    10.103    0.01442
    10.104    0.01457
    10.105    0.01473
    10.106    0.01490
    10.107    0.01506
    10.108    0.01523
    10.109    0.01540
    10.110    0.01557
    10.111    0.01574
    10.112    0.01590
    10.113    0.01606
    10.114    0.01622
    10.115    0.01637
    10.116    0.01652
    10.117    0.01665
    10.118    0.01678
    10.119    0.01689
    10.120    0.01700
    10.121    0.01709
    10.122    0.01718
    10.123    0.01726
    10.124    0.01734
    10.125    0.01742
    10.126    0.01751
    10.127    0.01761
    10.128    0.01772
    10.129    0.01785
    10.130    0.01800
    10.131    0.01818
    10.132    0.01837
    10.133    0.01858
    10.134    0.01880
    10.135    0.01902
    10.136    0.01924
    10.137    0.01946
    10.138    0.01966
    10.139    0.01984
    10.140    0.02000
    10.141    0.02013
    10.142    0.02024
    10.143    0.02034
    10.144    0.02042
    10.145    0.02049
    10.146    0.02057
    10.147    0.02065
    10.148    0.02075
    10.149    0.02086
    10.150    0.02100
    10.151    0.02116
    10.152    0.02135
    10.153    0.02156
    10.154    0.02178
    10.155    0.02200
    10.156    0.02222
    10.157    0.02244
    10.158    0.02265
    10.159    0.02284
    10.160    0.02300
    10.161    0.02314
    10.162    0.02325
    10.163    0.02334
    10.164    0.02343
    10.165    0.02350
    10.166    0.02358
    10.167    0.02366
    10.168    0.02376
    10.169    0.02387
    10.170    0.02400
    10.171    0.02416
    10.172    0.02434
    10.173    0.02455
    10.174    0.02476
    10.175    0.02498
    10.176    0.02521
    10.177    0.02542
    10.178    0.02563
    10.179    0.02583
    10.180    0.02600
    10.181    0.02615
    10.182    0.02628
    10.183    0.02638
    10.184    0.02648
    10.185    0.02657
    10.186    0.02665
    10.187    0.02673
    10.188    0.02681
    10.189    0.02690
    10.190    0.02700
    10.191    0.02712
    10.192    0.02725
    10.193    0.02740
    10.194    0.02757
    10.195    0.02776
    10.196    0.02796
    10.197    0.02819
    10.198    0.02844
    10.199    0.02871
    10.200    0.02900
    10.201    0.02932
    10.202    0.02965
    10.203    0.03001
    10.204    0.03039
    10.205    0.03079
    10.206    0.03120
    10.207    0.03163
    10.208    0.03208
    10.209    0.03253
    10.210    0.03300
    10.211    0.03348
    10.212    0.03396
    10.213    0.03446
    10.214    0.03496
    10.215    0.03546
    10.216    0.03597
    10.217    0.03648
    10.218    0.03699
    10.219    0.03750
    10.220    0.03800
    10.221    0.03850
    10.222    0.03900
    10.223    0.03950
    10.224    0.03999
    10.225    0.04049
    10.226    0.04098
    10.227    0.04148
    10.228    0.04198
    10.229    0.04249
    10.230    0.04300
    10.231    0.04352
    10.232    0.04404
    10.233    0.04456
    10.234    0.04508
    10.235    0.04560
    10.236    0.04610
    10.237    0.04660
    10.238    0.04708
    10.239    0.04755
    10.240    0.04800
    10.241    0.04843
    10.242    0.04884
    10.243    0.04923
    10.244    0.04962
    10.245    0.05000
    10.246    0.05039
    10.247    0.05077
    10.248    0.05117
    10.249    0.05157
    10.250    0.05200
    10.251    0.05245
    10.252    0.05291
    10.253    0.05339
    10.254    0.05389
    10.255    0.05439
    10.256    0.05491
    10.257    0.05543
    10.258    0.05595
    10.259    0.05648
    10.260    0.05700
    10.261    0.05752
    10.262    0.05804
    10.263    0.05855
    10.264    0.05905
    10.265    0.05956
    10.266    0.06005
    10.267    0.06055
    10.268    0.06104
    10.269    0.06152
    10.270    0.06200
    10.271    0.06248
    10.272    0.06295
    10.273    0.06342
    10.274    0.06390
    10.275    0.06439
    10.276    0.06488
    10.277    0.06539
    10.278    0.06591
    10.279    0.06644
    10.280    0.06700
    10.281    0.06758
    10.282    0.06817
    10.283    0.06876
    10.284    0.06934
    10.285    0.06990
    10.286    0.07042
    10.287    0.07091
    10.288    0.07134
    10.289    0.07171
    10.290    0.07200
    10.291    0.07222
    10.292    0.07239
    10.293    0.07255
    10.294    0.07275
    10.295    0.07303
    10.296    0.07343
    10.297    0.07398
    10.298    0.07474
    10.299    0.07573
    10.300    0.07700
    10.301    0.07858
    10.302    0.08044
    10.303    0.08255
    10.304    0.08487
    10.305    0.08735
    10.306    0.08997
    10.307    0.09268
    10.308    0.09545
    10.309    0.09823
    10.310    0.10100
    10.311    0.10372
    10.312    0.10638
    10.313    0.10899
    10.314    0.11156
    10.315    0.11409
    10.316    0.11658
    10.317    0.11904
    10.318    0.12148
    10.319    0.12389
    10.320    0.12628
    10.321    0.12865
    10.322    0.13101
    10.323    0.13337
    10.324    0.13572
    10.325    0.13807
    10.326    0.14043
    10.327    0.14280
    10.328    0.14518
    10.329    0.14758
    10.330    0.15000
    10.331    0.15245
    10.332    0.15492
    10.333    0.15740
    10.334    0.15990
    10.335    0.16242
    10.336    0.16493
    10.337    0.16746
    10.338    0.16998
    10.339    0.17249
    10.340    0.17500
    10.341    0.17750
    10.342    0.17998
    10.343    0.18246
    10.344    0.18494
    10.345    0.18742
    10.346    0.18991
    10.347    0.19241
    10.348    0.19492
    10.349    0.19745
    10.350    0.20000
    10.351    0.20257
    10.352    0.20517
    10.353    0.20777
    10.354    0.21039
    10.355    0.21301
    10.356    0.21563
    10.357    0.21824
    10.358    0.22085
    10.359    0.22343
    10.360    0.22600
    10.361    0.22854
    10.362    0.23106
    10.363    0.23356
    10.364    0.23605
    10.365    0.23854
    10.366    0.24102
    10.367    0.24350
    10.368    0.24599
    10.369    0.24848
    10.370    0.25100
    10.371    0.25353
    10.372    0.25609
    10.373    0.25866
    10.374    0.26125
    10.375    0.26385
    10.376    0.26646
    10.377    0.26908
    10.378    0.27172
    10.379    0.27436
    10.380    0.27700
    10.381    0.27965
    10.382    0.28230
    10.383    0.28494
    10.384    0.28758
    10.385    0.29020
    10.386    0.29281
    10.387    0.29540
    10.388    0.29796
    10.389    0.30050
    10.390    0.30300
    10.391    0.30547
    10.392    0.30792
    10.393    0.31038
    10.394    0.31285
    10.395    0.31535
    10.396    0.31791
    10.397    0.32053
    10.398    0.32324
    10.399    0.32606
    10.400    0.32900
    10.401    0.33207
    10.402    0.33527
    10.403    0.33857
    10.404    0.34195
    10.405    0.34540
    10.406    0.34889
    10.407    0.35242
    10.408    0.35596
    10.409    0.35949
    10.410    0.36300
    10.411    0.36647
    10.412    0.36990
    10.413    0.37331
    10.414    0.37669
    10.415    0.38006
    10.416    0.38343
    10.417    0.38680
    10.418    0.39018
    10.419    0.39358
    10.420    0.39700
    10.421    0.40046
    10.422    0.40394
    10.423    0.40744
    10.424    0.41096
    10.425    0.41448
    10.426    0.41801
    10.427    0.42153
    10.428    0.42504
    10.429    0.42853
    10.430    0.43200
    10.431    0.43544
    10.432    0.43885
    10.433    0.44225
    10.434    0.44563
    10.435    0.44901
    10.436    0.45238
    10.437    0.45576
    10.438    0.45915
    10.439    0.46257
    10.440    0.46600
    10.441    0.46946
    10.442    0.47295
    10.443    0.47645
    10.444    0.47997
    10.445    0.48350
    10.446    0.48702
    10.447    0.49054
    10.448    0.49404
    10.449    0.49753
    10.450    0.50100
    10.451    0.50444
    10.452    0.50785
    10.453    0.51125
    10.454    0.51463
    10.455    0.51801
    10.456    0.52139
    10.457    0.52477
    10.458    0.52816
    10.459    0.53157
    10.460    0.53500
    10.461    0.53846
    10.462    0.54193
    10.463    0.54543
    10.464    0.54894
    10.465    0.55245
    10.466    0.55597
    10.467    0.55949
    10.468    0.56301
    10.469    0.56651
    10.470    0.57000
    10.471    0.57347
    10.472    0.57692
    10.473    0.58035
    10.474    0.58377
    10.475    0.58717
    10.476    0.59056
    10.477    0.59394
    10.478    0.59730
    10.479    0.60065
    10.480    0.60400
    10.481    0.60734
    10.482    0.61068
    10.483    0.61404
    10.484    0.61743
    10.485    0.62086
    10.486    0.62434
    10.487    0.62788
    10.488    0.63150
    10.489    0.63520
    10.490    0.63900
    10.491    0.64290
    10.492    0.64685
    10.493    0.65081
    10.494    0.65471
    10.495    0.65851
    10.496    0.66215
    10.497    0.66557
    10.498    0.66872
    10.499    0.67155
    10.500    0.67400
    10.501    0.67604
    10.502    0.67770
    10.503    0.67904
    10.504    0.68011
    10.505    0.68097
    10.506    0.68167
    10.507    0.68227
    10.508    0.68282
    10.509    0.68338
    10.510    0.68400
    10.511    0.68473
    10.512    0.68555
    10.513    0.68646
    10.514    0.68745
    10.515    0.68849
    10.516    0.68957
    10.517    0.69068
    10.518    0.69179
    10.519    0.69291
    10.520    0.69400
    10.521    0.69506
    10.522    0.69609
    10.523    0.69710
    10.524    0.69810
    10.525    0.69908
    10.526    0.70005
    10.527    0.70102
    10.528    0.70200
    10.529    0.70299
    10.530    0.70400
    10.531    0.70503
    10.532    0.70608
    10.533    0.70715
    10.534    0.70823
    10.535    0.70933
    10.536    0.71045
    10.537    0.71157
    10.538    0.71271
    10.539    0.71385
    10.540    0.71500
    10.541    0.71615
    10.542    0.71731
    10.543    0.71847
    10.544    0.71963
    10.545    0.72080
    10.546    0.72197
    10.547    0.72314
    10.548    0.72430
    10.549    0.72547
    10.550    0.72664
    10.551    0.72781
    10.552    0.72897
    10.553    0.73014
    10.554    0.73130
    10.555    0.73246
    10.556    0.73361
    10.557    0.73476
    10.558    0.73591
    10.559    0.73705
    10.560    0.73818
    10.561    0.73931
    10.562    0.74043
    10.563    0.74155
    10.564    0.74265
    10.565    0.74375
    10.566    0.74484
    10.567    0.74592
    10.568    0.74699
    10.569    0.74805
    10.570    0.74910
    10.571    0.75014
    10.572    0.75116
    10.573    0.75218
    10.574    0.75318
    10.575    0.75417
    10.576    0.75514
    10.577    0.75610
    10.578    0.75704
    10.579    0.75797
    10.580    0.75888
    10.581    0.75978
    10.582    0.76065
    10.583    0.76151
    10.584    0.76236
    10.585    0.76318
    10.586    0.76398
    10.587    0.76477
    10.588    0.76553
    10.589    0.76628
    10.590    0.76700
    10.591    0.76770
    10.592    0.76838
    10.593    0.76904
    10.594    0.76968
    10.595    0.77029
    10.596    0.77089
    10.597    0.77147
    10.598    0.77203
    10.599    0.77257
    10.600    0.77309
    10.601    0.77359
    10.602    0.77408
    10.603    0.77454
    10.604    0.77499
    10.605    0.77543
    10.606    0.77585
    10.607    0.77625
    10.608    0.77664
    10.609    0.77701
    10.610    0.77736
    10.611    0.77771
    10.612    0.77803
    10.613    0.77835
    10.614    0.77865
    10.615    0.77894
    10.616    0.77921
    10.617    0.77948
    10.618    0.77973
    10.619    0.77997
    10.620    0.78020
    10.621    0.78041
    10.622    0.78062
    10.623    0.78082
    10.624    0.78101
    10.625    0.78118
    10.626    0.78135
    10.627    0.78152
    10.628    0.78167
    10.629    0.78181
    10.630    0.78195
    10.631    0.78208
    10.632    0.78221
    10.633    0.78232
    10.634    0.78244
    10.635    0.78254
    10.636    0.78264
    10.637    0.78274
    10.638    0.78283
    10.639    0.78292
    10.640    0.78300
    10.641    0.78308
    10.642    0.78316
    10.643    0.78323
    10.644    0.78330
    10.645    0.78337
    10.646    0.78344
    10.647    0.78350
    10.648    0.78357
    10.649    0.78363
    10.650    0.78369
    10.651    0.78375
    10.652    0.78381
    10.653    0.78387
    10.654    0.78393
    10.655    0.78399
    10.656    0.78405
    10.657    0.78411
    10.658    0.78417
    10.659    0.78423
    10.660    0.78430
    10.661    0.78436
    10.662    0.78443
    10.663    0.78450
    10.664    0.78457
    10.665    0.78465
    10.666    0.78473
    10.667    0.78481
    10.668    0.78489
    10.669    0.78498
    10.670    0.78508
    10.671    0.78517
    10.672    0.78527
    10.673    0.78538
    10.674    0.78549
    10.675    0.78561
    10.676    0.78573
    10.677    0.78586
    10.678    0.78599
    10.679    0.78613
    10.680    0.78628
    10.681    0.78644
    10.682    0.78660
    10.683    0.78677
    10.684    0.78694
    10.685    0.78713
    10.686    0.78732
    10.687    0.78752
    10.688    0.78773
    10.689    0.78794
    10.690    0.78817
    10.691    0.78841
    10.692    0.78865
    10.693    0.78891
    10.694    0.78918
    10.695    0.78945
    10.696    0.78974
    10.697    0.79004
    10.698    0.79035
    10.699    0.79067
    10.700    0.79100
    10.701    0.79134
    10.702    0.79170
    10.703    0.79207
    10.704    0.79245
    10.705    0.79283
    10.706    0.79323
    10.707    0.79364
    10.708    0.79406
    10.709    0.79449
    10.710    0.79493
    10.711    0.79537
    10.712    0.79583
    10.713    0.79629
    10.714    0.79676
    10.715    0.79723
    10.716    0.79772
    10.717    0.79821
    10.718    0.79871
    10.719    0.79921
    10.720    0.79972
    10.721    0.80023
    10.722    0.80075
    10.723    0.80127
    10.724    0.80180
    10.725    0.80233
    10.726    0.80287
    10.727    0.80341
    10.728    0.80395
    10.729    0.80450
    10.730    0.80505
    10.731    0.80560
    10.732    0.80615
    10.733    0.80670
    10.734    0.80725
    10.735    0.80781
    10.736    0.80836
    10.737    0.80892
    10.738    0.80947
    10.739    0.81003
    10.740    0.81058
    10.741    0.81114
    10.742    0.81169
    10.743    0.81224
    10.744    0.81278
    10.745    0.81333
    10.746    0.81387
    10.747    0.81441
    10.748    0.81494
    10.749    0.81547
    10.750    0.81600
    10.751    0.81652
    10.752    0.81704
    10.753    0.81755
    10.754    0.81807
    10.755    0.81857
    10.756    0.81908
    10.757    0.81958
    10.758    0.82007
    10.759    0.82057
    10.760    0.82106
    10.761    0.82155
    10.762    0.82203
    10.763    0.82252
    10.764    0.82300
    10.765    0.82348
    10.766    0.82396
    10.767    0.82444
    10.768    0.82492
    10.769    0.82540
    10.770    0.82588
    10.771    0.82635
    10.772    0.82683
    10.773    0.82731
    10.774    0.82778
    10.775    0.82826
    10.776    0.82874
    10.777    0.82922
    10.778    0.82970
    10.779    0.83018
    10.780    0.83067
    10.781    0.83115
    10.782    0.83164
    10.783    0.83213
    10.784    0.83262
    10.785    0.83312
    10.786    0.83361
    10.787    0.83411
    10.788    0.83462
    10.789    0.83513
    10.790    0.83564
    10.791    0.83615
    10.792    0.83667
    10.793    0.83720
    10.794    0.83772
    10.795    0.83826
    10.796    0.83879
    10.797    0.83934
    10.798    0.83989
    10.799    0.84044
    10.800    0.84100
    10.801    0.84157
    10.802    0.84214
    10.803    0.84271
    10.804    0.84330
    10.805    0.84389
    10.806    0.84448
    10.807    0.84508
    10.808    0.84568
    10.809    0.84629
    10.810    0.84691
    10.811    0.84753
    10.812    0.84815
    10.813    0.84878
    10.814    0.84941
    10.815    0.85005
    10.816    0.85069
    10.817    0.85133
    10.818    0.85198
    10.819    0.85263
    10.820    0.85329
    10.821    0.85395
    10.822    0.85461
    10.823    0.85528
    10.824    0.85595
    10.825    0.85662
    10.826    0.85729
    10.827    0.85797
    10.828    0.85865
    10.829    0.85933
    10.830    0.86002
    10.831    0.86070
    10.832    0.86139
    10.833    0.86208
    10.834    0.86278
    10.835    0.86347
    10.836    0.86417
    10.837    0.86486
    10.838    0.86556
    10.839    0.86626
    10.840    0.86696
    10.841    0.86766
    10.842    0.86837
    10.843    0.86907
    10.844    0.86977
    10.845    0.87048
    10.846    0.87118
    10.847    0.87189
    10.848    0.87259
    10.849    0.87330
    10.850    0.87400
    10.851    0.87470
    10.852    0.87541
    10.853    0.87611
    10.854    0.87681
    10.855    0.87751
    10.856    0.87822
    10.857    0.87892
    10.858    0.87962
    10.859    0.88032
    10.860    0.88102
    10.861    0.88171
    10.862    0.88241
    10.863    0.88311
    10.864    0.88380
    10.865    0.88450
    10.866    0.88519
    10.867    0.88589
    10.868    0.88658
    10.869    0.88727
    10.870    0.88796
    10.871    0.88865
    10.872    0.88934
    10.873    0.89002
    10.874    0.89071
    10.875    0.89139
    10.876    0.89208
    10.877    0.89276
    10.878    0.89344
    10.879    0.89412
    10.880    0.89480
    10.881    0.89547
    10.882    0.89615
    10.883    0.89682
    10.884    0.89749
    10.885    0.89816
    10.886    0.89883
    10.887    0.89950
    10.888    0.90016
    10.889    0.90083
    10.890    0.90149
    10.891    0.90215
    10.892    0.90281
    10.893    0.90346
    10.894    0.90412
    10.895    0.90477
    10.896    0.90542
    10.897    0.90607
    10.898    0.90671
    10.899    0.90736
    10.900    0.90800
    10.901    0.90864
    10.902    0.90928
    10.903    0.90991
    10.904    0.91055
    10.905    0.91118
    10.906    0.91181
    10.907    0.91244
    10.908    0.91307
    10.909    0.91370
    10.910    0.91433
    10.911    0.91496
    10.912    0.91559
    10.913    0.91622
    10.914    0.91684
    10.915    0.91747
    10.916    0.91810
    10.917    0.91873
    10.918    0.91936
    10.919    0.91999
    10.920    0.92062
    10.921    0.92126
    10.922    0.92189
    10.923    0.92253
    10.924    0.92317
    10.925    0.92381
    10.926    0.92445
    10.927    0.92510
    10.928    0.92574
    10.929    0.92639
    10.930    0.92705
    10.931    0.92770
    10.932    0.92836
    10.933    0.92903
    10.934    0.92969
    10.935    0.93037
    10.936    0.93104
    10.937    0.93172
    10.938    0.93240
    10.939    0.93309
    10.940    0.93378
    10.941    0.93448
    10.942    0.93518
    10.943    0.93589
    10.944    0.93660
    10.945    0.93732
    10.946    0.93804
    10.947    0.93877
    10.948    0.93951
    10.949    0.94025
    10.950    0.94100
    10.951    0.94176
    10.952    0.94252
    10.953    0.94328
    10.954    0.94405
    10.955    0.94483
    10.956    0.94561
    10.957    0.94639
    10.958    0.94718
    10.959    0.94796
    10.960    0.94875
    10.961    0.94954
    10.962    0.95033
    10.963    0.95112
    10.964    0.95191
    10.965    0.95270
    10.966    0.95349
    10.967    0.95427
    10.968    0.95505
    10.969    0.95583
    10.970    0.95660
    10.971    0.95737
    10.972    0.95813
    10.973    0.95888
    10.974    0.95963
    10.975    0.96038
    10.976    0.96111
    10.977    0.96184
    10.978    0.96256
    10.979    0.96327
    10.980    0.96397
    10.981    0.96465
    10.982    0.96533
    10.983    0.96600
    10.984    0.96665
    10.985    0.96729
    10.986    0.96792
    10.987    0.96854
    10.988    0.96913
    10.989    0.96972
    10.990    0.97029
    10.991    0.97084
    10.992    0.97138
    10.993    0.97190
    10.994    0.97240
    10.995    0.97288
    10.996    0.97335
    10.997    0.97379
    10.998    0.97421
    10.999    0.97462
    11.000    0.97500
    11.001    0.97536
    11.002    0.97570
    11.003    0.97602
    11.004    0.97632
    11.005    0.97660
    11.006    0.97686
    11.007    0.97710
    11.008    0.97733
    11.009    0.97754
    11.010    0.97773
    11.011    0.97790
    11.012    0.97807
    11.013    0.97821
    11.014    0.97834
    11.015    0.97846
    11.016    0.97857
    11.017    0.97867
    11.018    0.97875
    11.019    0.97882
    11.020    0.97888
    11.021    0.97894
    11.022    0.97898
    11.023    0.97901
    11.024    0.97904
    11.025    0.97906
    11.026    0.97908
    11.027    0.97908
    11.028    0.97909
    11.029    0.97908
    11.030    0.97908
    11.031    0.97907
    11.032    0.97905
    11.033    0.97904
    11.034    0.97902
    11.035    0.97900
    11.036    0.97898
    11.037    0.97896
    11.038    0.97894
    11.039    0.97893
    11.040    0.97891
    11.041    0.97890
    11.042    0.97889
    11.043    0.97888
    11.044    0.97888
    11.045    0.97889
    11.046    0.97890
    11.047    0.97891
    11.048    0.97893
    11.049    0.97896
    11.050    0.97900
    11.051    0.97905
    11.052    0.97910
    11.053    0.97916
    11.054    0.97923
    11.055    0.97931
    11.056    0.97939
    11.057    0.97948
    11.058    0.97957
    11.059    0.97967
    11.060    0.97978
    11.061    0.97988
    11.062    0.98000
    11.063    0.98011
    11.064    0.98023
    11.065    0.98035
    11.066    0.98048
    11.067    0.98060
    11.068    0.98073
    11.069    0.98086
    11.070    0.98099
    11.071    0.98112
    11.072    0.98125
    11.073    0.98137
    11.074    0.98150
    11.075    0.98163
    11.076    0.98175
    11.077    0.98187
    11.078    0.98199
    11.079    0.98210
    11.080    0.98221
    11.081    0.98232
    11.082    0.98242
    11.083    0.98252
    11.084    0.98261
    11.085    0.98270
    11.086    0.98278
    11.087    0.98285
    11.088    0.98292
    11.089    0.98297
    11.090    0.98302
    11.091    0.98307
    11.092    0.98310
    11.093    0.98312
    11.094    0.98314
    11.095    0.98314
    11.096    0.98314
    11.097    0.98312
    11.098    0.98309
    11.099    0.98305
    11.100    0.98300
    11.101    0.98294
    11.102    0.98286
    11.103    0.98277
    11.104    0.98267
    11.105    0.98256
    11.106    0.98243
    11.107    0.98230
    11.108    0.98215
    11.109    0.98199
    11.110    0.98182
    11.111    0.98164
    11.112    0.98146
    11.113    0.98126
    11.114    0.98105
    11.115    0.98083
    11.116    0.98061
    11.117    0.98037
    11.118    0.98012
    11.119    0.97987
    11.120    0.97961
    11.121    0.97934
    11.122    0.97906
    11.123    0.97878
    11.124    0.97849
    11.125    0.97819
    11.126    0.97788
    11.127    0.97757
    11.128    0.97724
    11.129    0.97692
    11.130    0.97659
    11.131    0.97625
    11.132    0.97590
    11.133    0.97555
    11.134    0.97520
    11.135    0.97484
    11.136    0.97447
    11.137    0.97411
    11.138    0.97373
    11.139    0.97336
    11.140    0.97297
    11.141    0.97259
    11.142    0.97220
    11.143    0.97181
    11.144    0.97142
    11.145    0.97102
    11.146    0.97062
    11.147    0.97022
    11.148    0.96981
    11.149    0.96941
    11.150    0.96900
    11.151    0.96859
    11.152    0.96818
    11.153    0.96777
    11.154    0.96736
    11.155    0.96695
    11.156    0.96654
    11.157    0.96613
    11.158    0.96572
    11.159    0.96532
    11.160    0.96492
    11.161    0.96451
    11.162    0.96412
    11.163    0.96372
    11.164    0.96333
    11.165    0.96294
    11.166    0.96256
    11.167    0.96218
    11.168    0.96181
    11.169    0.96144
    11.170    0.96108
    11.171    0.96073
    11.172    0.96038
    11.173    0.96004
    11.174    0.95971
    11.175    0.95938
    11.176    0.95907
    11.177    0.95876
    11.178    0.95846
    11.179    0.95817
    11.180    0.95789
    11.181    0.95762
    11.182    0.95737
    11.183    0.95712
    11.184    0.95688
    11.185    0.95666
    11.186    0.95645
    11.187    0.95625
    11.188    0.95606
    11.189    0.95589
    11.190    0.95573
    11.191    0.95559
    11.192    0.95546
    11.193    0.95535
    11.194    0.95525
    11.195    0.95516
    11.196    0.95510
    11.197    0.95505
    11.198    0.95501
    11.199    0.95500
    11.200    0.95500
    11.201    0.95502
    11.202    0.95506
    11.203    0.95511
    11.204    0.95518
    11.205    0.95527
    11.206    0.95537
    11.207    0.95549
    11.208    0.95563
    11.209    0.95578
    11.210    0.95594
    11.211    0.95612
    11.212    0.95631
    11.213    0.95651
    11.214    0.95673
    11.215    0.95695
    11.216    0.95719
    11.217    0.95744
    11.218    0.95770
    11.219    0.95797
    11.220    0.95825
    11.221    0.95854
    11.222    0.95884
    11.223    0.95915
    11.224    0.95946
    11.225    0.95978
    11.226    0.96011
    11.227    0.96045
    11.228    0.96079
    11.229    0.96114
    11.230    0.96149
    11.231    0.96185
    11.232    0.96222
    11.233    0.96258
    11.234    0.96295
    11.235    0.96333
    11.236    0.96370
    11.237    0.96408
    11.238    0.96446
    11.239    0.96484
    11.240    0.96522
    11.241    0.96561
    11.242    0.96599
    11.243    0.96637
    11.244    0.96675
    11.245    0.96713
    11.246    0.96751
    11.247    0.96789
    11.248    0.96826
    11.249    0.96863
    11.250    0.96900
    11.251    0.96936
    11.252    0.96972
    11.253    0.97008
    11.254    0.97043
    11.255    0.97078
    11.256    0.97112
    11.257    0.97146
    11.258    0.97179
    11.259    0.97212
    11.260    0.97245
    11.261    0.97277
    11.262    0.97309
    11.263    0.97340
    11.264    0.97371
    11.265    0.97401
    11.266    0.97431
    11.267    0.97460
    11.268    0.97489
    11.269    0.97518
    11.270    0.97546
    11.271    0.97573
    11.272    0.97600
    11.273    0.97627
    11.274    0.97653
    11.275    0.97679
    11.276    0.97704
    11.277    0.97728
    11.278    0.97752
    11.279    0.97776
    11.280    0.97799
    11.281    0.97821
    11.282    0.97843
    11.283    0.97865
    11.284    0.97886
    11.285    0.97906
    11.286    0.97926
    11.287    0.97945
    11.288    0.97964
    11.289    0.97982
    11.290    0.98000
    11.291    0.98017
    11.292    0.98034
    11.293    0.98050
    11.294    0.98065
    11.295    0.98080
    11.296    0.98095
    11.297    0.98109
    11.298    0.98122
    11.299    0.98136
    11.300    0.98148
    11.301    0.98161
    11.302    0.98173
    11.303    0.98184
    11.304    0.98196
    11.305    0.98206
    11.306    0.98217
    11.307    0.98227
    11.308    0.98237
    11.309    0.98247
    11.310    0.98256
    11.311    0.98266
    11.312    0.98275
    11.313    0.98284
    11.314    0.98292
    11.315    0.98301
    11.316    0.98309
    11.317    0.98317
    11.318    0.98325
    11.319    0.98333
    11.320    0.98340
    11.321    0.98348
    11.322    0.98356
    11.323    0.98363
    11.324    0.98371
    11.325    0.98378
    11.326    0.98386
    11.327    0.98393
    11.328    0.98401
    11.329    0.98409
    11.330    0.98416
    11.331    0.98424
    11.332    0.98432
    11.333    0.98440
    11.334    0.98448
    11.335    0.98456
    11.336    0.98465
    11.337    0.98473
    11.338    0.98482
    11.339    0.98491
    11.340    0.98500
    11.341    0.98509
    11.342    0.98519
    11.343    0.98529
    11.344    0.98539
    11.345    0.98549
    11.346    0.98560
    11.347    0.98570
    11.348    0.98581
    11.349    0.98592
    11.350    0.98603
    11.351    0.98614
    11.352    0.98625
    11.353    0.98636
    11.354    0.98648
    11.355    0.98659
    11.356    0.98671
    11.357    0.98682
    11.358    0.98694
    11.359    0.98705
    11.360    0.98717
    11.361    0.98728
    11.362    0.98740
    11.363    0.98751
    11.364    0.98763
    11.365    0.98774
    11.366    0.98785
    11.367    0.98796
    11.368    0.98807
    11.369    0.98818
    11.370    0.98829
    11.371    0.98840
    11.372    0.98851
    11.373    0.98861
    11.374    0.98871
    11.375    0.98881
    11.376    0.98891
    11.377    0.98901
    11.378    0.98910
    11.379    0.98919
    11.380    0.98928
    11.381    0.98937
    11.382    0.98945
    11.383    0.98953
    11.384    0.98961
    11.385    0.98968
    11.386    0.98975
    11.387    0.98982
    11.388    0.98988
    11.389    0.98994
    11.390    0.99000
    11.391    0.99005
    11.392    0.99010
    11.393    0.99015
    11.394    0.99019
    11.395    0.99023
    11.396    0.99027
    11.397    0.99030
    11.398    0.99033
    11.399    0.99036
    11.400    0.99039
    11.401    0.99042
    11.402    0.99044
    11.403    0.99047
    11.404    0.99049
    11.405    0.99052
    11.406    0.99054
    11.407    0.99057
    11.408    0.99059
    11.409    0.99061
    11.410    0.99064
    11.411    0.99067
    11.412    0.99069
    11.413    0.99072
    11.414    0.99075
    11.415    0.99079
    11.416    0.99082
    11.417    0.99086
    11.418    0.99090
    11.419    0.99094
    11.420    0.99099
    11.421    0.99104
    11.422    0.99110
    11.423    0.99115
    11.424    0.99122
    11.425    0.99128
    11.426    0.99136
    11.427    0.99143
    11.428    0.99151
    11.429    0.99160
    11.430    0.99170
    11.431    0.99179
    11.432    0.99190
    11.433    0.99201
    11.434    0.99213
    11.435    0.99226
    11.436    0.99239
    11.437    0.99253
    11.438    0.99268
    11.439    0.99284
    11.440    0.99300
    11.441    0.99317
    11.442    0.99335
    11.443    0.99354
    11.444    0.99374
    11.445    0.99394
    11.446    0.99414
    11.447    0.99435
    11.448    0.99457
    11.449    0.99479
    11.450    0.99501
    11.451    0.99523
    11.452    0.99546
    11.453    0.99568
    11.454    0.99591
    11.455    0.99613
    11.456    0.99636
    11.457    0.99658
    11.458    0.99680
    11.459    0.99702
    11.460    0.99724
    11.461    0.99745
    11.462    0.99765
    11.463    0.99786
    11.464    0.99805
    11.465    0.99824
    11.466    0.99842
    11.467    0.99859
    11.468    0.99876
    11.469    0.99892
    11.470    0.99906
    11.471    0.99920
    11.472    0.99932
    11.473    0.99944
    11.474    0.99954
    11.475    0.99963
    11.476    0.99970
    11.477    0.99977
    11.478    0.99981
    11.479    0.99984
    11.480    0.99986
    11.481    0.99986
    11.482    0.99984
    11.483    0.99980
    11.484    0.99975
    11.485    0.99968
    11.486    0.99958
    11.487    0.99947
    11.488    0.99933
    11.489    0.99918
    11.490    0.99900
    11.491    0.99880
    11.492    0.99858
    11.493    0.99833
    11.494    0.99806
    11.495    0.99777
    11.496    0.99746
    11.497    0.99713
    11.498    0.99678
    11.499    0.99641
    11.500    0.99602
    11.501    0.99561
    11.502    0.99518
    11.503    0.99473
    11.504    0.99426
    11.505    0.99378
    11.506    0.99328
    11.507    0.99276
    11.508    0.99222
    11.509    0.99167
    11.510    0.99109
    11.511    0.99051
    11.512    0.98991
    11.513    0.98929
    11.514    0.98865
    11.515    0.98801
    11.516    0.98734
    11.517    0.98667
    11.518    0.98598
    11.519    0.98528
    11.520    0.98456
    11.521    0.98383
    11.522    0.98309
    11.523    0.98233
    11.524    0.98157
    11.525    0.98079
    11.526    0.98000
    11.527    0.97921
    11.528    0.97840
    11.529    0.97758
    11.530    0.97675
    11.531    0.97591
    11.532    0.97506
    11.533    0.97421
    11.534    0.97334
    11.535    0.97247
    11.536    0.97159
    11.537    0.97070
    11.538    0.96981
    11.539    0.96891
    11.540    0.96800
    11.541    0.96709
    11.542    0.96617
    11.543    0.96524
    11.544    0.96432
    11.545    0.96339
    11.546    0.96245
    11.547    0.96152
    11.548    0.96058
    11.549    0.95964
    11.550    0.95870
    11.551    0.95777
    11.552    0.95683
    11.553    0.95590
    11.554    0.95497
    11.555    0.95404
    11.556    0.95312
    11.557    0.95220
    11.558    0.95129
    11.559    0.95038
    11.560    0.94948
    11.561    0.94859
    11.562    0.94770
    11.563    0.94683
    11.564    0.94596
    11.565    0.94511
    11.566    0.94426
    11.567    0.94343
    11.568    0.94261
    11.569    0.94180
    11.570    0.94101
    11.571    0.94023
    11.572    0.93946
    11.573    0.93871
    11.574    0.93798
    11.575    0.93726
    11.576    0.93656
    11.577    0.93588
    11.578    0.93522
    11.579    0.93458
    11.580    0.93395
    11.581    0.93335
    11.582    0.93277
    11.583    0.93222
    11.584    0.93168
    11.585    0.93117
    11.586    0.93069
    11.587    0.93023
    11.588    0.92979
    11.589    0.92938
    11.590    0.92900
    11.591    0.92865
    11.592    0.92832
    11.593    0.92802
    11.594    0.92774
    11.595    0.92749
    11.596    0.92727
    11.597    0.92707
    11.598    0.92689
    11.599    0.92674
    11.600    0.92661
    11.601    0.92650
    11.602    0.92641
    11.603    0.92634
    11.604    0.92629
    11.605    0.92626
    11.606    0.92625
    11.607    0.92626
    11.608    0.92628
    11.609    0.92632
    11.610    0.92638
    11.611    0.92645
    11.612    0.92654
    11.613    0.92664
    11.614    0.92676
    11.615    0.92689
    11.616    0.92703
    11.617    0.92719
    11.618    0.92735
    11.619    0.92753
    11.620    0.92771
    11.621    0.92791
    11.622    0.92811
    11.623    0.92833
    11.624    0.92855
    11.625    0.92878
    11.626    0.92901
    11.627    0.92925
    11.628    0.92950
    11.629    0.92975
    11.630    0.93000
    11.631    0.93026
    11.632    0.93052
    11.633    0.93078
    11.634    0.93105
    11.635    0.93132
    11.636    0.93159
    11.637    0.93187
    11.638    0.93215
    11.639    0.93243
    11.640    0.93272
    11.641    0.93300
    11.642    0.93329
    11.643    0.93358
    11.644    0.93388
    11.645    0.93417
    11.646    0.93447
    11.647    0.93477
    11.648    0.93507
    11.649    0.93537
    11.650    0.93568
    11.651    0.93598
    11.652    0.93629
    11.653    0.93660
    11.654    0.93690
    11.655    0.93721
    11.656    0.93753
    11.657    0.93784
    11.658    0.93815
    11.659    0.93846
    11.660    0.93878
    11.661    0.93909
    11.662    0.93941
    11.663    0.93972
    11.664    0.94003
    11.665    0.94035
    11.666    0.94066
    11.667    0.94098
    11.668    0.94129
    11.669    0.94161
    11.670    0.94192
    11.671    0.94223
    11.672    0.94254
    11.673    0.94285
    11.674    0.94316
    11.675    0.94347
    11.676    0.94378
    11.677    0.94409
    11.678    0.94439
    11.679    0.94470
    11.680    0.94500
    11.681    0.94530
    11.682    0.94560
    11.683    0.94590
    11.684    0.94619
    11.685    0.94649
    11.686    0.94678
    11.687    0.94707
    11.688    0.94736
    11.689    0.94765
    11.690    0.94794
    11.691    0.94823
    11.692    0.94852
    11.693    0.94880
    11.694    0.94908
    11.695    0.94937
    11.696    0.94965
    11.697    0.94993
    11.698    0.95021
    11.699    0.95049
    11.700    0.95077
    11.701    0.95105
    11.702    0.95132
    11.703    0.95160
    11.704    0.95188
    11.705    0.95215
    11.706    0.95243
    11.707    0.95270
    11.708    0.95297
    11.709    0.95325
    11.710    0.95352
    11.711    0.95380
    11.712    0.95407
    11.713    0.95434
    11.714    0.95461
    11.715    0.95489
    11.716    0.95516
    11.717    0.95543
    11.718    0.95570
    11.719    0.95598
    11.720    0.95625
    11.721    0.95652
    11.722    0.95680
    11.723    0.95707
    11.724    0.95735
    11.725    0.95762
    11.726    0.95789
    11.727    0.95817
    11.728    0.95845
    11.729    0.95872
    11.730    0.95900
    11.731    0.95928
    11.732    0.95956
    11.733    0.95984
    11.734    0.96011
    11.735    0.96039
    11.736    0.96067
    11.737    0.96095
    11.738    0.96123
    11.739    0.96151
    11.740    0.96179
    11.741    0.96207
    11.742    0.96235
    11.743    0.96263
    11.744    0.96291
    11.745    0.96319
    11.746    0.96347
    11.747    0.96375
    11.748    0.96402
    11.749    0.96430
    11.750    0.96457
    11.751    0.96485
    11.752    0.96512
    11.753    0.96539
    11.754    0.96566
    11.755    0.96593
    11.756    0.96620
    11.757    0.96647
    11.758    0.96673
    11.759    0.96699
    11.760    0.96726
    11.761    0.96752
    11.762    0.96777
    11.763    0.96803
    11.764    0.96828
    11.765    0.96853
    11.766    0.96878
    11.767    0.96903
    11.768    0.96928
    11.769    0.96952
    11.770    0.96976
    11.771    0.97000
    11.772    0.97023
    11.773    0.97046
    11.774    0.97069
    11.775    0.97092
    11.776    0.97114
    11.777    0.97136
    11.778    0.97158
    11.779    0.97179
    11.780    0.97200
    11.781    0.97221
    11.782    0.97241
    11.783    0.97261
    11.784    0.97281
    11.785    0.97300
    11.786    0.97319
    11.787    0.97338
    11.788    0.97356
    11.789    0.97374
    11.790    0.97392
    11.791    0.97409
    11.792    0.97426
    11.793    0.97443
    11.794    0.97460
    11.795    0.97476
    11.796    0.97492
    11.797    0.97508
    11.798    0.97523
    11.799    0.97538
    11.800    0.97553
    11.801    0.97568
    11.802    0.97582
    11.803    0.97596
    11.804    0.97610
    11.805    0.97624
    11.806    0.97637
    11.807    0.97650
    11.808    0.97663
    11.809    0.97676
    11.810    0.97688
    11.811    0.97700
    11.812    0.97712
    11.813    0.97724
    11.814    0.97735
    11.815    0.97747
    11.816    0.97758
    11.817    0.97769
    11.818    0.97779
    11.819    0.97790
    11.820    0.97800
    11.821    0.97810
    11.822    0.97820
    11.823    0.97830
    11.824    0.97839
    11.825    0.97849
    11.826    0.97858
    11.827    0.97867
    11.828    0.97876
    11.829    0.97884
    11.830    0.97893
    11.831    0.97901
    11.832    0.97909
    11.833    0.97917
    11.834    0.97925
    11.835    0.97932
    11.836    0.97940
    11.837    0.97947
    11.838    0.97954
    11.839    0.97961
    11.840    0.97968
    11.841    0.97974
    11.842    0.97981
    11.843    0.97987
    11.844    0.97993
    11.845    0.97999
    11.846    0.98005
    11.847    0.98010
    11.848    0.98016
    11.849    0.98021
    11.850    0.98026
    11.851    0.98031
    11.852    0.98036
    11.853    0.98041
    11.854    0.98046
    11.855    0.98050
    11.856    0.98054
    11.857    0.98058
    11.858    0.98062
    11.859    0.98066
    11.860    0.98070
    11.861    0.98074
    11.862    0.98077
    11.863    0.98080
    11.864    0.98084
    11.865    0.98087
    11.866    0.98090
    11.867    0.98092
    11.868    0.98095
    11.869    0.98098
    11.870    0.98100
    11.871    0.98102
    11.872    0.98104
    11.873    0.98107
    11.874    0.98108
    11.875    0.98110
    11.876    0.98112
    11.877    0.98114
    11.878    0.98115
    11.879    0.98116
    11.880    0.98118
    11.881    0.98119
    11.882    0.98120
    11.883    0.98121
    11.884    0.98122
    11.885    0.98122
    11.886    0.98123
    11.887    0.98124
    11.888    0.98124
    11.889    0.98125
    11.890    0.98125
    11.891    0.98125
    11.892    0.98125
    11.893    0.98125
    11.894    0.98125
    11.895    0.98125
    11.896    0.98125
    11.897    0.98124
    11.898    0.98124
    11.899    0.98124
    11.900    0.98123
    11.901    0.98122
    11.902    0.98122
    11.903    0.98121
    11.904    0.98120
    11.905    0.98119
    11.906    0.98118
    11.907    0.98118
    11.908    0.98116
    11.909    0.98115
    11.910    0.98114
    11.911    0.98113
    11.912    0.98112
    11.913    0.98110
    11.914    0.98109
    11.915    0.98108
    11.916    0.98106
    11.917    0.98105
    11.918    0.98103
    11.919    0.98102
    11.920    0.98100
    11.921    0.98098
    11.922    0.98097
    11.923    0.98095
    11.924    0.98093
    11.925    0.98091
    11.926    0.98090
    11.927    0.98088
    11.928    0.98086
    11.929    0.98084
    11.930    0.98082
    11.931    0.98080
    11.932    0.98078
    11.933    0.98076
    11.934    0.98073
    11.935    0.98071
    11.936    0.98069
    11.937    0.98067
    11.938    0.98064
    11.939    0.98062
    11.940    0.98059
    11.941    0.98057
    11.942    0.98054
    11.943    0.98052
    11.944    0.98049
    11.945    0.98047
    11.946    0.98044
    11.947    0.98041
    11.948    0.98038
    11.949    0.98035
    11.950    0.98032
    11.951    0.98029
    11.952    0.98026
    11.953    0.98023
    11.954    0.98020
    11.955    0.98017
    11.956    0.98014
    11.957    0.98010
    11.958    0.98007
    11.959    0.98003
    11.960    0.98000
    11.961    0.97996
    11.962    0.97993
    11.963    0.97989
    11.964    0.97985
    11.965    0.97982
    11.966    0.97978
    11.967    0.97974
    11.968    0.97970
    11.969    0.97966
    11.970    0.97961
    11.971    0.97957
    11.972    0.97953
    11.973    0.97948
    11.974    0.97944
    11.975    0.97939
    11.976    0.97934
    11.977    0.97930
    11.978    0.97925
    11.979    0.97920
    11.980    0.97915
    11.981    0.97909
    11.982    0.97904
    11.983    0.97899
    11.984    0.97893
    11.985    0.97887
    11.986    0.97881
    11.987    0.97875
    11.988    0.97869
    11.989    0.97863
    11.990    0.97857
    11.991    0.97851
    11.992    0.97844
    11.993    0.97837
    11.994    0.97830
    11.995    0.97823
    11.996    0.97816
    11.997    0.97809
    11.998    0.97802
    11.999    0.97794
    12.000    0.97786
    12.001    0.97778
    12.002    0.97770
    12.003    0.97762
    12.004    0.97754
    12.005    0.97745
    12.006    0.97737
    12.007    0.97728
    12.008    0.97719
    12.009    0.97709
    12.010    0.97700
    12.011    0.97690
    12.012    0.97681
    12.013    0.97671
    12.014    0.97661
    12.015    0.97651
    12.016    0.97641
    12.017    0.97631
    12.018    0.97620
    12.019    0.97610
    12.020    0.97600
    12.021    0.97590
    12.022    0.97580
    12.023    0.97570
    12.024    0.97560
    12.025    0.97550
    12.026    0.97540
    12.027    0.97530
    12.028    0.97520
    12.029    0.97510
    12.030    0.97500
    12.031    0.97490
    12.032    0.97480
    12.033    0.97470
    12.034    0.97460
    12.035    0.97450
    12.036    0.97440
    12.037    0.97430
    12.038    0.97420
    12.039    0.97410
    12.040    0.97400
    12.041    0.97390
    12.042    0.97380
    12.043    0.97370
    12.044    0.97360
    12.045    0.97350
    12.046    0.97340
    12.047    0.97330
    12.048    0.97320
    12.049    0.97310
    12.050    0.97300
    12.051    0.97290
    12.052    0.97280
    12.053    0.97270
    12.054    0.97260
    12.055    0.97250
    12.056    0.97240
    12.057    0.97230
    12.058    0.97220
    12.059    0.97210
    12.060    0.97200
    12.061    0.97190
    12.062    0.97180
    12.063    0.97170
    12.064    0.97160
    12.065    0.97150
    12.066    0.97140
    12.067    0.97130
    12.068    0.97120
    12.069    0.97110
    12.070    0.97100
    12.071    0.97090
    12.072    0.97080
    12.073    0.97070
    12.074    0.97060
    12.075    0.97050
    12.076    0.97040
    12.077    0.97030
    12.078    0.97020
    12.079    0.97010
    12.080    0.97000
    12.081    0.96990
    12.082    0.96980
    12.083    0.96970
    12.084    0.96961
    12.085    0.96951
    12.086    0.96941
    12.087    0.96931
    12.088    0.96921
    12.089    0.96910
    12.090    0.96900
    12.091    0.96889
    12.092    0.96879
    12.093    0.96868
    12.094    0.96858
    12.095    0.96847
    12.096    0.96837
    12.097    0.96827
    12.098    0.96818
    12.099    0.96809
    12.100    0.96800
    12.101    0.96792
    12.102    0.96784
    12.103    0.96777
    12.104    0.96769
    12.105    0.96760
    12.106    0.96751
    12.107    0.96740
    12.108    0.96729
    12.109    0.96715
    12.110    0.96700
    12.111    0.96683
    12.112    0.96663
    12.113    0.96643
    12.114    0.96622
    12.115    0.96600
    12.116    0.96578
    12.117    0.96557
    12.118    0.96536
    12.119    0.96517
    12.120    0.96500
    12.121    0.96485
    12.122    0.96472
    12.123    0.96460
    12.124    0.96450
    12.125    0.96441
    12.126    0.96432
    12.127    0.96424
    12.128    0.96416
    12.129    0.96408
    12.130    0.96400
    12.131    0.96391
    12.132    0.96381
    12.133    0.96371
    12.134    0.96361
    12.135    0.96350
    12.136    0.96339
    12.137    0.96329
    12.138    0.96319
    12.139    0.96309
    12.140    0.96300
    12.141    0.96292
    12.142    0.96283
    12.143    0.96276
    12.144    0.96268
    12.145    0.96259
    12.146    0.96250
    12.147    0.96240
    12.148    0.96228
    12.149    0.96215
    12.150    0.96200
    12.151    0.96183
    12.152    0.96164
    12.153    0.96144
    12.154    0.96123
    12.155    0.96101
    12.156    0.96079
    12.157    0.96058
    12.158    0.96037
    12.159    0.96018
    12.160    0.96000
    12.161    0.95984
    12.162    0.95970
    12.163    0.95957
    12.164    0.95946
    12.165    0.95936
    12.166    0.95928
    12.167    0.95920
    12.168    0.95913
    12.169    0.95906
    12.170    0.95900
    12.171    0.95894
    12.172    0.95888
    12.173    0.95881
    12.174    0.95874
    12.175    0.95866
    12.176    0.95857
    12.177    0.95846
    12.178    0.95833
    12.179    0.95818
    12.180    0.95800
    12.181    0.95780
    12.182    0.95758
    12.183    0.95734
    12.184    0.95710
    12.185    0.95687
    12.186    0.95664
    12.187    0.95643
    12.188    0.95625
    12.189    0.95611
    12.190    0.95600
    12.191    0.95594
    12.192    0.95591
    12.193    0.95590
    12.194    0.95590
    12.195    0.95588
    12.196    0.95582
    12.197    0.95573
    12.198    0.95557
    12.199    0.95533
    12.200    0.95500
    12.201    0.95456
    12.202    0.95403
    12.203    0.95342
    12.204    0.95274
    12.205    0.95200
    12.206    0.95123
    12.207    0.95043
    12.208    0.94961
    12.209    0.94880
    12.210    0.94800
    12.211    0.94723
    12.212    0.94648
    12.213    0.94576
    12.214    0.94505
    12.215    0.94436
    12.216    0.94368
    12.217    0.94301
    12.218    0.94234
    12.219    0.94167
    12.220    0.94100
    12.221    0.94032
    12.222    0.93964
    12.223    0.93895
    12.224    0.93826
    12.225    0.93756
    12.226    0.93686
    12.227    0.93615
    12.228    0.93544
    12.229    0.93472
    12.230    0.93400
    12.231    0.93328
    12.232    0.93255
    12.233    0.93183
    12.234    0.93110
    12.235    0.93039
    12.236    0.92968
    12.237    0.92899
    12.238    0.92831
    12.239    0.92765
    12.240    0.92700
    12.241    0.92637
    12.242    0.92577
    12.243    0.92517
    12.244    0.92458
    12.245    0.92400
    12.246    0.92342
    12.247    0.92283
    12.248    0.92223
    12.249    0.92163
    12.250    0.92100
    12.251    0.92035
    12.252    0.91969
    12.253    0.91901
    12.254    0.91831
    12.255    0.91761
    12.256    0.91689
    12.257    0.91617
    12.258    0.91545
    12.259    0.91472
    12.260    0.91400
    12.261    0.91328
    12.262    0.91256
    12.263    0.91185
    12.264    0.91114
    12.265    0.91044
    12.266    0.90974
    12.267    0.90905
    12.268    0.90836
    12.269    0.90768
    12.270    0.90700
    12.271    0.90633
    12.272    0.90566
    12.273    0.90499
    12.274    0.90431
    12.275    0.90363
    12.276    0.90294
    12.277    0.90223
    12.278    0.90151
    12.279    0.90077
    12.280    0.90000
    12.281    0.89921
    12.282    0.89840
    12.283    0.89759
    12.284    0.89680
    12.285    0.89603
    12.286    0.89530
    12.287    0.89461
    12.288    0.89399
    12.289    0.89345
    12.290    0.89300
    12.291    0.89264
    12.292    0.89233
    12.293    0.89203
    12.294    0.89169
    12.295    0.89125
    12.296    0.89068
    12.297    0.88991
    12.298    0.88891
    12.299    0.88762
    12.300    0.88600
    12.301    0.88401
    12.302    0.88169
    12.303    0.87908
    12.304    0.87624
    12.305    0.87321
    12.306    0.87005
    12.307    0.86680
    12.308    0.86350
    12.309    0.86022
    12.310    0.85700
    12.311    0.85388
    12.312    0.85084
    12.313    0.84789
    12.314    0.84499
    12.315    0.84214
    12.316    0.83932
    12.317    0.83651
    12.318    0.83370
    12.319    0.83087
    12.320    0.82800
    12.321    0.82509
    12.322    0.82213
    12.323    0.81914
    12.324    0.81613
    12.325    0.81310
    12.326    0.81006
    12.327    0.80702
    12.328    0.80399
    12.329    0.80098
    12.330    0.79800
    12.331    0.79505
    12.332    0.79213
    12.333    0.78923
    12.334    0.78635
    12.335    0.78348
    12.336    0.78060
    12.337    0.77773
    12.338    0.77484
    12.339    0.77193
    12.340    0.76900
    12.341    0.76604
    12.342    0.76306
    12.343    0.76007
    12.344    0.75709
    12.345    0.75413
    12.346    0.75119
    12.347    0.74830
    12.348    0.74546
    12.349    0.74269
    12.350    0.74000
    12.351    0.73739
    12.352    0.73486
    12.353    0.73236
    12.354    0.72988
    12.355    0.72739
    12.356    0.72488
    12.357    0.72230
    12.358    0.71965
    12.359    0.71689
    12.360    0.71400
    12.361    0.71096
    12.362    0.70780
    12.363    0.70453
    12.364    0.70119
    12.365    0.69780
    12.366    0.69438
    12.367    0.69097
    12.368    0.68758
    12.369    0.68425
    12.370    0.68100
    12.371    0.67785
    12.372    0.67479
    12.373    0.67182
    12.374    0.66890
    12.375    0.66604
    12.376    0.66322
    12.377    0.66041
    12.378    0.65762
    12.379    0.65482
    12.380    0.65200
    12.381    0.64915
    12.382    0.64627
    12.383    0.64337
    12.384    0.64046
    12.385    0.63754
    12.386    0.63461
    12.387    0.63169
    12.388    0.62877
    12.389    0.62588
    12.390    0.62300
    12.391    0.62015
    12.392    0.61731
    12.393    0.61449
    12.394    0.61165
    12.395    0.60881
    12.396    0.60594
    12.397    0.60303
    12.398    0.60008
    12.399    0.59707
    12.400    0.59400
    12.401    0.59085
    12.402    0.58764
    12.403    0.58437
    12.404    0.58106
    12.405    0.57773
    12.406    0.57437
    12.407    0.57101
    12.408    0.56765
    12.409    0.56431
    12.410    0.56100
    12.411    0.55773
    12.412    0.55449
    12.413    0.55128
    12.414    0.54809
    12.415    0.54491
    12.416    0.54174
    12.417    0.53857
    12.418    0.53540
    12.419    0.53221
    12.420    0.52900
    12.421    0.52577
    12.422    0.52251
    12.423    0.51923
    12.424    0.51594
    12.425    0.51263
    12.426    0.50931
    12.427    0.50599
    12.428    0.50266
    12.429    0.49933
    12.430    0.49600
    12.431    0.49268
    12.432    0.48936
    12.433    0.48605
    12.434    0.48274
    12.435    0.47944
    12.436    0.47614
    12.437    0.47285
    12.438    0.46956
    12.439    0.46628
    12.440    0.46300
    12.441    0.45972
    12.442    0.45645
    12.443    0.45317
    12.444    0.44989
    12.445    0.44661
    12.446    0.44331
    12.447    0.44001
    12.448    0.43669
    12.449    0.43335
    12.450    0.43000
    12.451    0.42663
    12.452    0.42323
    12.453    0.41983
    12.454    0.41642
    12.455    0.41300
    12.456    0.40958
    12.457    0.40617
    12.458    0.40277
    12.459    0.39937
    12.460    0.39600
    12.461    0.39265
    12.462    0.38931
    12.463    0.38599
    12.464    0.38268
    12.465    0.37939
    12.466    0.37610
    12.467    0.37282
    12.468    0.36955
    12.469    0.36627
    12.470    0.36300
    12.471    0.35972
    12.472    0.35644
    12.473    0.35316
    12.474    0.34987
    12.475    0.34657
    12.476    0.34327
    12.477    0.33996
    12.478    0.33665
    12.479    0.33333
    12.480    0.33000
    12.481    0.32666
    12.482    0.32332
    12.483    0.31996
    12.484    0.31659
    12.485    0.31320
    12.486    0.30980
    12.487    0.30638
    12.488    0.30294
    12.489    0.29948
    12.490    0.29600
    12.491    0.29250
    12.492    0.28899
    12.493    0.28550
    12.494    0.28204
    12.495    0.27863
    12.496    0.27529
    12.497    0.27204
    12.498    0.26889
    12.499    0.26588
    12.500    0.26300
    12.501    0.26028
    12.502    0.25771
    12.503    0.25526
    12.504    0.25291
    12.505    0.25065
    12.506    0.24846
    12.507    0.24632
    12.508    0.24421
    12.509    0.24211
    12.510    0.24000
    12.511    0.23787
    12.512    0.23571
    12.513    0.23353
    12.514    0.23134
    12.515    0.22913
    12.516    0.22691
    12.517    0.22468
    12.518    0.22245
    12.519    0.22023
    12.520    0.21800
    12.521    0.21578
    12.522    0.21357
    12.523    0.21136
    12.524    0.20916
    12.525    0.20696
    12.526    0.20476
    12.527    0.20257
    12.528    0.20038
    12.529    0.19819
    12.530    0.19600
    12.531    0.19381
    12.532    0.19162
    12.533    0.18943
    12.534    0.18723
    12.535    0.18504
    12.536    0.18284
    12.537    0.18063
    12.538    0.17843
    12.539    0.17622
    12.540    0.17400
    12.541    0.17178
    12.542    0.16955
    12.543    0.16733
    12.544    0.16511
    12.545    0.16289
    12.546    0.16069
    12.547    0.15849
    12.548    0.15631
    12.549    0.15414
    12.550    0.15200
    12.551    0.14988
    12.552    0.14777
    12.553    0.14568
    12.554    0.14359
    12.555    0.14151
    12.556    0.13943
    12.557    0.13735
    12.558    0.13525
    12.559    0.13313
    12.560    0.13100
    12.561    0.12884
    12.562    0.12666
    12.563    0.12447
    12.564    0.12226
    12.565    0.12005
    12.566    0.11783
    12.567    0.11561
    12.568    0.11340
    12.569    0.11119
    12.570    0.10900
    12.571    0.10682
    12.572    0.10467
    12.573    0.10252
    12.574    0.10040
    12.575    0.09829
    12.576    0.09620
    12.577    0.09413
    12.578    0.09207
    12.579    0.09003
    12.580    0.08800
    12.581    0.08599
    12.582    0.08398
    12.583    0.08197
    12.584    0.07995
    12.585    0.07791
    12.586    0.07583
    12.587    0.07371
    12.588    0.07154
    12.589    0.06930
    12.590    0.06700
    12.591    0.06462
    12.592    0.06220
    12.593    0.05978
    12.594    0.05740
    12.595    0.05509
    12.596    0.05289
    12.597    0.05084
    12.598    0.04898
    12.599    0.04736
    12.600    0.04600
    12.601    0.04494
    12.602    0.04414
    12.603    0.04358
    12.604    0.04321
    12.605    0.04300
    12.606    0.04291
    12.607    0.04291
    12.608    0.04294
    12.609    0.04299
    12.610    0.04300
    12.611    0.04295
    12.612    0.04285
    12.613    0.04269
    12.614    0.04250
    12.615    0.04227
    12.616    0.04203
    12.617    0.04177
    12.618    0.04150
    12.619    0.04124
    12.620    0.04100
    12.621    0.04078
    12.622    0.04058
    12.623    0.04039
    12.624    0.04020
    12.625    0.04003
    12.626    0.03985
    12.627    0.03966
    12.628    0.03946
    12.629    0.03924
    12.630    0.03900
    12.631    0.03873
    12.632    0.03844
    12.633    0.03814
    12.634    0.03782
    12.635    0.03749
    12.636    0.03717
    12.637    0.03686
    12.638    0.03655
    12.639    0.03626
    12.640    0.03600
    12.641    0.03576
    12.642    0.03555
    12.643    0.03536
    12.644    0.03517
    12.645    0.03499
    12.646    0.03482
    12.647    0.03464
    12.648    0.03444
    12.649    0.03423
    12.650    0.03400
    12.651    0.03374
    12.652    0.03346
    12.653    0.03316
    12.654    0.03285
    12.655    0.03253
    12.656    0.03220
    12.657    0.03189
    12.658    0.03157
    12.659    0.03128
    12.660    0.03100
    12.661    0.03074
    12.662    0.03051
    12.663    0.03029
    12.664    0.03009
    12.665    0.02990
    12.666    0.02972
    12.667    0.02954
    12.668    0.02936
    12.669    0.02918
    12.670    0.02900
    12.671    0.02881
    12.672    0.02861
    12.673    0.02841
    12.674    0.02820
    12.675    0.02800
    12.676    0.02779
    12.677    0.02759
    12.678    0.02738
    12.679    0.02719
    12.680    0.02700
    12.681    0.02682
    12.682    0.02664
    12.683    0.02647
    12.684    0.02629
    12.685    0.02611
    12.686    0.02592
    12.687    0.02572
    12.688    0.02550
    12.689    0.02526
    12.690    0.02500
    12.691    0.02471
    12.692    0.02441
    12.693    0.02409
    12.694    0.02376
    12.695    0.02343
    12.696    0.02311
    12.697    0.02280
    12.698    0.02250
    12.699    0.02224
    12.700    0.02200
    12.701    0.02180
    12.702    0.02163
    12.703    0.02150
    12.704    0.02138
    12.705    0.02129
    12.706    0.02122
    12.707    0.02116
    12.708    0.02110
    12.709    0.02105
    12.710    0.02100
    12.711    0.02094
    12.712    0.02088
    12.713    0.02081
    12.714    0.02074
    12.715    0.02065
    12.716    0.02055
    12.717    0.02043
    12.718    0.02031
    12.719    0.02016
    12.720    0.02000
    12.721    0.01982
    12.722    0.01963
    12.723    0.01942
    12.724    0.01921
    12.725    0.01899
    12.726    0.01878
    12.727    0.01857
    12.728    0.01837
    12.729    0.01817
    12.730    0.01800
    12.731    0.01784
    12.732    0.01771
    12.733    0.01758
    12.734    0.01747
    12.735    0.01738
    12.736    0.01729
    12.737    0.01721
    12.738    0.01714
    12.739    0.01707
    12.740    0.01700
    12.741    0.01693
    12.742    0.01686
    12.743    0.01679
    12.744    0.01671
    12.745    0.01662
    12.746    0.01653
    12.747    0.01642
    12.748    0.01630
    12.749    0.01616
    12.750    0.01600
    12.751    0.01582
    12.752    0.01563
    12.753    0.01543
    12.754    0.01522
    12.755    0.01500
    12.756    0.01478
    12.757    0.01457
    12.758    0.01437
    12.759    0.01418
    12.760    0.01400
    12.761    0.01384
    12.762    0.01370
    12.763    0.01358
    12.764    0.01347
    12.765    0.01338
    12.766    0.01329
    12.767    0.01321
    12.768    0.01314
    12.769    0.01307
    12.770    0.01300
    12.771    0.01293
    12.772    0.01286
    12.773    0.01279
    12.774    0.01271
    12.775    0.01262
    12.776    0.01252
    12.777    0.01241
    12.778    0.01229
    12.779    0.01215
    12.780    0.01200
    12.781    0.01183
    12.782    0.01164
    12.783    0.01144
    12.784    0.01123
    12.785    0.01102
    12.786    0.01081
    12.787    0.01059
    12.788    0.01039
    12.789    0.01019
    12.790    0.01000
    12.791    0.00983
    12.792    0.00967
    12.793    0.00953
    12.794    0.00940
    12.795    0.00929
    12.796    0.00920
    12.797    0.00912
    12.798    0.00907
    12.799    0.00902
    12.800    0.00900
    12.801    0.00899
    12.802    0.00900
    12.803    0.00901
    12.804    0.00903
    12.805    0.00905
    12.806    0.00907
    12.807    0.00908
    12.808    0.00907
    12.809    0.00905
    12.810    0.00900
    12.811    0.00893
    12.812    0.00884
    12.813    0.00873
    12.814    0.00861
    12.815    0.00849
    12.816    0.00837
    12.817    0.00825
    12.818    0.00815
    12.819    0.00806
    12.820    0.00800
    12.821    0.00796
    12.822    0.00795
    12.823    0.00796
    12.824    0.00797
    12.825    0.00799
    12.826    0.00802
    12.827    0.00803
    12.828    0.00804
    12.829    0.00803
    12.830    0.00800
    12.831    0.00794
    12.832    0.00786
    12.833    0.00776
    12.834    0.00765
    12.835    0.00753
    12.836    0.00741
    12.837    0.00729
    12.838    0.00718
    12.839    0.00708
    12.840    0.00700
    12.841    0.00694
    12.842    0.00690
    12.843    0.00687
    12.844    0.00686
    12.845    0.00687
    12.846    0.00688
    12.847    0.00690
    12.848    0.00693
    12.849    0.00697
    12.850    0.00700
    12.851    0.00703
    12.852    0.00707
    12.853    0.00709
    12.854    0.00711
    12.855    0.00713
    12.856    0.00713
    12.857    0.00712
    12.858    0.00710
    12.859    0.00706
    12.860    0.00700
    12.861    0.00692
    12.862    0.00683
    12.863    0.00673
    12.864    0.00662
    12.865    0.00650
    12.866    0.00639
    12.867    0.00628
    12.868    0.00617
    12.869    0.00608
    12.870    0.00600
    12.871    0.00594
    12.872    0.00590
    12.873    0.00587
    12.874    0.00586
    12.875    0.00586
    12.876    0.00587
    12.877    0.00589
    12.878    0.00592
    12.879    0.00596
    12.880    0.00600
    12.881    0.00604
    12.882    0.00609
    12.883    0.00612
    12.884    0.00616
    12.885    0.00618
    12.886    0.00618
    12.887    0.00617
    12.888    0.00614
    12.889    0.00608
    12.890    0.00600
