389    tm5:Band5
    1.5010     0.0001
    1.5020     0.0002
    1.5030     0.0002
    1.5040     0.0003
    1.5050     0.0004
    1.5060     0.0005
    1.5070     0.0006
    1.5080     0.0006
    1.5090     0.0007
    1.5100     0.0008
    1.5110     0.0009
    1.5120     0.0010
    1.5130     0.0011
    1.5140     0.0012
    1.5150     0.0013
    1.5160     0.0014
    1.5170     0.0014
    1.5180     0.0015
    1.5190     0.0016
    1.5200     0.0017
    1.5210     0.0024
    1.5220     0.0031
    1.5230     0.0039
    1.5240     0.0046
    1.5250     0.0054
    1.5260     0.0061
    1.5270     0.0069
    1.5280     0.0077
    1.5290     0.0085
    1.5300     0.0093
    1.5310     0.0104
    1.5320     0.0116
    1.5330     0.0128
    1.5340     0.0140
    1.5350     0.0152
    1.5360     0.0165
    1.5370     0.0177
    1.5380     0.0190
    1.5390     0.0203
    1.5400     0.0216
    1.5410     0.0283
    1.5420     0.0351
    1.5430     0.0419
    1.5440     0.0488
    1.5450     0.0557
    1.5460     0.0626
    1.5470     0.0696
    1.5480     0.0767
    1.5490     0.0837
    1.5500     0.0909
    1.5510     0.1104
    1.5520     0.1300
    1.5530     0.1497
    1.5540     0.1695
    1.5550     0.1894
    1.5560     0.2094
    1.5570     0.2295
    1.5580     0.2498
    1.5590     0.2701
    1.5600     0.2906
    1.5610     0.3179
    1.5620     0.3454
    1.5630     0.3732
    1.5640     0.4012
    1.5650     0.4294
    1.5660     0.4578
    1.5670     0.4865
    1.5680     0.5154
    1.5690     0.5446
    1.5700     0.5739
    1.5710     0.5989
    1.5720     0.6239
    1.5730     0.6492
    1.5740     0.6746
    1.5750     0.7002
    1.5760     0.7260
    1.5770     0.7519
    1.5780     0.7781
    1.5790     0.8044
    1.5800     0.8308
    1.5810     0.8430
    1.5820     0.8553
    1.5830     0.8676
    1.5840     0.8800
    1.5850     0.8925
    1.5860     0.9050
    1.5870     0.9175
    1.5880     0.9301
    1.5890     0.9428
    1.5900     0.9555
    1.5910     0.9540
    1.5920     0.9526
    1.5930     0.9511
    1.5940     0.9497
    1.5950     0.9482
    1.5960     0.9467
    1.5970     0.9453
    1.5980     0.9438
    1.5990     0.9423
    1.6000     0.9409
    1.6010     0.9412
    1.6020     0.9415
    1.6030     0.9418
    1.6040     0.9421
    1.6050     0.9424
    1.6060     0.9428
    1.6070     0.9431
    1.6080     0.9434
    1.6090     0.9437
    1.6100     0.9440
    1.6110     0.9467
    1.6120     0.9493
    1.6130     0.9519
    1.6140     0.9546
    1.6150     0.9572
    1.6160     0.9598
    1.6170     0.9625
    1.6180     0.9651
    1.6190     0.9677
    1.6200     0.9703
    1.6210     0.9718
    1.6220     0.9733
    1.6230     0.9747
    1.6240     0.9762
    1.6250     0.9777
    1.6260     0.9791
    1.6270     0.9806
    1.6280     0.9821
    1.6290     0.9835
    1.6300     0.9850
    1.6310     0.9842
    1.6320     0.9835
    1.6330     0.9827
    1.6340     0.9820
    1.6350     0.9813
    1.6360     0.9805
    1.6370     0.9798
    1.6380     0.9790
    1.6390     0.9783
    1.6400     0.9776
    1.6410     0.9763
    1.6420     0.9750
    1.6430     0.9737
    1.6440     0.9724
    1.6450     0.9711
    1.6460     0.9699
    1.6470     0.9686
    1.6480     0.9673
    1.6490     0.9660
    1.6500     0.9648
    1.6510     0.9661
    1.6520     0.9674
    1.6530     0.9687
    1.6540     0.9701
    1.6550     0.9714
    1.6560     0.9727
    1.6570     0.9740
    1.6580     0.9753
    1.6590     0.9767
    1.6600     0.9780
    1.6610     0.9785
    1.6620     0.9790
    1.6630     0.9795
    1.6640     0.9800
    1.6650     0.9805
    1.6660     0.9810
    1.6670     0.9815
    1.6680     0.9820
    1.6690     0.9825
    1.6700     0.9830
    1.6710     0.9833
    1.6720     0.9837
    1.6730     0.9840
    1.6740     0.9844
    1.6750     0.9847
    1.6760     0.9850
    1.6770     0.9854
    1.6780     0.9857
    1.6790     0.9861
    1.6800     0.9864
    1.6810     0.9854
    1.6820     0.9844
    1.6830     0.9835
    1.6840     0.9825
    1.6850     0.9815
    1.6860     0.9805
    1.6870     0.9796
    1.6880     0.9786
    1.6890     0.9776
    1.6900     0.9766
    1.6910     0.9784
    1.6920     0.9802
    1.6930     0.9820
    1.6940     0.9838
    1.6950     0.9857
    1.6960     0.9875
    1.6970     0.9893
    1.6980     0.9911
    1.6990     0.9926
    1.7000     0.9947
    1.7010     0.9953
    1.7020     0.9958
    1.7030     0.9963
    1.7040     0.9969
    1.7050     0.9974
    1.7060     0.9979
    1.7070     0.9985
    1.7080     0.9990
    1.7090     0.9995
    1.7100     1.0000
    1.7110     0.9997
    1.7120     0.9994
    1.7130     0.9991
    1.7140     0.9988
    1.7150     0.9984
    1.7160     0.9981
    1.7170     0.9978
    1.7180     0.9975
    1.7190     0.9972
    1.7200     0.9968
    1.7210     0.9945
    1.7220     0.9922
    1.7230     0.9899
    1.7240     0.9877
    1.7250     0.9854
    1.7260     0.9831
    1.7270     0.9808
    1.7280     0.9785
    1.7290     0.9763
    1.7300     0.9740
    1.7310     0.9723
    1.7320     0.9706
    1.7330     0.9688
    1.7340     0.9671
    1.7350     0.9654
    1.7360     0.9637
    1.7370     0.9620
    1.7380     0.9603
    1.7390     0.9586
    1.7400     0.9569
    1.7410     0.9562
    1.7420     0.9555
    1.7430     0.9549
    1.7440     0.9542
    1.7450     0.9536
    1.7460     0.9529
    1.7470     0.9523
    1.7480     0.9516
    1.7490     0.9509
    1.7500     0.9503
    1.7510     0.9505
    1.7520     0.9507
    1.7530     0.9508
    1.7540     0.9510
    1.7550     0.9512
    1.7560     0.9514
    1.7570     0.9516
    1.7580     0.9517
    1.7590     0.9519
    1.7600     0.9520
    1.7610     0.9460
    1.7620     0.9400
    1.7630     0.9339
    1.7640     0.9279
    1.7650     0.9219
    1.7660     0.9159
    1.7670     0.9098
    1.7680     0.9038
    1.7690     0.8978
    1.7700     0.8915
    1.7710     0.8651
    1.7720     0.8388
    1.7730     0.8124
    1.7740     0.7861
    1.7750     0.7597
    1.7760     0.7333
    1.7770     0.7069
    1.7780     0.6806
    1.7790     0.6542
    1.7800     0.6277
    1.7810     0.5968
    1.7820     0.5659
    1.7830     0.5350
    1.7840     0.5041
    1.7850     0.4732
    1.7860     0.4423
    1.7870     0.4114
    1.7880     0.3806
    1.7890     0.3497
    1.7900     0.3190
    1.7910     0.3026
    1.7920     0.2862
    1.7930     0.2698
    1.7940     0.2533
    1.7950     0.2369
    1.7960     0.2204
    1.7970     0.2040
    1.7980     0.1875
    1.7990     0.1710
    1.8000     0.1546
    1.8010     0.1462
    1.8020     0.1378
    1.8030     0.1294
    1.8040     0.1210
    1.8050     0.1127
    1.8060     0.1044
    1.8070     0.0960
    1.8080     0.0877
    1.8090     0.0794
    1.8100     0.0712
    1.8110     0.0684
    1.8120     0.0657
    1.8130     0.0629
    1.8140     0.0601
    1.8150     0.0574
    1.8160     0.0546
    1.8170     0.0518
    1.8180     0.0491
    1.8190     0.0463
    1.8200     0.0436
    1.8210     0.0414
    1.8220     0.0392
    1.8230     0.0370
    1.8240     0.0348
    1.8250     0.0326
    1.8260     0.0304
    1.8270     0.0282
    1.8280     0.0260
    1.8290     0.0239
    1.8300     0.0217
    1.8310     0.0208
    1.8320     0.0199
    1.8330     0.0190
    1.8340     0.0182
    1.8350     0.0173
    1.8360     0.0164
    1.8370     0.0155
    1.8380     0.0146
    1.8390     0.0138
    1.8400     0.0129
    1.8410     0.0125
    1.8420     0.0120
    1.8430     0.0116
    1.8440     0.0112
    1.8450     0.0107
    1.8460     0.0103
    1.8470     0.0099
    1.8480     0.0094
    1.8490     0.0090
    1.8500     0.0086
    1.8510     0.0081
    1.8520     0.0077
    1.8530     0.0073
    1.8540     0.0068
    1.8550     0.0064
    1.8560     0.0060
    1.8570     0.0055
    1.8580     0.0051
    1.8590     0.0047
    1.8600     0.0043
    1.8610     0.0041
    1.8620     0.0040
    1.8630     0.0039
    1.8640     0.0038
    1.8650     0.0037
    1.8660     0.0036
    1.8670     0.0035
    1.8680     0.0034
    1.8690     0.0033
    1.8700     0.0032
    1.8710     0.0031
    1.8720     0.0030
    1.8730     0.0028
    1.8740     0.0027
    1.8750     0.0026
    1.8760     0.0025
    1.8770     0.0024
    1.8780     0.0023
    1.8790     0.0022
    1.8800     0.0021
    1.8810     0.0019
    1.8820     0.0017
    1.8830     0.0015
    1.8840     0.0013
    1.8850     0.0010
    1.8860     0.0008
    1.8870     0.0006
    1.8880     0.0004
    1.8890     0.0002
