77 S2B:Band10
1339 0.000024519
1340 0.000136201
1341 0.000124629
1342 0.000088936
1343 0.000124168
1344 0.000099355
1345 0.000139099
1346 0.000157557
1347 0.000192392
1348 0.000259670
1349 0.000322212
1350 0.000346650
1351 0.000368979
1352 0.000547142
1353 0.001050938
1354 0.002181050
1355 0.004790717
1356 0.011310302
1357 0.026613248
1358 0.057559739
1359 0.111412066
1360 0.195341340
1361 0.313481067
1362 0.461097437
1363 0.622195300
1364 0.770430827
1365 0.880535922
1366 0.944739275
1367 0.973978750
1368 0.986117560
1369 0.993032255
1370 0.997734947
1371 1.000000000
1372 0.999440391
1373 0.996198129
1374 0.990856204
1375 0.984248642
1376 0.977116358
1377 0.970164279
1378 0.963770069
1379 0.957577366
1380 0.951303557
1381 0.945493586
1382 0.940718335
1383 0.937614311
1384 0.936274454
1385 0.935168115
1386 0.930686598
1387 0.916569659
1388 0.885721386
1389 0.831894981
1390 0.749343254
1391 0.636158996
1392 0.498288066
1393 0.349944188
1394 0.213253720
1395 0.110112562
1396 0.048081597
1397 0.018603066
1398 0.007193874
1399 0.003163765
1400 0.001575442
1401 0.000851825
1402 0.000531218
1403 0.000332090
1404 0.000194334
1405 0.000220804
1406 0.000226309
1407 0.000181374
1408 0.000160139
1409 0.000154509
1410 0.000147455
1411 0.000147793
1412 0.000174384
1413 0.000234351
1414 0.000119559
1415 0.000043811
