33 S2B:Band8A
848 0.001661751
849 0.016025810
850 0.032253895
851 0.073411273
852 0.168937582
853 0.345506138
854 0.569417239
855 0.796349960
856 0.937581155
857 0.980942645
858 0.987241334
859 0.994409463
860 0.998963959
861 0.999788107
862 1.000000000
863 0.994482469
864 0.987807181
865 0.983157165
866 0.979826684
867 0.975089851
868 0.972818786
869 0.966320275
870 0.958195153
871 0.941870745
872 0.894185366
873 0.778588669
874 0.597362542
875 0.377361257
876 0.184667876
877 0.079045495
878 0.033393337
879 0.015808546
880 0.001624040
