40 S2B:Band4
646 0.005090312
647 0.026897029
648 0.120879860
649 0.337422730
650 0.603624689
651 0.810967523
652 0.915738330
653 0.926052880
654 0.920832420
655 0.911237119
656 0.902005739
657 0.897081513
658 0.899066029
659 0.900672338
660 0.902488081
661 0.906886173
662 0.915610562
663 0.927756371
664 0.941055569
665 0.954196504
666 0.966908428
667 0.981390028
668 0.991619278
669 1.000000000
670 0.999754078
671 0.994046577
672 0.981792818
673 0.968692612
674 0.957607907
675 0.945644641
676 0.925809770
677 0.897152993
678 0.838534201
679 0.698446797
680 0.493502787
681 0.276900547
682 0.107781358
683 0.029913795
684 0.007336673
685 0.000838123
