239 S2B:Band12
2065 0.000227567
2066 0.000739283
2067 0.001656775
2068 0.003019587
2069 0.004589377
2070 0.005924935
2071 0.007534774
2072 0.008748008
2073 0.010265481
2074 0.012236179
2075 0.014593479
2076 0.017458937
2077 0.021063245
2078 0.025428056
2079 0.030609440
2080 0.037234457
2081 0.045771325
2082 0.056362502
2083 0.070016996
2084 0.088004988
2085 0.110694417
2086 0.138884174
2087 0.173287791
2088 0.214374591
2089 0.261990789
2090 0.317227795
2091 0.380865706
2092 0.449470316
2093 0.522785467
2094 0.598898522
2095 0.672128213
2096 0.737899139
2097 0.792930708
2098 0.835658783
2099 0.866335142
2100 0.886329697
2101 0.897588245
2102 0.901517855
2103 0.900790721
2104 0.897113531
2105 0.892352598
2106 0.887964280
2107 0.884432193
2108 0.882095059
2109 0.881695748
2110 0.882697820
2111 0.887154405
2112 0.892732955
2113 0.898903582
2114 0.905619271
2115 0.912841006
2116 0.920179789
2117 0.926912882
2118 0.933094888
2119 0.938438355
2120 0.943377038
2121 0.945579227
2122 0.947407512
2123 0.948568289
2124 0.948829720
2125 0.948111791
2126 0.947115734
2127 0.946126982
2128 0.944870644
2129 0.943485039
2130 0.941894052
2131 0.942445527
2132 0.943274219
2133 0.944243794
2134 0.945286060
2135 0.946212496
2136 0.947084905
2137 0.947941677
2138 0.948940117
2139 0.949880321
2140 0.950676414
2141 0.951054332
2142 0.951531833
2143 0.952326952
2144 0.952721089
2145 0.952552047
2146 0.952417855
2147 0.952654092
2148 0.952961970
2149 0.953318320
2150 0.953779111
2151 0.954291677
2152 0.954837035
2153 0.955539257
2154 0.956750259
2155 0.957986198
2156 0.959237259
2157 0.960451396
2158 0.961413020
2159 0.962643880
2160 0.964122014
2161 0.963609737
2162 0.963104517
2163 0.962753979
2164 0.961850624
2165 0.960730243
2166 0.959560745
2167 0.958377188
2168 0.956972347
2169 0.955119849
2170 0.953076144
2171 0.954060550
2172 0.955176712
2173 0.955719159
2174 0.955674616
2175 0.955356546
2176 0.954611539
2177 0.953453566
2178 0.952124922
2179 0.950597985
2180 0.948594073
2181 0.948562399
2182 0.948548442
2183 0.948295980
2184 0.947706109
2185 0.946620434
2186 0.945215760
2187 0.943480979
2188 0.942137936
2189 0.940654943
2190 0.938918576
2191 0.941493007
2192 0.943778866
2193 0.945751584
2194 0.947277308
2195 0.948481875
2196 0.949621704
2197 0.950767479
2198 0.951991493
2199 0.953624457
2200 0.955262594
2201 0.952413026
2202 0.950488752
2203 0.949721652
2204 0.949105026
2205 0.949712169
2206 0.951672960
2207 0.955012323
2208 0.959777857
2209 0.966208245
2210 0.973886163
2211 0.970920044
2212 0.969139883
2213 0.968329935
2214 0.967635904
2215 0.967555279
2216 0.968040602
2217 0.968508397
2218 0.968956722
2219 0.969510275
2220 0.969967732
2221 0.969097684
2222 0.968258197
2223 0.967549788
2224 0.966503940
2225 0.965459532
2226 0.964366923
2227 0.962929804
2228 0.961665594
2229 0.960638210
2230 0.959368085
2231 0.959707097
2232 0.960359643
2233 0.961644800
2234 0.962729828
2235 0.963700810
2236 0.964773629
2237 0.965512685
2238 0.966349350
2239 0.967538420
2240 0.968868150
2241 0.970549249
2242 0.972426171
2243 0.974301395
2244 0.976012041
2245 0.977203216
2246 0.978986062
2247 0.980446263
2248 0.981524356
2249 0.982531672
2250 0.983336508
2251 0.984631470
2252 0.986737985
2253 0.989144288
2254 0.991223348
2255 0.993184480
2256 0.995273324
2257 0.996704667
2258 0.998282418
2259 0.999605161
2260 1.000000000
2261 0.998654554
2262 0.995753158
2263 0.990605371
2264 0.981520886
2265 0.968715091
2266 0.951679125
2267 0.929343556
2268 0.902305299
2269 0.870440840
2270 0.831947776
2271 0.786119345
2272 0.736343248
2273 0.681862245
2274 0.623137717
2275 0.564024643
2276 0.506650261
2277 0.451376118
2278 0.400487569
2279 0.354176773
2280 0.309839746
2281 0.269312679
2282 0.234102225
2283 0.202252980
2284 0.173669677
2285 0.149356419
2286 0.128957364
2287 0.111530972
2288 0.096899480
2289 0.084874763
2290 0.074063524
2291 0.064469344
2292 0.056321561
2293 0.049381236
2294 0.043196026
2295 0.037986086
2296 0.033468826
2297 0.028983375
2298 0.025085752
2299 0.020007676
2300 0.013837921
2301 0.008464001
2302 0.004443102
2303 0.000848571
