144 S2B:Band1100
1538 0.000011500
1539 0.000026996
1540 0.000081157
1541 0.000169507
1542 0.000273428
1543 0.000343776
1544 0.000459515
1545 0.000651677
1546 0.000822300
1547 0.001076746
1548 0.001428776
1549 0.001958681
1550 0.002660821
1551 0.003682001
1552 0.005217308
1553 0.007572684
1554 0.011246256
1555 0.017131410
1556 0.026703068
1557 0.041388968
1558 0.062904714
1559 0.094492263
1560 0.139743066
1561 0.200760503
1562 0.281513117
1563 0.380879812
1564 0.490209915
1565 0.606204368
1566 0.714558374
1567 0.803514520
1568 0.869866550
1569 0.916284448
1570 0.946609049
1571 0.963892644
1572 0.973065345
1573 0.977057349
1574 0.977796293
1575 0.976890332
1576 0.975338048
1577 0.973392995
1578 0.971480798
1579 0.969740168
1580 0.969095034
1581 0.969697420
1582 0.970522078
1583 0.972736269
1584 0.976138953
1585 0.978944681
1586 0.981010782
1587 0.983513536
1588 0.984837133
1589 0.984404132
1590 0.983920166
1591 0.983372624
1592 0.981458796
1593 0.979391949
1594 0.978058392
1595 0.976263051
1596 0.975392679
1597 0.975708900
1598 0.976805245
1599 0.978986183
1600 0.981998545
1601 0.985208930
1602 0.988659162
1603 0.992331977
1604 0.994804634
1605 0.995898090
1606 0.995903119
1607 0.994773417
1608 0.992101664
1609 0.988591774
1610 0.984908418
1611 0.981101728
1612 0.976805235
1613 0.973545660
1614 0.971948013
1615 0.970535970
1616 0.970436371
1617 0.972382602
1618 0.975244492
1619 0.978552743
1620 0.982971465
1621 0.988085080
1622 0.992662671
1623 0.996435703
1624 0.999060560
1625 1.000000000
1626 0.999036445
1627 0.996642174
1628 0.993293536
1629 0.989674029
1630 0.985798380
1631 0.982153372
1632 0.979817194
1633 0.979473331
1634 0.980262857
1635 0.982464858
1636 0.986000509
1637 0.989562258
1638 0.991723341
1639 0.992201372
1640 0.989392290
1641 0.982102331
1642 0.970157085
1643 0.953186779
1644 0.932369062
1645 0.908001591
1646 0.884086561
1647 0.864271526
1648 0.850889881
1649 0.844206087
1650 0.843448232
1651 0.847024828
1652 0.848701823
1653 0.840540222
1654 0.813525920
1655 0.756843245
1656 0.670393147
1657 0.565754809
1658 0.457566037
1659 0.353763564
1660 0.256912748
1661 0.176281000
1662 0.115842988
1663 0.073512768
1664 0.046527708
1665 0.029059850
1666 0.018579999
1667 0.012463091
1668 0.008789440
1669 0.006316358
1670 0.004582867
1671 0.003359394
1672 0.002462997
1673 0.001990739
1674 0.001501488
1675 0.001123371
1676 0.000782720
1677 0.000541322
1678 0.000281204
1679 0.000133470
