47 S2B:Band1
411 0.006797798
412 0.010996430
413 0.004208363
414 0.006568034
415 0.005883123
416 0.007130110
417 0.004333651
418 0.006263537
419 0.004393687
420 0.002531570
421 0.000621707
422 0.002117729
423 0.003175796
424 0.005213085
425 0.003387375
426 0.002586710
427 0.002384167
428 0.004595227
429 0.012990945
430 0.050622293
431 0.188722410
432 0.459106539
433 0.730160597
434 0.847259495
435 0.871235903
436 0.881448354
437 0.899392736
438 0.918669431
439 0.933420754
440 0.945963190
441 0.950410310
442 0.953972339
443 0.969031680
444 0.999546173
445 1.000000000
446 0.976368067
447 0.964049570
448 0.954175440
449 0.923744832
450 0.885488790
451 0.809016274
452 0.601561144
453 0.306766029
454 0.108527711
455 0.030542088
456 0.008935131
457 0.000000001
