47 S2B:Band3
536 0.001849077
537 0.015481298
538 0.036661939
539 0.081181302
540 0.169521526
541 0.333499478
542 0.587551283
543 0.810898276
544 0.914486774
545 0.945520385
546 0.949175317
547 0.943501504
548 0.928333429
549 0.912819616
550 0.901482543
551 0.900858652
552 0.907289434
553 0.922649114
554 0.942932043
555 0.964024785
556 0.983470408
557 0.999446482
558 1.000000000
559 0.991955712
560 0.976582923
561 0.951151834
562 0.924621468
563 0.891851701
564 0.868157818
565 0.847608394
566 0.839208590
567 0.832980675
568 0.830820549
569 0.835211024
570 0.848756910
571 0.866563551
572 0.875196149
573 0.870378220
574 0.857256926
575 0.809749622
576 0.677463956
577 0.456507841
578 0.247691784
579 0.127866254
580 0.059016809
581 0.025724357
582 0.005219158
