95 S2B:Band2
438 0.001893306
439 0.019440751
440 0.020059028
441 0.014109631
442 0.015612858
443 0.015448868
444 0.017034152
445 0.013311359
446 0.014462036
447 0.009592091
448 0.014500694
449 0.011159264
450 0.013332524
451 0.013557310
452 0.014260000
453 0.014717634
454 0.015989541
455 0.030654247
456 0.055432753
457 0.120228972
458 0.252260953
459 0.462862499
460 0.652411690
461 0.777508320
462 0.824333103
463 0.832077099
464 0.835037767
465 0.838761115
466 0.864126031
467 0.883293587
468 0.905693820
469 0.921186621
470 0.936616967
471 0.931024626
472 0.927547539
473 0.916622744
474 0.906016500
475 0.897870416
476 0.903146598
477 0.908994286
478 0.920859439
479 0.924523699
480 0.918843658
481 0.907981319
482 0.898032665
483 0.887357960
484 0.873065866
485 0.857761622
486 0.846132814
487 0.843382711
488 0.857924772
489 0.879320632
490 0.903975503
491 0.919580552
492 0.946712663
493 0.969406608
494 0.993636046
495 0.999320649
496 1.000000000
497 0.995107621
498 0.984163047
499 0.979509527
500 0.978185449
501 0.972278886
502 0.962934920
503 0.953558240
504 0.938134944
505 0.924777929
506 0.909590075
507 0.902313691
508 0.892251397
509 0.890060534
510 0.891851681
511 0.899164865
512 0.910901434
513 0.924636296
514 0.938626228
515 0.953526854
516 0.971831245
517 0.987690608
518 0.996791216
519 0.993851876
520 0.981638300
521 0.958970396
522 0.893259218
523 0.736063596
524 0.521015280
525 0.332578748
526 0.195080476
527 0.117429222
528 0.075138809
529 0.050991983
530 0.032154822
531 0.015134166
532 0.004477169
