224    tm4:Band4
    0.7260     0.0005
    0.7270     0.0010
    0.7280     0.0014
    0.7290     0.0019
    0.7300     0.0024
    0.7310     0.0029
    0.7320     0.0033
    0.7330     0.0038
    0.7340     0.0043
    0.7350     0.0048
    0.7360     0.0053
    0.7370     0.0058
    0.7380     0.0063
    0.7390     0.0067
    0.7400     0.0072
    0.7410     0.0077
    0.7420     0.0082
    0.7430     0.0087
    0.7440     0.0092
    0.7450     0.0097
    0.7460     0.0116
    0.7470     0.0136
    0.7480     0.0156
    0.7490     0.0175
    0.7500     0.0195
    0.7510     0.0224
    0.7520     0.0254
    0.7530     0.0283
    0.7540     0.0313
    0.7550     0.0343
    0.7560     0.0422
    0.7570     0.0503
    0.7580     0.0583
    0.7590     0.0663
    0.7600     0.0744
    0.7610     0.0825
    0.7620     0.0905
    0.7630     0.0987
    0.7640     0.1207
    0.7650     0.1428
    0.7660     0.1649
    0.7670     0.1871
    0.7680     0.2158
    0.7690     0.2511
    0.7700     0.2864
    0.7710     0.3219
    0.7720     0.3573
    0.7730     0.3929
    0.7740     0.4285
    0.7750     0.4642
    0.7760     0.5000
    0.7770     0.5436
    0.7780     0.5868
    0.7790     0.6301
    0.7800     0.6733
    0.7810     0.7166
    0.7820     0.7599
    0.7830     0.7950
    0.7840     0.8218
    0.7850     0.8487
    0.7860     0.8756
    0.7870     0.9025
    0.7880     0.9170
    0.7890     0.9315
    0.7900     0.9460
    0.7910     0.9564
    0.7920     0.9629
    0.7930     0.9695
    0.7940     0.9760
    0.7950     0.9826
    0.7960     0.9861
    0.7970     0.9896
    0.7980     0.9930
    0.7990     0.9965
    0.8000     1.0000
    0.8010     0.9973
    0.8020     0.9945
    0.8030     0.9918
    0.8040     0.9891
    0.8050     0.9863
    0.8060     0.9833
    0.8070     0.9803
    0.8080     0.9772
    0.8090     0.9742
    0.8100     0.9712
    0.8110     0.9682
    0.8120     0.9651
    0.8130     0.9621
    0.8140     0.9591
    0.8150     0.9561
    0.8160     0.9530
    0.8170     0.9500
    0.8180     0.9474
    0.8190     0.9447
    0.8200     0.9420
    0.8210     0.9391
    0.8220     0.9362
    0.8230     0.9333
    0.8240     0.9304
    0.8250     0.9304
    0.8260     0.9320
    0.8270     0.9340
    0.8280     0.9360
    0.8290     0.9380
    0.8300     0.9399
    0.8310     0.9419
    0.8320     0.9439
    0.8330     0.9459
    0.8340     0.9479
    0.8350     0.9499
    0.8360     0.9519
    0.8370     0.9539
    0.8380     0.9558
    0.8390     0.9578
    0.8400     0.9598
    0.8410     0.9618
    0.8420     0.9638
    0.8430     0.9658
    0.8440     0.9677
    0.8450     0.9697
    0.8460     0.9717
    0.8470     0.9737
    0.8480     0.9756
    0.8490     0.9776
    0.8500     0.9796
    0.8510     0.9782
    0.8520     0.9768
    0.8530     0.9754
    0.8540     0.9740
    0.8550     0.9726
    0.8560     0.9711
    0.8570     0.9697
    0.8580     0.9674
    0.8590     0.9651
    0.8600     0.9627
    0.8610     0.9604
    0.8620     0.9591
    0.8630     0.9589
    0.8640     0.9587
    0.8650     0.9599
    0.8660     0.9610
    0.8670     0.9621
    0.8680     0.9632
    0.8690     0.9643
    0.8700     0.9655
    0.8710     0.9666
    0.8720     0.9677
    0.8730     0.9653
    0.8740     0.9626
    0.8750     0.9599
    0.8760     0.9549
    0.8770     0.9499
    0.8780     0.9449
    0.8790     0.9400
    0.8800     0.9350
    0.8810     0.9290
    0.8820     0.9218
    0.8830     0.9147
    0.8840     0.9077
    0.8850     0.9006
    0.8860     0.8936
    0.8870     0.8866
    0.8880     0.8796
    0.8890     0.8726
    0.8900     0.8657
    0.8910     0.8648
    0.8920     0.8640
    0.8930     0.8577
    0.8940     0.8460
    0.8950     0.8344
    0.8960     0.8229
    0.8970     0.8114
    0.8980     0.8000
    0.8990     0.7889
    0.9000     0.7786
    0.9010     0.7333
    0.9020     0.6882
    0.9030     0.6434
    0.9040     0.5785
    0.9050     0.5090
    0.9060     0.4400
    0.9070     0.3714
    0.9080     0.3211
    0.9090     0.2755
    0.9100     0.2303
    0.9110     0.1853
    0.9120     0.1557
    0.9130     0.1301
    0.9140     0.1047
    0.9150     0.0840
    0.9160     0.0738
    0.9170     0.0638
    0.9180     0.0538
    0.9190     0.0439
    0.9200     0.0341
    0.9210     0.0306
    0.9220     0.0271
    0.9230     0.0236
    0.9240     0.0201
    0.9250     0.0167
    0.9260     0.0150
    0.9270     0.0132
    0.9280     0.0115
    0.9290     0.0098
    0.9300     0.0081
    0.9310     0.0077
    0.9320     0.0072
    0.9330     0.0068
    0.9340     0.0063
    0.9350     0.0059
    0.9360     0.0055
    0.9370     0.0051
    0.9380     0.0046
    0.9390     0.0042
    0.9400     0.0038
    0.9410     0.0033
    0.9420     0.0028
    0.9430     0.0024
    0.9440     0.0019
    0.9450     0.0015
    0.9460     0.0012
    0.9470     0.0008
    0.9480     0.0005
    0.9490     0.0003
