2851    tm4:Band6
    10.000    0.00900
    10.001    0.00912
    10.002    0.00925
    10.003    0.00937
    10.004    0.00948
    10.005    0.00959
    10.006    0.00969
    10.007    0.00979
    10.008    0.00987
    10.009    0.00994
    10.010    0.01000
    10.011    0.01004
    10.012    0.01007
    10.013    0.01009
    10.014    0.01010
    10.015    0.01010
    10.016    0.01009
    10.017    0.01008
    10.018    0.01005
    10.019    0.01003
    10.020    0.01000
    10.021    0.00997
    10.022    0.00994
    10.023    0.00992
    10.024    0.00990
    10.025    0.00988
    10.026    0.00988
    10.027    0.00989
    10.028    0.00991
    10.029    0.00994
    10.030    0.01000
    10.031    0.01008
    10.032    0.01017
    10.033    0.01027
    10.034    0.01038
    10.035    0.01050
    10.036    0.01061
    10.037    0.01073
    10.038    0.01083
    10.039    0.01092
    10.040    0.01100
    10.041    0.01106
    10.042    0.01110
    10.043    0.01112
    10.044    0.01113
    10.045    0.01113
    10.046    0.01111
    10.047    0.01109
    10.048    0.01106
    10.049    0.01103
    10.050    0.01100
    10.051    0.01097
    10.052    0.01094
    10.053    0.01091
    10.054    0.01089
    10.055    0.01087
    10.056    0.01087
    10.057    0.01088
    10.058    0.01090
    10.059    0.01094
    10.060    0.01100
    10.061    0.01108
    10.062    0.01117
    10.063    0.01127
    10.064    0.01139
    10.065    0.01150
    10.066    0.01162
    10.067    0.01173
    10.068    0.01183
    10.069    0.01192
    10.070    0.01200
    10.071    0.01206
    10.072    0.01209
    10.073    0.01211
    10.074    0.01212
    10.075    0.01212
    10.076    0.01211
    10.077    0.01208
    10.078    0.01206
    10.079    0.01203
    10.080    0.01200
    10.081    0.01197
    10.082    0.01195
    10.083    0.01192
    10.084    0.01191
    10.085    0.01190
    10.086    0.01190
    10.087    0.01191
    10.088    0.01192
    10.089    0.01196
    10.090    0.01200
    10.091    0.01206
    10.092    0.01213
    10.093    0.01221
    10.094    0.01231
    10.095    0.01241
    10.096    0.01252
    10.097    0.01264
    10.098    0.01275
    10.099    0.01288
    10.100    0.01300
    10.101    0.01312
    10.102    0.01325
    10.103    0.01337
    10.104    0.01349
    10.105    0.01362
    10.106    0.01375
    10.107    0.01388
    10.108    0.01401
    10.109    0.01415
    10.110    0.01429
    10.111    0.01443
    10.112    0.01458
    10.113    0.01474
    10.114    0.01490
    10.115    0.01506
    10.116    0.01523
    10.117    0.01541
    10.118    0.01560
    10.119    0.01580
    10.120    0.01600
    10.121    0.01621
    10.122    0.01643
    10.123    0.01665
    10.124    0.01687
    10.125    0.01709
    10.126    0.01730
    10.127    0.01749
    10.128    0.01768
    10.129    0.01785
    10.130    0.01800
    10.131    0.01813
    10.132    0.01824
    10.133    0.01833
    10.134    0.01842
    10.135    0.01850
    10.136    0.01859
    10.137    0.01867
    10.138    0.01877
    10.139    0.01887
    10.140    0.01900
    10.141    0.01915
    10.142    0.01931
    10.143    0.01950
    10.144    0.01969
    10.145    0.01990
    10.146    0.02011
    10.147    0.02033
    10.148    0.02056
    10.149    0.02078
    10.150    0.02100
    10.151    0.02121
    10.152    0.02142
    10.153    0.02163
    10.154    0.02183
    10.155    0.02203
    10.156    0.02222
    10.157    0.02242
    10.158    0.02261
    10.159    0.02280
    10.160    0.02300
    10.161    0.02320
    10.162    0.02340
    10.163    0.02359
    10.164    0.02380
    10.165    0.02400
    10.166    0.02420
    10.167    0.02440
    10.168    0.02460
    10.169    0.02480
    10.170    0.02500
    10.171    0.02520
    10.172    0.02540
    10.173    0.02559
    10.174    0.02579
    10.175    0.02599
    10.176    0.02619
    10.177    0.02639
    10.178    0.02659
    10.179    0.02679
    10.180    0.02700
    10.181    0.02721
    10.182    0.02742
    10.183    0.02763
    10.184    0.02784
    10.185    0.02805
    10.186    0.02826
    10.187    0.02846
    10.188    0.02865
    10.189    0.02883
    10.190    0.02900
    10.191    0.02916
    10.192    0.02932
    10.193    0.02947
    10.194    0.02963
    10.195    0.02980
    10.196    0.02999
    10.197    0.03019
    10.198    0.03043
    10.199    0.03069
    10.200    0.03100
    10.201    0.03135
    10.202    0.03174
    10.203    0.03216
    10.204    0.03262
    10.205    0.03312
    10.206    0.03365
    10.207    0.03420
    10.208    0.03478
    10.209    0.03538
    10.210    0.03600
    10.211    0.03664
    10.212    0.03729
    10.213    0.03796
    10.214    0.03865
    10.215    0.03934
    10.216    0.04005
    10.217    0.04077
    10.218    0.04151
    10.219    0.04225
    10.220    0.04300
    10.221    0.04376
    10.222    0.04453
    10.223    0.04530
    10.224    0.04609
    10.225    0.04688
    10.226    0.04769
    10.227    0.04850
    10.228    0.04932
    10.229    0.05016
    10.230    0.05100
    10.231    0.05185
    10.232    0.05270
    10.233    0.05354
    10.234    0.05435
    10.235    0.05512
    10.236    0.05585
    10.237    0.05651
    10.238    0.05710
    10.239    0.05760
    10.240    0.05800
    10.241    0.05830
    10.242    0.05852
    10.243    0.05869
    10.244    0.05883
    10.245    0.05899
    10.246    0.05919
    10.247    0.05946
    10.248    0.05983
    10.249    0.06034
    10.250    0.06100
    10.251    0.06185
    10.252    0.06285
    10.253    0.06399
    10.254    0.06522
    10.255    0.06653
    10.256    0.06787
    10.257    0.06922
    10.258    0.07054
    10.259    0.07181
    10.260    0.07300
    10.261    0.07408
    10.262    0.07505
    10.263    0.07594
    10.264    0.07676
    10.265    0.07752
    10.266    0.07824
    10.267    0.07894
    10.268    0.07962
    10.269    0.08030
    10.270    0.08100
    10.271    0.08173
    10.272    0.08249
    10.273    0.08327
    10.274    0.08406
    10.275    0.08488
    10.276    0.08570
    10.277    0.08653
    10.278    0.08736
    10.279    0.08818
    10.280    0.08900
    10.281    0.08981
    10.282    0.09060
    10.283    0.09139
    10.284    0.09218
    10.285    0.09297
    10.286    0.09376
    10.287    0.09455
    10.288    0.09536
    10.289    0.09617
    10.290    0.09700
    10.291    0.09784
    10.292    0.09870
    10.293    0.09956
    10.294    0.10041
    10.295    0.10125
    10.296    0.10207
    10.297    0.10286
    10.298    0.10362
    10.299    0.10433
    10.300    0.10500
    10.301    0.10561
    10.302    0.10620
    10.303    0.10680
    10.304    0.10744
    10.305    0.10816
    10.306    0.10898
    10.307    0.10994
    10.308    0.11108
    10.309    0.11242
    10.310    0.11400
    10.311    0.11584
    10.312    0.11794
    10.313    0.12028
    10.314    0.12283
    10.315    0.12557
    10.316    0.12850
    10.317    0.13159
    10.318    0.13482
    10.319    0.13818
    10.320    0.14164
    10.321    0.14519
    10.322    0.14881
    10.323    0.15247
    10.324    0.15617
    10.325    0.15989
    10.326    0.16359
    10.327    0.16728
    10.328    0.17092
    10.329    0.17450
    10.330    0.17800
    10.331    0.18141
    10.332    0.18473
    10.333    0.18799
    10.334    0.19119
    10.335    0.19435
    10.336    0.19748
    10.337    0.20059
    10.338    0.20371
    10.339    0.20684
    10.340    0.21000
    10.341    0.21320
    10.342    0.21643
    10.343    0.21970
    10.344    0.22299
    10.345    0.22631
    10.346    0.22963
    10.347    0.23297
    10.348    0.23632
    10.349    0.23966
    10.350    0.24300
    10.351    0.24633
    10.352    0.24965
    10.353    0.25296
    10.354    0.25626
    10.355    0.25956
    10.356    0.26285
    10.357    0.26614
    10.358    0.26942
    10.359    0.27271
    10.360    0.27600
    10.361    0.27929
    10.362    0.28258
    10.363    0.28588
    10.364    0.28917
    10.365    0.29247
    10.366    0.29577
    10.367    0.29908
    10.368    0.30238
    10.369    0.30569
    10.370    0.30900
    10.371    0.31231
    10.372    0.31562
    10.373    0.31894
    10.374    0.32225
    10.375    0.32556
    10.376    0.32886
    10.377    0.33216
    10.378    0.33545
    10.379    0.33873
    10.380    0.34200
    10.381    0.34526
    10.382    0.34852
    10.383    0.35177
    10.384    0.35503
    10.385    0.35831
    10.386    0.36159
    10.387    0.36490
    10.388    0.36823
    10.389    0.37160
    10.390    0.37500
    10.391    0.37844
    10.392    0.38192
    10.393    0.38542
    10.394    0.38894
    10.395    0.39247
    10.396    0.39601
    10.397    0.39953
    10.398    0.40305
    10.399    0.40654
    10.400    0.41000
    10.401    0.41343
    10.402    0.41682
    10.403    0.42020
    10.404    0.42357
    10.405    0.42693
    10.406    0.43030
    10.407    0.43368
    10.408    0.43708
    10.409    0.44052
    10.410    0.44400
    10.411    0.44753
    10.412    0.45111
    10.413    0.45474
    10.414    0.45843
    10.415    0.46219
    10.416    0.46601
    10.417    0.46990
    10.418    0.47386
    10.419    0.47789
    10.420    0.48200
    10.421    0.48619
    10.422    0.49045
    10.423    0.49477
    10.424    0.49915
    10.425    0.50357
    10.426    0.50802
    10.427    0.51250
    10.428    0.51700
    10.429    0.52150
    10.430    0.52600
    10.431    0.53049
    10.432    0.53498
    10.433    0.53946
    10.434    0.54394
    10.435    0.54842
    10.436    0.55291
    10.437    0.55741
    10.438    0.56192
    10.439    0.56645
    10.440    0.57100
    10.441    0.57557
    10.442    0.58017
    10.443    0.58477
    10.444    0.58939
    10.445    0.59401
    10.446    0.59863
    10.447    0.60324
    10.448    0.60784
    10.449    0.61243
    10.450    0.61700
    10.451    0.62154
    10.452    0.62607
    10.453    0.63060
    10.454    0.63513
    10.455    0.63967
    10.456    0.64425
    10.457    0.64885
    10.458    0.65351
    10.459    0.65822
    10.460    0.66300
    10.461    0.66785
    10.462    0.67274
    10.463    0.67764
    10.464    0.68250
    10.465    0.68730
    10.466    0.69199
    10.467    0.69654
    10.468    0.70092
    10.469    0.70508
    10.470    0.70900
    10.471    0.71264
    10.472    0.71602
    10.473    0.71917
    10.474    0.72212
    10.475    0.72489
    10.476    0.72750
    10.477    0.73000
    10.478    0.73239
    10.479    0.73472
    10.480    0.73700
    10.481    0.73926
    10.482    0.74151
    10.483    0.74374
    10.484    0.74595
    10.485    0.74815
    10.486    0.75034
    10.487    0.75252
    10.488    0.75469
    10.489    0.75685
    10.490    0.75900
    10.491    0.76114
    10.492    0.76328
    10.493    0.76543
    10.494    0.76758
    10.495    0.76975
    10.496    0.77194
    10.497    0.77415
    10.498    0.77639
    10.499    0.77868
    10.500    0.78100
    10.501    0.78337
    10.502    0.78578
    10.503    0.78821
    10.504    0.79065
    10.505    0.79310
    10.506    0.79554
    10.507    0.79796
    10.508    0.80036
    10.509    0.80270
    10.510    0.80500
    10.511    0.80723
    10.512    0.80939
    10.513    0.81147
    10.514    0.81345
    10.515    0.81534
    10.516    0.81712
    10.517    0.81879
    10.518    0.82033
    10.519    0.82174
    10.520    0.82300
    10.521    0.82412
    10.522    0.82511
    10.523    0.82599
    10.524    0.82679
    10.525    0.82753
    10.526    0.82822
    10.527    0.82889
    10.528    0.82956
    10.529    0.83026
    10.530    0.83100
    10.531    0.83180
    10.532    0.83266
    10.533    0.83356
    10.534    0.83448
    10.535    0.83543
    10.536    0.83638
    10.537    0.83733
    10.538    0.83825
    10.539    0.83915
    10.540    0.84000
    10.541    0.84080
    10.542    0.84154
    10.543    0.84224
    10.544    0.84288
    10.545    0.84347
    10.546    0.84401
    10.547    0.84451
    10.548    0.84497
    10.549    0.84537
    10.550    0.84574
    10.551    0.84607
    10.552    0.84636
    10.553    0.84661
    10.554    0.84682
    10.555    0.84700
    10.556    0.84715
    10.557    0.84726
    10.558    0.84735
    10.559    0.84740
    10.560    0.84743
    10.561    0.84743
    10.562    0.84741
    10.563    0.84737
    10.564    0.84730
    10.565    0.84722
    10.566    0.84712
    10.567    0.84700
    10.568    0.84686
    10.569    0.84671
    10.570    0.84655
    10.571    0.84638
    10.572    0.84619
    10.573    0.84600
    10.574    0.84581
    10.575    0.84561
    10.576    0.84540
    10.577    0.84520
    10.578    0.84499
    10.579    0.84478
    10.580    0.84458
    10.581    0.84438
    10.582    0.84418
    10.583    0.84400
    10.584    0.84382
    10.585    0.84365
    10.586    0.84349
    10.587    0.84334
    10.588    0.84321
    10.589    0.84310
    10.590    0.84300
    10.591    0.84292
    10.592    0.84286
    10.593    0.84282
    10.594    0.84279
    10.595    0.84278
    10.596    0.84279
    10.597    0.84281
    10.598    0.84285
    10.599    0.84290
    10.600    0.84297
    10.601    0.84305
    10.602    0.84315
    10.603    0.84325
    10.604    0.84337
    10.605    0.84351
    10.606    0.84365
    10.607    0.84381
    10.608    0.84397
    10.609    0.84415
    10.610    0.84433
    10.611    0.84453
    10.612    0.84473
    10.613    0.84494
    10.614    0.84516
    10.615    0.84539
    10.616    0.84562
    10.617    0.84586
    10.618    0.84611
    10.619    0.84636
    10.620    0.84661
    10.621    0.84687
    10.622    0.84714
    10.623    0.84740
    10.624    0.84767
    10.625    0.84795
    10.626    0.84822
    10.627    0.84850
    10.628    0.84877
    10.629    0.84905
    10.630    0.84933
    10.631    0.84961
    10.632    0.84988
    10.633    0.85016
    10.634    0.85043
    10.635    0.85070
    10.636    0.85097
    10.637    0.85123
    10.638    0.85149
    10.639    0.85175
    10.640    0.85200
    10.641    0.85225
    10.642    0.85249
    10.643    0.85272
    10.644    0.85296
    10.645    0.85318
    10.646    0.85341
    10.647    0.85363
    10.648    0.85384
    10.649    0.85405
    10.650    0.85426
    10.651    0.85447
    10.652    0.85467
    10.653    0.85487
    10.654    0.85507
    10.655    0.85526
    10.656    0.85545
    10.657    0.85564
    10.658    0.85583
    10.659    0.85602
    10.660    0.85621
    10.661    0.85639
    10.662    0.85658
    10.663    0.85676
    10.664    0.85694
    10.665    0.85713
    10.666    0.85731
    10.667    0.85749
    10.668    0.85768
    10.669    0.85786
    10.670    0.85805
    10.671    0.85823
    10.672    0.85842
    10.673    0.85861
    10.674    0.85880
    10.675    0.85899
    10.676    0.85918
    10.677    0.85938
    10.678    0.85958
    10.679    0.85978
    10.680    0.85998
    10.681    0.86019
    10.682    0.86040
    10.683    0.86062
    10.684    0.86084
    10.685    0.86106
    10.686    0.86128
    10.687    0.86151
    10.688    0.86175
    10.689    0.86199
    10.690    0.86223
    10.691    0.86248
    10.692    0.86274
    10.693    0.86300
    10.694    0.86327
    10.695    0.86354
    10.696    0.86382
    10.697    0.86410
    10.698    0.86440
    10.699    0.86469
    10.700    0.86500
    10.701    0.86531
    10.702    0.86563
    10.703    0.86596
    10.704    0.86630
    10.705    0.86664
    10.706    0.86699
    10.707    0.86734
    10.708    0.86770
    10.709    0.86807
    10.710    0.86845
    10.711    0.86883
    10.712    0.86922
    10.713    0.86961
    10.714    0.87001
    10.715    0.87042
    10.716    0.87083
    10.717    0.87125
    10.718    0.87168
    10.719    0.87211
    10.720    0.87254
    10.721    0.87299
    10.722    0.87343
    10.723    0.87389
    10.724    0.87435
    10.725    0.87481
    10.726    0.87528
    10.727    0.87576
    10.728    0.87624
    10.729    0.87673
    10.730    0.87722
    10.731    0.87771
    10.732    0.87822
    10.733    0.87872
    10.734    0.87923
    10.735    0.87975
    10.736    0.88027
    10.737    0.88079
    10.738    0.88132
    10.739    0.88186
    10.740    0.88240
    10.741    0.88294
    10.742    0.88348
    10.743    0.88404
    10.744    0.88459
    10.745    0.88515
    10.746    0.88571
    10.747    0.88628
    10.748    0.88685
    10.749    0.88742
    10.750    0.88800
    10.751    0.88858
    10.752    0.88917
    10.753    0.88975
    10.754    0.89034
    10.755    0.89094
    10.756    0.89154
    10.757    0.89214
    10.758    0.89274
    10.759    0.89335
    10.760    0.89396
    10.761    0.89457
    10.762    0.89519
    10.763    0.89581
    10.764    0.89643
    10.765    0.89705
    10.766    0.89768
    10.767    0.89830
    10.768    0.89894
    10.769    0.89957
    10.770    0.90020
    10.771    0.90084
    10.772    0.90148
    10.773    0.90212
    10.774    0.90277
    10.775    0.90341
    10.776    0.90406
    10.777    0.90471
    10.778    0.90536
    10.779    0.90602
    10.780    0.90667
    10.781    0.90733
    10.782    0.90798
    10.783    0.90864
    10.784    0.90930
    10.785    0.90997
    10.786    0.91063
    10.787    0.91129
    10.788    0.91196
    10.789    0.91262
    10.790    0.91329
    10.791    0.91396
    10.792    0.91463
    10.793    0.91530
    10.794    0.91597
    10.795    0.91664
    10.796    0.91731
    10.797    0.91798
    10.798    0.91865
    10.799    0.91933
    10.800    0.92000
    10.801    0.92067
    10.802    0.92135
    10.803    0.92202
    10.804    0.92269
    10.805    0.92337
    10.806    0.92404
    10.807    0.92471
    10.808    0.92538
    10.809    0.92605
    10.810    0.92672
    10.811    0.92739
    10.812    0.92805
    10.813    0.92872
    10.814    0.92938
    10.815    0.93004
    10.816    0.93070
    10.817    0.93136
    10.818    0.93201
    10.819    0.93267
    10.820    0.93332
    10.821    0.93397
    10.822    0.93461
    10.823    0.93525
    10.824    0.93589
    10.825    0.93653
    10.826    0.93716
    10.827    0.93779
    10.828    0.93842
    10.829    0.93904
    10.830    0.93966
    10.831    0.94027
    10.832    0.94088
    10.833    0.94149
    10.834    0.94209
    10.835    0.94269
    10.836    0.94328
    10.837    0.94387
    10.838    0.94445
    10.839    0.94503
    10.840    0.94560
    10.841    0.94617
    10.842    0.94673
    10.843    0.94728
    10.844    0.94783
    10.845    0.94838
    10.846    0.94891
    10.847    0.94944
    10.848    0.94997
    10.849    0.95049
    10.850    0.95100
    10.851    0.95150
    10.852    0.95200
    10.853    0.95250
    10.854    0.95298
    10.855    0.95346
    10.856    0.95393
    10.857    0.95440
    10.858    0.95486
    10.859    0.95532
    10.860    0.95577
    10.861    0.95621
    10.862    0.95665
    10.863    0.95709
    10.864    0.95752
    10.865    0.95794
    10.866    0.95836
    10.867    0.95878
    10.868    0.95919
    10.869    0.95960
    10.870    0.96000
    10.871    0.96040
    10.872    0.96080
    10.873    0.96119
    10.874    0.96158
    10.875    0.96197
    10.876    0.96235
    10.877    0.96273
    10.878    0.96311
    10.879    0.96348
    10.880    0.96386
    10.881    0.96423
    10.882    0.96459
    10.883    0.96496
    10.884    0.96532
    10.885    0.96568
    10.886    0.96604
    10.887    0.96640
    10.888    0.96676
    10.889    0.96712
    10.890    0.96747
    10.891    0.96783
    10.892    0.96818
    10.893    0.96853
    10.894    0.96888
    10.895    0.96924
    10.896    0.96959
    10.897    0.96994
    10.898    0.97029
    10.899    0.97065
    10.900    0.97100
    10.901    0.97135
    10.902    0.97171
    10.903    0.97206
    10.904    0.97242
    10.905    0.97277
    10.906    0.97313
    10.907    0.97349
    10.908    0.97384
    10.909    0.97420
    10.910    0.97455
    10.911    0.97491
    10.912    0.97527
    10.913    0.97562
    10.914    0.97598
    10.915    0.97633
    10.916    0.97669
    10.917    0.97704
    10.918    0.97739
    10.919    0.97775
    10.920    0.97810
    10.921    0.97845
    10.922    0.97880
    10.923    0.97915
    10.924    0.97950
    10.925    0.97985
    10.926    0.98019
    10.927    0.98054
    10.928    0.98088
    10.929    0.98123
    10.930    0.98157
    10.931    0.98191
    10.932    0.98225
    10.933    0.98258
    10.934    0.98292
    10.935    0.98325
    10.936    0.98358
    10.937    0.98391
    10.938    0.98424
    10.939    0.98457
    10.940    0.98489
    10.941    0.98521
    10.942    0.98553
    10.943    0.98585
    10.944    0.98616
    10.945    0.98648
    10.946    0.98679
    10.947    0.98709
    10.948    0.98740
    10.949    0.98770
    10.950    0.98800
    10.951    0.98830
    10.952    0.98859
    10.953    0.98888
    10.954    0.98917
    10.955    0.98945
    10.956    0.98974
    10.957    0.99001
    10.958    0.99029
    10.959    0.99056
    10.960    0.99083
    10.961    0.99110
    10.962    0.99136
    10.963    0.99163
    10.964    0.99188
    10.965    0.99214
    10.966    0.99239
    10.967    0.99264
    10.968    0.99288
    10.969    0.99313
    10.970    0.99337
    10.971    0.99360
    10.972    0.99384
    10.973    0.99407
    10.974    0.99429
    10.975    0.99452
    10.976    0.99474
    10.977    0.99495
    10.978    0.99517
    10.979    0.99538
    10.980    0.99558
    10.981    0.99579
    10.982    0.99599
    10.983    0.99618
    10.984    0.99638
    10.985    0.99657
    10.986    0.99675
    10.987    0.99694
    10.988    0.99712
    10.989    0.99729
    10.990    0.99747
    10.991    0.99764
    10.992    0.99780
    10.993    0.99796
    10.994    0.99812
    10.995    0.99828
    10.996    0.99843
    10.997    0.99858
    10.998    0.99872
    10.999    0.99886
    11.000    0.99900
    11.001    0.99913
    11.002    0.99926
    11.003    0.99939
    11.004    0.99951
    11.005    0.99963
    11.006    0.99974
    11.007    0.99985
    11.008    0.99996
    11.009    1.00006
    11.010    1.00016
    11.011    1.00025
    11.012    1.00034
    11.013    1.00043
    11.014    1.00051
    11.015    1.00059
    11.016    1.00066
    11.017    1.00072
    11.018    1.00079
    11.019    1.00084
    11.020    1.00090
    11.021    1.00095
    11.022    1.00099
    11.023    1.00103
    11.024    1.00106
    11.025    1.00109
    11.026    1.00111
    11.027    1.00113
    11.028    1.00114
    11.029    1.00115
    11.030    1.00115
    11.031    1.00115
    11.032    1.00114
    11.033    1.00113
    11.034    1.00111
    11.035    1.00108
    11.036    1.00105
    11.037    1.00102
    11.038    1.00098
    11.039    1.00093
    11.040    1.00087
    11.041    1.00081
    11.042    1.00075
    11.043    1.00068
    11.044    1.00060
    11.045    1.00051
    11.046    1.00042
    11.047    1.00033
    11.048    1.00022
    11.049    1.00012
    11.050    1.00000
    11.051    0.99988
    11.052    0.99975
    11.053    0.99961
    11.054    0.99947
    11.055    0.99932
    11.056    0.99916
    11.057    0.99899
    11.058    0.99882
    11.059    0.99864
    11.060    0.99845
    11.061    0.99825
    11.062    0.99804
    11.063    0.99782
    11.064    0.99759
    11.065    0.99735
    11.066    0.99710
    11.067    0.99684
    11.068    0.99658
    11.069    0.99630
    11.070    0.99600
    11.071    0.99570
    11.072    0.99539
    11.073    0.99506
    11.074    0.99473
    11.075    0.99438
    11.076    0.99402
    11.077    0.99364
    11.078    0.99325
    11.079    0.99285
    11.080    0.99244
    11.081    0.99201
    11.082    0.99157
    11.083    0.99112
    11.084    0.99065
    11.085    0.99016
    11.086    0.98967
    11.087    0.98915
    11.088    0.98862
    11.089    0.98808
    11.090    0.98752
    11.091    0.98694
    11.092    0.98635
    11.093    0.98574
    11.094    0.98512
    11.095    0.98447
    11.096    0.98381
    11.097    0.98314
    11.098    0.98244
    11.099    0.98173
    11.100    0.98100
    11.101    0.98025
    11.102    0.97948
    11.103    0.97870
    11.104    0.97790
    11.105    0.97708
    11.106    0.97625
    11.107    0.97539
    11.108    0.97453
    11.109    0.97364
    11.110    0.97274
    11.111    0.97183
    11.112    0.97090
    11.113    0.96996
    11.114    0.96900
    11.115    0.96803
    11.116    0.96705
    11.117    0.96605
    11.118    0.96504
    11.119    0.96402
    11.120    0.96299
    11.121    0.96194
    11.122    0.96089
    11.123    0.95982
    11.124    0.95874
    11.125    0.95765
    11.126    0.95655
    11.127    0.95544
    11.128    0.95432
    11.129    0.95319
    11.130    0.95206
    11.131    0.95091
    11.132    0.94976
    11.133    0.94860
    11.134    0.94743
    11.135    0.94626
    11.136    0.94507
    11.137    0.94389
    11.138    0.94269
    11.139    0.94149
    11.140    0.94029
    11.141    0.93907
    11.142    0.93786
    11.143    0.93664
    11.144    0.93541
    11.145    0.93419
    11.146    0.93295
    11.147    0.93172
    11.148    0.93048
    11.149    0.92924
    11.150    0.92800
    11.151    0.92676
    11.152    0.92551
    11.153    0.92426
    11.154    0.92302
    11.155    0.92177
    11.156    0.92052
    11.157    0.91928
    11.158    0.91803
    11.159    0.91679
    11.160    0.91555
    11.161    0.91431
    11.162    0.91308
    11.163    0.91185
    11.164    0.91062
    11.165    0.90940
    11.166    0.90818
    11.167    0.90697
    11.168    0.90576
    11.169    0.90456
    11.170    0.90337
    11.171    0.90219
    11.172    0.90101
    11.173    0.89984
    11.174    0.89868
    11.175    0.89753
    11.176    0.89638
    11.177    0.89525
    11.178    0.89413
    11.179    0.89302
    11.180    0.89192
    11.181    0.89083
    11.182    0.88975
    11.183    0.88869
    11.184    0.88764
    11.185    0.88660
    11.186    0.88558
    11.187    0.88457
    11.188    0.88358
    11.189    0.88260
    11.190    0.88164
    11.191    0.88070
    11.192    0.87977
    11.193    0.87886
    11.194    0.87796
    11.195    0.87709
    11.196    0.87623
    11.197    0.87539
    11.198    0.87458
    11.199    0.87378
    11.200    0.87300
    11.201    0.87224
    11.202    0.87151
    11.203    0.87079
    11.204    0.87009
    11.205    0.86942
    11.206    0.86876
    11.207    0.86812
    11.208    0.86749
    11.209    0.86689
    11.210    0.86630
    11.211    0.86573
    11.212    0.86517
    11.213    0.86463
    11.214    0.86411
    11.215    0.86360
    11.216    0.86311
    11.217    0.86263
    11.218    0.86216
    11.219    0.86171
    11.220    0.86127
    11.221    0.86084
    11.222    0.86043
    11.223    0.86002
    11.224    0.85963
    11.225    0.85925
    11.226    0.85888
    11.227    0.85852
    11.228    0.85816
    11.229    0.85782
    11.230    0.85749
    11.231    0.85716
    11.232    0.85684
    11.233    0.85653
    11.234    0.85623
    11.235    0.85594
    11.236    0.85564
    11.237    0.85536
    11.238    0.85508
    11.239    0.85481
    11.240    0.85454
    11.241    0.85427
    11.242    0.85401
    11.243    0.85375
    11.244    0.85350
    11.245    0.85324
    11.246    0.85299
    11.247    0.85274
    11.248    0.85249
    11.249    0.85225
    11.250    0.85200
    11.251    0.85175
    11.252    0.85151
    11.253    0.85126
    11.254    0.85101
    11.255    0.85076
    11.256    0.85051
    11.257    0.85026
    11.258    0.85001
    11.259    0.84976
    11.260    0.84951
    11.261    0.84926
    11.262    0.84900
    11.263    0.84875
    11.264    0.84849
    11.265    0.84823
    11.266    0.84797
    11.267    0.84771
    11.268    0.84744
    11.269    0.84718
    11.270    0.84691
    11.271    0.84664
    11.272    0.84637
    11.273    0.84610
    11.274    0.84582
    11.275    0.84554
    11.276    0.84526
    11.277    0.84498
    11.278    0.84469
    11.279    0.84440
    11.280    0.84411
    11.281    0.84381
    11.282    0.84351
    11.283    0.84321
    11.284    0.84291
    11.285    0.84260
    11.286    0.84229
    11.287    0.84197
    11.288    0.84165
    11.289    0.84133
    11.290    0.84100
    11.291    0.84067
    11.292    0.84033
    11.293    0.83999
    11.294    0.83965
    11.295    0.83930
    11.296    0.83895
    11.297    0.83860
    11.298    0.83824
    11.299    0.83787
    11.300    0.83751
    11.301    0.83714
    11.302    0.83676
    11.303    0.83638
    11.304    0.83600
    11.305    0.83562
    11.306    0.83523
    11.307    0.83484
    11.308    0.83444
    11.309    0.83404
    11.310    0.83364
    11.311    0.83323
    11.312    0.83282
    11.313    0.83240
    11.314    0.83199
    11.315    0.83157
    11.316    0.83114
    11.317    0.83071
    11.318    0.83028
    11.319    0.82985
    11.320    0.82941
    11.321    0.82897
    11.322    0.82852
    11.323    0.82808
    11.324    0.82763
    11.325    0.82717
    11.326    0.82672
    11.327    0.82626
    11.328    0.82579
    11.329    0.82533
    11.330    0.82486
    11.331    0.82438
    11.332    0.82391
    11.333    0.82343
    11.334    0.82295
    11.335    0.82246
    11.336    0.82198
    11.337    0.82149
    11.338    0.82099
    11.339    0.82050
    11.340    0.82000
    11.341    0.81950
    11.342    0.81900
    11.343    0.81849
    11.344    0.81798
    11.345    0.81747
    11.346    0.81696
    11.347    0.81645
    11.348    0.81593
    11.349    0.81542
    11.350    0.81491
    11.351    0.81439
    11.352    0.81388
    11.353    0.81336
    11.354    0.81285
    11.355    0.81234
    11.356    0.81183
    11.357    0.81132
    11.358    0.81081
    11.359    0.81030
    11.360    0.80980
    11.361    0.80930
    11.362    0.80880
    11.363    0.80830
    11.364    0.80781
    11.365    0.80732
    11.366    0.80683
    11.367    0.80635
    11.368    0.80588
    11.369    0.80540
    11.370    0.80494
    11.371    0.80447
    11.372    0.80402
    11.373    0.80357
    11.374    0.80312
    11.375    0.80268
    11.376    0.80225
    11.377    0.80182
    11.378    0.80140
    11.379    0.80099
    11.380    0.80058
    11.381    0.80019
    11.382    0.79980
    11.383    0.79942
    11.384    0.79904
    11.385    0.79868
    11.386    0.79832
    11.387    0.79798
    11.388    0.79764
    11.389    0.79732
    11.390    0.79700
    11.391    0.79669
    11.392    0.79640
    11.393    0.79611
    11.394    0.79583
    11.395    0.79557
    11.396    0.79531
    11.397    0.79506
    11.398    0.79482
    11.399    0.79458
    11.400    0.79435
    11.401    0.79413
    11.402    0.79392
    11.403    0.79372
    11.404    0.79352
    11.405    0.79332
    11.406    0.79314
    11.407    0.79295
    11.408    0.79278
    11.409    0.79260
    11.410    0.79244
    11.411    0.79227
    11.412    0.79211
    11.413    0.79196
    11.414    0.79180
    11.415    0.79165
    11.416    0.79151
    11.417    0.79136
    11.418    0.79122
    11.419    0.79108
    11.420    0.79094
    11.421    0.79080
    11.422    0.79067
    11.423    0.79053
    11.424    0.79039
    11.425    0.79026
    11.426    0.79012
    11.427    0.78998
    11.428    0.78984
    11.429    0.78970
    11.430    0.78956
    11.431    0.78942
    11.432    0.78928
    11.433    0.78913
    11.434    0.78898
    11.435    0.78882
    11.436    0.78867
    11.437    0.78851
    11.438    0.78834
    11.439    0.78817
    11.440    0.78800
    11.441    0.78782
    11.442    0.78764
    11.443    0.78745
    11.444    0.78726
    11.445    0.78705
    11.446    0.78685
    11.447    0.78664
    11.448    0.78642
    11.449    0.78619
    11.450    0.78596
    11.451    0.78572
    11.452    0.78547
    11.453    0.78521
    11.454    0.78495
    11.455    0.78467
    11.456    0.78439
    11.457    0.78410
    11.458    0.78380
    11.459    0.78350
    11.460    0.78318
    11.461    0.78285
    11.462    0.78251
    11.463    0.78217
    11.464    0.78181
    11.465    0.78144
    11.466    0.78106
    11.467    0.78067
    11.468    0.78026
    11.469    0.77985
    11.470    0.77942
    11.471    0.77898
    11.472    0.77853
    11.473    0.77807
    11.474    0.77759
    11.475    0.77710
    11.476    0.77660
    11.477    0.77608
    11.478    0.77555
    11.479    0.77500
    11.480    0.77444
    11.481    0.77387
    11.482    0.77328
    11.483    0.77268
    11.484    0.77206
    11.485    0.77142
    11.486    0.77077
    11.487    0.77010
    11.488    0.76942
    11.489    0.76872
    11.490    0.76800
    11.491    0.76727
    11.492    0.76651
    11.493    0.76575
    11.494    0.76497
    11.495    0.76417
    11.496    0.76336
    11.497    0.76253
    11.498    0.76169
    11.499    0.76084
    11.500    0.75998
    11.501    0.75911
    11.502    0.75822
    11.503    0.75732
    11.504    0.75642
    11.505    0.75550
    11.506    0.75458
    11.507    0.75365
    11.508    0.75271
    11.509    0.75176
    11.510    0.75081
    11.511    0.74985
    11.512    0.74889
    11.513    0.74792
    11.514    0.74694
    11.515    0.74597
    11.516    0.74499
    11.517    0.74401
    11.518    0.74302
    11.519    0.74204
    11.520    0.74105
    11.521    0.74006
    11.522    0.73908
    11.523    0.73809
    11.524    0.73711
    11.525    0.73612
    11.526    0.73514
    11.527    0.73417
    11.528    0.73319
    11.529    0.73222
    11.530    0.73126
    11.531    0.73030
    11.532    0.72935
    11.533    0.72840
    11.534    0.72746
    11.535    0.72653
    11.536    0.72560
    11.537    0.72469
    11.538    0.72378
    11.539    0.72289
    11.540    0.72200
    11.541    0.72112
    11.542    0.72026
    11.543    0.71940
    11.544    0.71856
    11.545    0.71772
    11.546    0.71689
    11.547    0.71607
    11.548    0.71526
    11.549    0.71445
    11.550    0.71364
    11.551    0.71285
    11.552    0.71206
    11.553    0.71127
    11.554    0.71048
    11.555    0.70970
    11.556    0.70892
    11.557    0.70815
    11.558    0.70737
    11.559    0.70660
    11.560    0.70582
    11.561    0.70505
    11.562    0.70427
    11.563    0.70350
    11.564    0.70272
    11.565    0.70194
    11.566    0.70116
    11.567    0.70037
    11.568    0.69958
    11.569    0.69878
    11.570    0.69798
    11.571    0.69717
    11.572    0.69636
    11.573    0.69554
    11.574    0.69471
    11.575    0.69388
    11.576    0.69303
    11.577    0.69218
    11.578    0.69131
    11.579    0.69044
    11.580    0.68956
    11.581    0.68866
    11.582    0.68775
    11.583    0.68683
    11.584    0.68590
    11.585    0.68496
    11.586    0.68399
    11.587    0.68302
    11.588    0.68203
    11.589    0.68102
    11.590    0.68000
    11.591    0.67896
    11.592    0.67790
    11.593    0.67683
    11.594    0.67575
    11.595    0.67464
    11.596    0.67353
    11.597    0.67240
    11.598    0.67126
    11.599    0.67010
    11.600    0.66893
    11.601    0.66776
    11.602    0.66657
    11.603    0.66537
    11.604    0.66416
    11.605    0.66294
    11.606    0.66171
    11.607    0.66047
    11.608    0.65923
    11.609    0.65798
    11.610    0.65672
    11.611    0.65545
    11.612    0.65418
    11.613    0.65291
    11.614    0.65163
    11.615    0.65035
    11.616    0.64906
    11.617    0.64777
    11.618    0.64648
    11.619    0.64519
    11.620    0.64389
    11.621    0.64260
    11.622    0.64130
    11.623    0.64001
    11.624    0.63871
    11.625    0.63742
    11.626    0.63613
    11.627    0.63484
    11.628    0.63356
    11.629    0.63228
    11.630    0.63100
    11.631    0.62973
    11.632    0.62846
    11.633    0.62720
    11.634    0.62594
    11.635    0.62468
    11.636    0.62343
    11.637    0.62219
    11.638    0.62095
    11.639    0.61971
    11.640    0.61847
    11.641    0.61724
    11.642    0.61602
    11.643    0.61479
    11.644    0.61357
    11.645    0.61235
    11.646    0.61114
    11.647    0.60993
    11.648    0.60872
    11.649    0.60752
    11.650    0.60631
    11.651    0.60511
    11.652    0.60392
    11.653    0.60272
    11.654    0.60153
    11.655    0.60034
    11.656    0.59915
    11.657    0.59797
    11.658    0.59678
    11.659    0.59560
    11.660    0.59442
    11.661    0.59324
    11.662    0.59206
    11.663    0.59089
    11.664    0.58971
    11.665    0.58854
    11.666    0.58737
    11.667    0.58619
    11.668    0.58502
    11.669    0.58385
    11.670    0.58268
    11.671    0.58151
    11.672    0.58035
    11.673    0.57918
    11.674    0.57801
    11.675    0.57684
    11.676    0.57567
    11.677    0.57451
    11.678    0.57334
    11.679    0.57217
    11.680    0.57100
    11.681    0.56983
    11.682    0.56866
    11.683    0.56749
    11.684    0.56632
    11.685    0.56515
    11.686    0.56398
    11.687    0.56280
    11.688    0.56163
    11.689    0.56046
    11.690    0.55928
    11.691    0.55811
    11.692    0.55693
    11.693    0.55576
    11.694    0.55458
    11.695    0.55341
    11.696    0.55223
    11.697    0.55105
    11.698    0.54988
    11.699    0.54870
    11.700    0.54752
    11.701    0.54634
    11.702    0.54516
    11.703    0.54398
    11.704    0.54280
    11.705    0.54162
    11.706    0.54044
    11.707    0.53926
    11.708    0.53808
    11.709    0.53690
    11.710    0.53572
    11.711    0.53453
    11.712    0.53335
    11.713    0.53217
    11.714    0.53098
    11.715    0.52980
    11.716    0.52861
    11.717    0.52743
    11.718    0.52624
    11.719    0.52506
    11.720    0.52387
    11.721    0.52269
    11.722    0.52150
    11.723    0.52031
    11.724    0.51913
    11.725    0.51794
    11.726    0.51675
    11.727    0.51557
    11.728    0.51438
    11.729    0.51319
    11.730    0.51200
    11.731    0.51081
    11.732    0.50962
    11.733    0.50843
    11.734    0.50724
    11.735    0.50605
    11.736    0.50487
    11.737    0.50368
    11.738    0.50249
    11.739    0.50130
    11.740    0.50011
    11.741    0.49893
    11.742    0.49774
    11.743    0.49655
    11.744    0.49537
    11.745    0.49419
    11.746    0.49300
    11.747    0.49182
    11.748    0.49064
    11.749    0.48946
    11.750    0.48828
    11.751    0.48711
    11.752    0.48593
    11.753    0.48476
    11.754    0.48359
    11.755    0.48242
    11.756    0.48125
    11.757    0.48008
    11.758    0.47892
    11.759    0.47776
    11.760    0.47660
    11.761    0.47544
    11.762    0.47429
    11.763    0.47313
    11.764    0.47198
    11.765    0.47084
    11.766    0.46969
    11.767    0.46855
    11.768    0.46741
    11.769    0.46628
    11.770    0.46514
    11.771    0.46401
    11.772    0.46289
    11.773    0.46176
    11.774    0.46064
    11.775    0.45953
    11.776    0.45841
    11.777    0.45730
    11.778    0.45620
    11.779    0.45510
    11.780    0.45400
    11.781    0.45291
    11.782    0.45182
    11.783    0.45073
    11.784    0.44965
    11.785    0.44857
    11.786    0.44750
    11.787    0.44643
    11.788    0.44536
    11.789    0.44430
    11.790    0.44324
    11.791    0.44218
    11.792    0.44113
    11.793    0.44008
    11.794    0.43903
    11.795    0.43799
    11.796    0.43696
    11.797    0.43592
    11.798    0.43489
    11.799    0.43386
    11.800    0.43284
    11.801    0.43182
    11.802    0.43080
    11.803    0.42978
    11.804    0.42877
    11.805    0.42776
    11.806    0.42676
    11.807    0.42576
    11.808    0.42476
    11.809    0.42376
    11.810    0.42277
    11.811    0.42178
    11.812    0.42079
    11.813    0.41981
    11.814    0.41883
    11.815    0.41785
    11.816    0.41687
    11.817    0.41590
    11.818    0.41493
    11.819    0.41396
    11.820    0.41300
    11.821    0.41204
    11.822    0.41108
    11.823    0.41012
    11.824    0.40917
    11.825    0.40821
    11.826    0.40726
    11.827    0.40632
    11.828    0.40537
    11.829    0.40443
    11.830    0.40348
    11.831    0.40254
    11.832    0.40160
    11.833    0.40066
    11.834    0.39973
    11.835    0.39879
    11.836    0.39786
    11.837    0.39692
    11.838    0.39599
    11.839    0.39506
    11.840    0.39413
    11.841    0.39320
    11.842    0.39227
    11.843    0.39134
    11.844    0.39041
    11.845    0.38948
    11.846    0.38855
    11.847    0.38762
    11.848    0.38669
    11.849    0.38576
    11.850    0.38483
    11.851    0.38390
    11.852    0.38297
    11.853    0.38204
    11.854    0.38110
    11.855    0.38017
    11.856    0.37924
    11.857    0.37830
    11.858    0.37736
    11.859    0.37643
    11.860    0.37549
    11.861    0.37455
    11.862    0.37360
    11.863    0.37266
    11.864    0.37172
    11.865    0.37077
    11.866    0.36982
    11.867    0.36887
    11.868    0.36791
    11.869    0.36696
    11.870    0.36600
    11.871    0.36504
    11.872    0.36408
    11.873    0.36311
    11.874    0.36214
    11.875    0.36118
    11.876    0.36021
    11.877    0.35923
    11.878    0.35826
    11.879    0.35729
    11.880    0.35631
    11.881    0.35534
    11.882    0.35436
    11.883    0.35339
    11.884    0.35241
    11.885    0.35144
    11.886    0.35046
    11.887    0.34949
    11.888    0.34852
    11.889    0.34755
    11.890    0.34657
    11.891    0.34561
    11.892    0.34464
    11.893    0.34367
    11.894    0.34271
    11.895    0.34175
    11.896    0.34079
    11.897    0.33983
    11.898    0.33888
    11.899    0.33793
    11.900    0.33698
    11.901    0.33603
    11.902    0.33509
    11.903    0.33416
    11.904    0.33322
    11.905    0.33230
    11.906    0.33137
    11.907    0.33045
    11.908    0.32954
    11.909    0.32863
    11.910    0.32772
    11.911    0.32682
    11.912    0.32593
    11.913    0.32504
    11.914    0.32416
    11.915    0.32328
    11.916    0.32241
    11.917    0.32155
    11.918    0.32069
    11.919    0.31984
    11.920    0.31900
    11.921    0.31816
    11.922    0.31734
    11.923    0.31651
    11.924    0.31570
    11.925    0.31489
    11.926    0.31409
    11.927    0.31329
    11.928    0.31250
    11.929    0.31171
    11.930    0.31092
    11.931    0.31015
    11.932    0.30937
    11.933    0.30860
    11.934    0.30783
    11.935    0.30706
    11.936    0.30630
    11.937    0.30554
    11.938    0.30478
    11.939    0.30403
    11.940    0.30327
    11.941    0.30252
    11.942    0.30177
    11.943    0.30101
    11.944    0.30026
    11.945    0.29951
    11.946    0.29875
    11.947    0.29800
    11.948    0.29725
    11.949    0.29649
    11.950    0.29573
    11.951    0.29497
    11.952    0.29421
    11.953    0.29345
    11.954    0.29268
    11.955    0.29191
    11.956    0.29114
    11.957    0.29036
    11.958    0.28958
    11.959    0.28879
    11.960    0.28800
    11.961    0.28720
    11.962    0.28640
    11.963    0.28560
    11.964    0.28479
    11.965    0.28398
    11.966    0.28317
    11.967    0.28235
    11.968    0.28153
    11.969    0.28071
    11.970    0.27989
    11.971    0.27908
    11.972    0.27826
    11.973    0.27744
    11.974    0.27662
    11.975    0.27580
    11.976    0.27499
    11.977    0.27418
    11.978    0.27337
    11.979    0.27257
    11.980    0.27176
    11.981    0.27097
    11.982    0.27018
    11.983    0.26939
    11.984    0.26861
    11.985    0.26784
    11.986    0.26707
    11.987    0.26631
    11.988    0.26556
    11.989    0.26482
    11.990    0.26409
    11.991    0.26336
    11.992    0.26265
    11.993    0.26194
    11.994    0.26125
    11.995    0.26057
    11.996    0.25990
    11.997    0.25924
    11.998    0.25859
    11.999    0.25796
    12.000    0.25734
    12.001    0.25673
    12.002    0.25614
    12.003    0.25557
    12.004    0.25501
    12.005    0.25446
    12.006    0.25394
    12.007    0.25343
    12.008    0.25293
    12.009    0.25246
    12.010    0.25200
    12.011    0.25156
    12.012    0.25114
    12.013    0.25073
    12.014    0.25033
    12.015    0.24994
    12.016    0.24955
    12.017    0.24917
    12.018    0.24878
    12.019    0.24839
    12.020    0.24800
    12.021    0.24760
    12.022    0.24719
    12.023    0.24677
    12.024    0.24636
    12.025    0.24595
    12.026    0.24554
    12.027    0.24514
    12.028    0.24474
    12.029    0.24436
    12.030    0.24400
    12.031    0.24365
    12.032    0.24331
    12.033    0.24298
    12.034    0.24263
    12.035    0.24228
    12.036    0.24190
    12.037    0.24149
    12.038    0.24104
    12.039    0.24055
    12.040    0.24000
    12.041    0.23940
    12.042    0.23875
    12.043    0.23807
    12.044    0.23738
    12.045    0.23670
    12.046    0.23604
    12.047    0.23543
    12.048    0.23487
    12.049    0.23439
    12.050    0.23400
    12.051    0.23371
    12.052    0.23352
    12.053    0.23340
    12.054    0.23333
    12.055    0.23330
    12.056    0.23328
    12.057    0.23326
    12.058    0.23322
    12.059    0.23314
    12.060    0.23300
    12.061    0.23279
    12.062    0.23251
    12.063    0.23217
    12.064    0.23178
    12.065    0.23136
    12.066    0.23090
    12.067    0.23043
    12.068    0.22995
    12.069    0.22947
    12.070    0.22900
    12.071    0.22855
    12.072    0.22812
    12.073    0.22770
    12.074    0.22730
    12.075    0.22690
    12.076    0.22652
    12.077    0.22614
    12.078    0.22576
    12.079    0.22538
    12.080    0.22500
    12.081    0.22461
    12.082    0.22422
    12.083    0.22383
    12.084    0.22343
    12.085    0.22303
    12.086    0.22263
    12.087    0.22222
    12.088    0.22182
    12.089    0.22141
    12.090    0.22100
    12.091    0.22059
    12.092    0.22018
    12.093    0.21978
    12.094    0.21937
    12.095    0.21897
    12.096    0.21857
    12.097    0.21817
    12.098    0.21778
    12.099    0.21739
    12.100    0.21700
    12.101    0.21662
    12.102    0.21624
    12.103    0.21586
    12.104    0.21548
    12.105    0.21509
    12.106    0.21469
    12.107    0.21429
    12.108    0.21388
    12.109    0.21345
    12.110    0.21300
    12.111    0.21254
    12.112    0.21206
    12.113    0.21156
    12.114    0.21106
    12.115    0.21055
    12.116    0.21004
    12.117    0.20952
    12.118    0.20901
    12.119    0.20850
    12.120    0.20800
    12.121    0.20751
    12.122    0.20703
    12.123    0.20655
    12.124    0.20607
    12.125    0.20558
    12.126    0.20510
    12.127    0.20460
    12.128    0.20408
    12.129    0.20355
    12.130    0.20300
    12.131    0.20243
    12.132    0.20183
    12.133    0.20122
    12.134    0.20061
    12.135    0.19999
    12.136    0.19937
    12.137    0.19875
    12.138    0.19815
    12.139    0.19756
    12.140    0.19700
    12.141    0.19646
    12.142    0.19594
    12.143    0.19544
    12.144    0.19495
    12.145    0.19447
    12.146    0.19399
    12.147    0.19351
    12.148    0.19302
    12.149    0.19252
    12.150    0.19200
    12.151    0.19146
    12.152    0.19090
    12.153    0.19033
    12.154    0.18974
    12.155    0.18913
    12.156    0.18852
    12.157    0.18790
    12.158    0.18727
    12.159    0.18663
    12.160    0.18600
    12.161    0.18537
    12.162    0.18473
    12.163    0.18411
    12.164    0.18349
    12.165    0.18287
    12.166    0.18227
    12.167    0.18168
    12.168    0.18110
    12.169    0.18054
    12.170    0.18000
    12.171    0.17948
    12.172    0.17897
    12.173    0.17847
    12.174    0.17798
    12.175    0.17750
    12.176    0.17701
    12.177    0.17652
    12.178    0.17603
    12.179    0.17552
    12.180    0.17500
    12.181    0.17446
    12.182    0.17390
    12.183    0.17333
    12.184    0.17274
    12.185    0.17214
    12.186    0.17153
    12.187    0.17091
    12.188    0.17028
    12.189    0.16964
    12.190    0.16900
    12.191    0.16835
    12.192    0.16771
    12.193    0.16707
    12.194    0.16643
    12.195    0.16581
    12.196    0.16520
    12.197    0.16461
    12.198    0.16405
    12.199    0.16351
    12.200    0.16300
    12.201    0.16253
    12.202    0.16208
    12.203    0.16166
    12.204    0.16126
    12.205    0.16088
    12.206    0.16050
    12.207    0.16013
    12.208    0.15976
    12.209    0.15938
    12.210    0.15900
    12.211    0.15860
    12.212    0.15819
    12.213    0.15778
    12.214    0.15736
    12.215    0.15694
    12.216    0.15653
    12.217    0.15612
    12.218    0.15573
    12.219    0.15536
    12.220    0.15500
    12.221    0.15467
    12.222    0.15435
    12.223    0.15405
    12.224    0.15377
    12.225    0.15348
    12.226    0.15320
    12.227    0.15292
    12.228    0.15263
    12.229    0.15232
    12.230    0.15200
    12.231    0.15166
    12.232    0.15130
    12.233    0.15092
    12.234    0.15053
    12.235    0.15013
    12.236    0.14971
    12.237    0.14929
    12.238    0.14886
    12.239    0.14843
    12.240    0.14800
    12.241    0.14757
    12.242    0.14714
    12.243    0.14672
    12.244    0.14630
    12.245    0.14589
    12.246    0.14548
    12.247    0.14509
    12.248    0.14471
    12.249    0.14435
    12.250    0.14400
    12.251    0.14367
    12.252    0.14335
    12.253    0.14304
    12.254    0.14275
    12.255    0.14246
    12.256    0.14217
    12.257    0.14188
    12.258    0.14159
    12.259    0.14130
    12.260    0.14100
    12.261    0.14069
    12.262    0.14036
    12.263    0.14002
    12.264    0.13967
    12.265    0.13929
    12.266    0.13889
    12.267    0.13846
    12.268    0.13800
    12.269    0.13752
    12.270    0.13700
    12.271    0.13645
    12.272    0.13587
    12.273    0.13526
    12.274    0.13465
    12.275    0.13402
    12.276    0.13339
    12.277    0.13277
    12.278    0.13216
    12.279    0.13157
    12.280    0.13100
    12.281    0.13046
    12.282    0.12995
    12.283    0.12946
    12.284    0.12899
    12.285    0.12851
    12.286    0.12804
    12.287    0.12756
    12.288    0.12706
    12.289    0.12654
    12.290    0.12600
    12.291    0.12542
    12.292    0.12482
    12.293    0.12420
    12.294    0.12357
    12.295    0.12293
    12.296    0.12230
    12.297    0.12169
    12.298    0.12109
    12.299    0.12053
    12.300    0.12000
    12.301    0.11952
    12.302    0.11907
    12.303    0.11866
    12.304    0.11827
    12.305    0.11789
    12.306    0.11753
    12.307    0.11716
    12.308    0.11679
    12.309    0.11641
    12.310    0.11600
    12.311    0.11557
    12.312    0.11511
    12.313    0.11463
    12.314    0.11414
    12.315    0.11363
    12.316    0.11311
    12.317    0.11258
    12.318    0.11205
    12.319    0.11152
    12.320    0.11100
    12.321    0.11048
    12.322    0.10997
    12.323    0.10947
    12.324    0.10897
    12.325    0.10847
    12.326    0.10798
    12.327    0.10748
    12.328    0.10699
    12.329    0.10650
    12.330    0.10600
    12.331    0.10550
    12.332    0.10500
    12.333    0.10450
    12.334    0.10399
    12.335    0.10349
    12.336    0.10299
    12.337    0.10248
    12.338    0.10199
    12.339    0.10149
    12.340    0.10100
    12.341    0.10051
    12.342    0.10003
    12.343    0.09955
    12.344    0.09906
    12.345    0.09858
    12.346    0.09808
    12.347    0.09758
    12.348    0.09707
    12.349    0.09654
    12.350    0.09600
    12.351    0.09544
    12.352    0.09487
    12.353    0.09428
    12.354    0.09369
    12.355    0.09308
    12.356    0.09247
    12.357    0.09185
    12.358    0.09123
    12.359    0.09062
    12.360    0.09000
    12.361    0.08939
    12.362    0.08878
    12.363    0.08817
    12.364    0.08757
    12.365    0.08697
    12.366    0.08638
    12.367    0.08578
    12.368    0.08519
    12.369    0.08459
    12.370    0.08400
    12.371    0.08341
    12.372    0.08281
    12.373    0.08222
    12.374    0.08162
    12.375    0.08103
    12.376    0.08043
    12.377    0.07983
    12.378    0.07922
    12.379    0.07861
    12.380    0.07800
    12.381    0.07738
    12.382    0.07677
    12.383    0.07615
    12.384    0.07553
    12.385    0.07492
    12.386    0.07431
    12.387    0.07372
    12.388    0.07313
    12.389    0.07256
    12.390    0.07200
    12.391    0.07146
    12.392    0.07093
    12.393    0.07042
    12.394    0.06992
    12.395    0.06942
    12.396    0.06894
    12.397    0.06845
    12.398    0.06797
    12.399    0.06749
    12.400    0.06700
    12.401    0.06651
    12.402    0.06601
    12.403    0.06552
    12.404    0.06502
    12.405    0.06451
    12.406    0.06401
    12.407    0.06351
    12.408    0.06300
    12.409    0.06250
    12.410    0.06200
    12.411    0.06150
    12.412    0.06101
    12.413    0.06051
    12.414    0.06002
    12.415    0.05952
    12.416    0.05903
    12.417    0.05853
    12.418    0.05802
    12.419    0.05751
    12.420    0.05700
    12.421    0.05648
    12.422    0.05596
    12.423    0.05543
    12.424    0.05491
    12.425    0.05439
    12.426    0.05389
    12.427    0.05339
    12.428    0.05291
    12.429    0.05244
    12.430    0.05200
    12.431    0.05158
    12.432    0.05118
    12.433    0.05079
    12.434    0.05041
    12.435    0.05003
    12.436    0.04965
    12.437    0.04926
    12.438    0.04886
    12.439    0.04844
    12.440    0.04800
    12.441    0.04753
    12.442    0.04704
    12.443    0.04654
    12.444    0.04602
    12.445    0.04550
    12.446    0.04497
    12.447    0.04446
    12.448    0.04395
    12.449    0.04346
    12.450    0.04300
    12.451    0.04256
    12.452    0.04215
    12.453    0.04175
    12.454    0.04136
    12.455    0.04099
    12.456    0.04061
    12.457    0.04023
    12.458    0.03984
    12.459    0.03943
    12.460    0.03900
    12.461    0.03855
    12.462    0.03807
    12.463    0.03758
    12.464    0.03707
    12.465    0.03656
    12.466    0.03604
    12.467    0.03552
    12.468    0.03500
    12.469    0.03449
    12.470    0.03400
    12.471    0.03352
    12.472    0.03306
    12.473    0.03262
    12.474    0.03219
    12.475    0.03178
    12.476    0.03139
    12.477    0.03101
    12.478    0.03066
    12.479    0.03032
    12.480    0.03000
    12.481    0.02970
    12.482    0.02941
    12.483    0.02913
    12.484    0.02885
    12.485    0.02857
    12.486    0.02829
    12.487    0.02799
    12.488    0.02768
    12.489    0.02735
    12.490    0.02700
    12.491    0.02662
    12.492    0.02621
    12.493    0.02579
    12.494    0.02536
    12.495    0.02493
    12.496    0.02451
    12.497    0.02410
    12.498    0.02370
    12.499    0.02333
    12.500    0.02300
    12.501    0.02270
    12.502    0.02244
    12.503    0.02221
    12.504    0.02200
    12.505    0.02182
    12.506    0.02164
    12.507    0.02148
    12.508    0.02132
    12.509    0.02116
    12.510    0.02100
    12.511    0.02083
    12.512    0.02064
    12.513    0.02045
    12.514    0.02025
    12.515    0.02005
    12.516    0.01984
    12.517    0.01963
    12.518    0.01942
    12.519    0.01921
    12.520    0.01900
    12.521    0.01879
    12.522    0.01859
    12.523    0.01839
    12.524    0.01819
    12.525    0.01799
    12.526    0.01779
    12.527    0.01759
    12.528    0.01739
    12.529    0.01720
    12.530    0.01700
    12.531    0.01680
    12.532    0.01660
    12.533    0.01640
    12.534    0.01620
    12.535    0.01600
    12.536    0.01580
    12.537    0.01560
    12.538    0.01540
    12.539    0.01520
    12.540    0.01500
    12.541    0.01480
    12.542    0.01460
    12.543    0.01440
    12.544    0.01420
    12.545    0.01400
    12.546    0.01380
    12.547    0.01360
    12.548    0.01340
    12.549    0.01320
    12.550    0.01300
    12.551    0.01280
    12.552    0.01260
    12.553    0.01240
    12.554    0.01220
    12.555    0.01200
    12.556    0.01180
    12.557    0.01160
    12.558    0.01140
    12.559    0.01120
    12.560    0.01100
    12.561    0.01080
    12.562    0.01060
    12.563    0.01040
    12.564    0.01020
    12.565    0.01000
    12.566    0.00980
    12.567    0.00960
    12.568    0.00940
    12.569    0.00920
    12.570    0.00900
    12.571    0.00880
    12.572    0.00861
    12.573    0.00841
    12.574    0.00821
    12.575    0.00801
    12.576    0.00781
    12.577    0.00761
    12.578    0.00741
    12.579    0.00721
    12.580    0.00700
    12.581    0.00679
    12.582    0.00658
    12.583    0.00637
    12.584    0.00616
    12.585    0.00595
    12.586    0.00575
    12.587    0.00555
    12.588    0.00536
    12.589    0.00517
    12.590    0.00500
    12.591    0.00484
    12.592    0.00469
    12.593    0.00455
    12.594    0.00442
    12.595    0.00431
    12.596    0.00422
    12.597    0.00414
    12.598    0.00408
    12.599    0.00403
    12.600    0.00400
    12.601    0.00399
    12.602    0.00399
    12.603    0.00401
    12.604    0.00402
    12.605    0.00404
    12.606    0.00406
    12.607    0.00407
    12.608    0.00406
    12.609    0.00404
    12.610    0.00400
    12.611    0.00393
    12.612    0.00385
    12.613    0.00375
    12.614    0.00363
    12.615    0.00351
    12.616    0.00339
    12.617    0.00328
    12.618    0.00317
    12.619    0.00308
    12.620    0.00300
    12.621    0.00295
    12.622    0.00291
    12.623    0.00290
    12.624    0.00289
    12.625    0.00290
    12.626    0.00292
    12.627    0.00294
    12.628    0.00296
    12.629    0.00298
    12.630    0.00300
    12.631    0.00301
    12.632    0.00301
    12.633    0.00301
    12.634    0.00301
    12.635    0.00300
    12.636    0.00299
    12.637    0.00299
    12.638    0.00299
    12.639    0.00299
    12.640    0.00300
    12.641    0.00302
    12.642    0.00304
    12.643    0.00306
    12.644    0.00308
    12.645    0.00309
    12.646    0.00310
    12.647    0.00310
    12.648    0.00308
    12.649    0.00305
    12.650    0.00300
    12.651    0.00293
    12.652    0.00284
    12.653    0.00273
    12.654    0.00262
    12.655    0.00250
    12.656    0.00238
    12.657    0.00227
    12.658    0.00217
    12.659    0.00207
    12.660    0.00200
    12.661    0.00195
    12.662    0.00191
    12.663    0.00190
    12.664    0.00189
    12.665    0.00190
    12.666    0.00191
    12.667    0.00194
    12.668    0.00196
    12.669    0.00198
    12.670    0.00200
    12.671    0.00201
    12.672    0.00202
    12.673    0.00203
    12.674    0.00203
    12.675    0.00203
    12.676    0.00202
    12.677    0.00202
    12.678    0.00201
    12.679    0.00200
    12.680    0.00200
    12.681    0.00200
    12.682    0.00200
    12.683    0.00200
    12.684    0.00200
    12.685    0.00200
    12.686    0.00200
    12.687    0.00200
    12.688    0.00200
    12.689    0.00200
    12.690    0.00200
    12.691    0.00200
    12.692    0.00199
    12.693    0.00198
    12.694    0.00198
    12.695    0.00198
    12.696    0.00197
    12.697    0.00197
    12.698    0.00198
    12.699    0.00199
    12.700    0.00200
    12.701    0.00202
    12.702    0.00204
    12.703    0.00206
    12.704    0.00208
    12.705    0.00210
    12.706    0.00211
    12.707    0.00210
    12.708    0.00209
    12.709    0.00205
    12.710    0.00200
    12.711    0.00193
    12.712    0.00184
    12.713    0.00173
    12.714    0.00162
    12.715    0.00150
    12.716    0.00138
    12.717    0.00127
    12.718    0.00116
    12.719    0.00107
    12.720    0.00100
    12.721    0.00095
    12.722    0.00091
    12.723    0.00090
    12.724    0.00089
    12.725    0.00090
    12.726    0.00091
    12.727    0.00094
    12.728    0.00096
    12.729    0.00098
    12.730    0.00100
    12.731    0.00101
    12.732    0.00102
    12.733    0.00103
    12.734    0.00103
    12.735    0.00103
    12.736    0.00102
    12.737    0.00102
    12.738    0.00101
    12.739    0.00101
    12.740    0.00100
    12.741    0.00100
    12.742    0.00099
    12.743    0.00099
    12.744    0.00099
    12.745    0.00099
    12.746    0.00099
    12.747    0.00100
    12.748    0.00100
    12.749    0.00100
    12.750    0.00100
    12.751    0.00100
    12.752    0.00100
    12.753    0.00100
    12.754    0.00100
    12.755    0.00100
    12.756    0.00100
    12.757    0.00100
    12.758    0.00100
    12.759    0.00100
    12.760    0.00100
    12.761    0.00100
    12.762    0.00100
    12.763    0.00100
    12.764    0.00100
    12.765    0.00100
    12.766    0.00100
    12.767    0.00100
    12.768    0.00100
    12.769    0.00100
    12.770    0.00100
    12.771    0.00100
    12.772    0.00100
    12.773    0.00100
    12.774    0.00100
    12.775    0.00100
    12.776    0.00100
    12.777    0.00100
    12.778    0.00100
    12.779    0.00100
    12.780    0.00100
    12.781    0.00100
    12.782    0.00100
    12.783    0.00100
    12.784    0.00100
    12.785    0.00100
    12.786    0.00100
    12.787    0.00100
    12.788    0.00100
    12.789    0.00100
    12.790    0.00100
    12.791    0.00100
    12.792    0.00100
    12.793    0.00100
    12.794    0.00100
    12.795    0.00100
    12.796    0.00100
    12.797    0.00100
    12.798    0.00100
    12.799    0.00100
    12.800    0.00100
    12.801    0.00100
    12.802    0.00100
    12.803    0.00100
    12.804    0.00100
    12.805    0.00100
    12.806    0.00100
    12.807    0.00100
    12.808    0.00100
    12.809    0.00100
    12.810    0.00100
    12.811    0.00100
    12.812    0.00100
    12.813    0.00100
    12.814    0.00100
    12.815    0.00100
    12.816    0.00100
    12.817    0.00100
    12.818    0.00100
    12.819    0.00100
    12.820    0.00100
    12.821    0.00100
    12.822    0.00100
    12.823    0.00100
    12.824    0.00100
    12.825    0.00100
    12.826    0.00100
    12.827    0.00100
    12.828    0.00100
    12.829    0.00100
    12.830    0.00100
    12.831    0.00100
    12.832    0.00100
    12.833    0.00100
    12.834    0.00100
    12.835    0.00100
    12.836    0.00100
    12.837    0.00100
    12.838    0.00100
    12.839    0.00100
    12.840    0.00100
    12.841    0.00100
    12.842    0.00100
    12.843    0.00100
    12.844    0.00100
    12.845    0.00100
    12.846    0.00100
    12.847    0.00100
    12.848    0.00100
    12.849    0.00100
    12.850    0.00100
