148    tm4:Band2
    0.5010     0.0006
    0.5020     0.0019
    0.5030     0.0032
    0.5040     0.0065
    0.5050     0.0089
    0.5060     0.0114
    0.5070     0.0139
    0.5080     0.0164
    0.5090     0.0190
    0.5100     0.0215
    0.5110     0.0241
    0.5120     0.0268
    0.5130     0.0295
    0.5140     0.0322
    0.5150     0.0349
    0.5160     0.0504
    0.5170     0.0662
    0.5180     0.0912
    0.5190     0.1205
    0.5200     0.1520
    0.5210     0.1912
    0.5220     0.2309
    0.5230     0.2711
    0.5240     0.3117
    0.5250     0.3529
    0.5260     0.3917
    0.5270     0.4299
    0.5280     0.4685
    0.5290     0.5075
    0.5300     0.5372
    0.5310     0.5606
    0.5320     0.5772
    0.5330     0.5909
    0.5340     0.6046
    0.5350     0.6186
    0.5360     0.6326
    0.5370     0.6467
    0.5380     0.6610
    0.5390     0.6754
    0.5400     0.6899
    0.5410     0.7003
    0.5420     0.7107
    0.5430     0.7213
    0.5440     0.7319
    0.5450     0.7426
    0.5460     0.7533
    0.5470     0.7642
    0.5480     0.7751
    0.5490     0.7861
    0.5500     0.7971
    0.5510     0.8031
    0.5520     0.8091
    0.5530     0.8152
    0.5540     0.8206
    0.5550     0.8261
    0.5560     0.8316
    0.5570     0.8371
    0.5580     0.8427
    0.5590     0.8482
    0.5600     0.8538
    0.5610     0.8593
    0.5620     0.8650
    0.5630     0.8706
    0.5640     0.8731
    0.5650     0.8743
    0.5660     0.8754
    0.5670     0.8766
    0.5680     0.8777
    0.5690     0.8788
    0.5700     0.8799
    0.5710     0.8809
    0.5720     0.8820
    0.5730     0.8830
    0.5740     0.8840
    0.5750     0.8850
    0.5760     0.8860
    0.5770     0.8869
    0.5780     0.8914
    0.5790     0.8958
    0.5800     0.9002
    0.5810     0.9047
    0.5820     0.9092
    0.5830     0.9136
    0.5840     0.9323
    0.5850     0.9444
    0.5860     0.9536
    0.5870     0.9630
    0.5880     0.9715
    0.5890     0.9768
    0.5900     0.9820
    0.5910     0.9875
    0.5920     0.9941
    0.5930     0.9986
    0.5940     1.0000
    0.5950     0.9991
    0.5960     0.9984
    0.5970     0.9953
    0.5980     0.9799
    0.5990     0.9644
    0.6000     0.9488
    0.6010     0.9265
    0.6020     0.8941
    0.6030     0.8616
    0.6040     0.8288
    0.6050     0.7959
    0.6060     0.7466
    0.6070     0.6721
    0.6080     0.5970
    0.6090     0.5215
    0.6100     0.4674
    0.6110     0.4131
    0.6120     0.3586
    0.6130     0.3038
    0.6140     0.2487
    0.6150     0.2057
    0.6160     0.1810
    0.6170     0.1562
    0.6180     0.1313
    0.6190     0.1078
    0.6200     0.0973
    0.6210     0.0868
    0.6220     0.0763
    0.6230     0.0657
    0.6240     0.0550
    0.6250     0.0518
    0.6260     0.0486
    0.6270     0.0454
    0.6280     0.0422
    0.6290     0.0390
    0.6300     0.0357
    0.6310     0.0324
    0.6320     0.0291
    0.6330     0.0258
    0.6340     0.0225
    0.6350     0.0207
    0.6360     0.0188
    0.6370     0.0170
    0.6380     0.0151
    0.6390     0.0132
    0.6400     0.0114
    0.6410     0.0102
    0.6420     0.0091
    0.6430     0.0080
    0.6440     0.0057
    0.6450     0.0046
    0.6460     0.0034
    0.6470     0.0023
    0.6480     0.0012
