191    tm4:Band3
    0.5590     0.0007
    0.5600     0.0008
    0.5610     0.0009
    0.5620     0.0009
    0.5630     0.0010
    0.5640     0.0011
    0.5650     0.0012
    0.5660     0.0013
    0.5670     0.0014
    0.5680     0.0014
    0.5690     0.0015
    0.5700     0.0016
    0.5710     0.0017
    0.5720     0.0017
    0.5730     0.0017
    0.5740     0.0018
    0.5750     0.0018
    0.5760     0.0019
    0.5770     0.0019
    0.5780     0.0020
    0.5790     0.0020
    0.5800     0.0021
    0.5810     0.0021
    0.5820     0.0022
    0.5830     0.0022
    0.5840     0.0023
    0.5850     0.0023
    0.5860     0.0024
    0.5870     0.0024
    0.5880     0.0025
    0.5890     0.0025
    0.5900     0.0026
    0.5910     0.0029
    0.5920     0.0033
    0.5930     0.0037
    0.5940     0.0040
    0.5950     0.0044
    0.5960     0.0053
    0.5970     0.0062
    0.5980     0.0071
    0.5990     0.0080
    0.6000     0.0089
    0.6010     0.0114
    0.6020     0.0139
    0.6030     0.0165
    0.6040     0.0194
    0.6050     0.0231
    0.6060     0.0267
    0.6070     0.0304
    0.6080     0.0341
    0.6090     0.0378
    0.6100     0.0415
    0.6110     0.0453
    0.6120     0.0616
    0.6130     0.0811
    0.6140     0.1007
    0.6150     0.1204
    0.6160     0.1402
    0.6170     0.1602
    0.6180     0.1803
    0.6190     0.2402
    0.6200     0.3271
    0.6210     0.4145
    0.6220     0.4491
    0.6230     0.4706
    0.6240     0.4921
    0.6250     0.5138
    0.6260     0.5354
    0.6270     0.5572
    0.6280     0.5790
    0.6290     0.6010
    0.6300     0.6235
    0.6310     0.6504
    0.6320     0.6866
    0.6330     0.7366
    0.6340     0.7869
    0.6350     0.8027
    0.6360     0.8185
    0.6370     0.8345
    0.6380     0.8485
    0.6390     0.8598
    0.6400     0.8711
    0.6410     0.8826
    0.6420     0.8941
    0.6430     0.9056
    0.6440     0.9116
    0.6450     0.9170
    0.6460     0.9224
    0.6470     0.9278
    0.6480     0.9332
    0.6490     0.9386
    0.6500     0.9441
    0.6510     0.9433
    0.6520     0.9424
    0.6530     0.9415
    0.6540     0.9406
    0.6550     0.9397
    0.6560     0.9388
    0.6570     0.9379
    0.6580     0.9370
    0.6590     0.9360
    0.6600     0.9351
    0.6610     0.9372
    0.6620     0.9394
    0.6630     0.9429
    0.6640     0.9483
    0.6650     0.9537
    0.6660     0.9591
    0.6670     0.9646
    0.6680     0.9700
    0.6690     0.9755
    0.6700     0.9793
    0.6710     0.9831
    0.6720     0.9869
    0.6730     0.9904
    0.6740     0.9969
    0.6750     0.9964
    0.6760     0.9982
    0.6770     1.0000
    0.6780     0.9977
    0.6790     0.9957
    0.6800     0.9936
    0.6810     0.9725
    0.6820     0.9734
    0.6830     0.9742
    0.6840     0.9635
    0.6850     0.9451
    0.6860     0.9265
    0.6870     0.9078
    0.6880     0.8710
    0.6890     0.8220
    0.6900     0.7727
    0.6910     0.6869
    0.6920     0.5940
    0.6930     0.5049
    0.6940     0.4333
    0.6950     0.3612
    0.6960     0.2888
    0.6970     0.2235
    0.6980     0.1879
    0.6990     0.1522
    0.7000     0.1162
    0.7010     0.1056
    0.7020     0.0950
    0.7030     0.0844
    0.7040     0.0737
    0.7050     0.0629
    0.7060     0.0569
    0.7070     0.0539
    0.7080     0.0510
    0.7090     0.0480
    0.7100     0.0450
    0.7110     0.0420
    0.7120     0.0390
    0.7130     0.0360
    0.7140     0.0330
    0.7150     0.0300
    0.7160     0.0270
    0.7170     0.0239
    0.7180     0.0224
    0.7190     0.0210
    0.7200     0.0195
    0.7210     0.0180
    0.7220     0.0166
    0.7230     0.0151
    0.7240     0.0136
    0.7250     0.0121
    0.7260     0.0109
    0.7270     0.0097
    0.7280     0.0085
    0.7290     0.0073
    0.7300     0.0061
    0.7310     0.0058
    0.7320     0.0055
    0.7330     0.0052
    0.7340     0.0049
    0.7350     0.0046
    0.7360     0.0043
    0.7370     0.0040
    0.7380     0.0037
    0.7390     0.0034
    0.7400     0.0031
    0.7410     0.0028
    0.7420     0.0025
    0.7430     0.0022
    0.7440     0.0019
    0.7450     0.0016
    0.7460     0.0012
    0.7470     0.0009
    0.7480     0.0006
    0.7490     0.0003
