459    tm4:Band7
    1.9510     0.0002
    1.9520     0.0003
    1.9530     0.0005
    1.9540     0.0007
    1.9550     0.0009
    1.9560     0.0010
    1.9570     0.0012
    1.9580     0.0014
    1.9590     0.0016
    1.9600     0.0017
    1.9610     0.0019
    1.9620     0.0021
    1.9630     0.0023
    1.9640     0.0025
    1.9650     0.0026
    1.9660     0.0028
    1.9670     0.0030
    1.9680     0.0032
    1.9690     0.0034
    1.9700     0.0036
    1.9710     0.0037
    1.9720     0.0039
    1.9730     0.0041
    1.9740     0.0043
    1.9750     0.0045
    1.9760     0.0047
    1.9770     0.0049
    1.9780     0.0050
    1.9790     0.0052
    1.9800     0.0054
    1.9810     0.0056
    1.9820     0.0058
    1.9830     0.0060
    1.9840     0.0062
    1.9850     0.0064
    1.9860     0.0066
    1.9870     0.0068
    1.9880     0.0070
    1.9890     0.0072
    1.9900     0.0074
    1.9910     0.0076
    1.9920     0.0078
    1.9930     0.0080
    1.9940     0.0082
    1.9950     0.0084
    1.9960     0.0086
    1.9970     0.0088
    1.9980     0.0090
    1.9990     0.0092
    2.0000     0.0094
    2.0010     0.0099
    2.0020     0.0104
    2.0030     0.0109
    2.0040     0.0114
    2.0050     0.0118
    2.0060     0.0123
    2.0070     0.0128
    2.0080     0.0133
    2.0090     0.0138
    2.0100     0.0143
    2.0110     0.0148
    2.0120     0.0153
    2.0130     0.0158
    2.0140     0.0163
    2.0150     0.0168
    2.0160     0.0173
    2.0170     0.0178
    2.0180     0.0183
    2.0190     0.0188
    2.0200     0.0193
    2.0210     0.0209
    2.0220     0.0225
    2.0230     0.0241
    2.0240     0.0258
    2.0250     0.0274
    2.0260     0.0290
    2.0270     0.0307
    2.0280     0.0323
    2.0290     0.0340
    2.0300     0.0356
    2.0310     0.0373
    2.0320     0.0389
    2.0330     0.0406
    2.0340     0.0423
    2.0350     0.0439
    2.0360     0.0456
    2.0370     0.0473
    2.0380     0.0489
    2.0390     0.0506
    2.0400     0.0523
    2.0410     0.0540
    2.0420     0.0557
    2.0430     0.0574
    2.0440     0.0591
    2.0450     0.0608
    2.0460     0.0625
    2.0470     0.0642
    2.0480     0.0659
    2.0490     0.0676
    2.0500     0.0693
    2.0510     0.0723
    2.0520     0.0753
    2.0530     0.0783
    2.0540     0.0813
    2.0550     0.0843
    2.0560     0.0874
    2.0570     0.0904
    2.0580     0.0934
    2.0590     0.0964
    2.0600     0.0995
    2.0610     0.1045
    2.0620     0.1095
    2.0630     0.1146
    2.0640     0.1196
    2.0650     0.1247
    2.0660     0.1297
    2.0670     0.1348
    2.0680     0.1398
    2.0690     0.1449
    2.0700     0.1500
    2.0710     0.1600
    2.0720     0.1701
    2.0730     0.1802
    2.0740     0.1903
    2.0750     0.2004
    2.0760     0.2106
    2.0770     0.2207
    2.0780     0.2309
    2.0790     0.2410
    2.0800     0.2512
    2.0810     0.2654
    2.0820     0.2797
    2.0830     0.2940
    2.0840     0.3084
    2.0850     0.3227
    2.0860     0.3371
    2.0870     0.3515
    2.0880     0.3659
    2.0890     0.3803
    2.0900     0.3947
    2.0910     0.4092
    2.0920     0.4237
    2.0930     0.4382
    2.0940     0.4528
    2.0950     0.4673
    2.0960     0.4819
    2.0970     0.4965
    2.0980     0.5111
    2.0990     0.5257
    2.1000     0.5404
    2.1010     0.5557
    2.1020     0.5710
    2.1030     0.5864
    2.1040     0.6018
    2.1050     0.6172
    2.1060     0.6327
    2.1070     0.6482
    2.1080     0.6637
    2.1090     0.6792
    2.1100     0.6948
    2.1110     0.7104
    2.1120     0.7261
    2.1130     0.7418
    2.1140     0.7576
    2.1150     0.7733
    2.1160     0.7891
    2.1170     0.8050
    2.1180     0.8209
    2.1190     0.8368
    2.1200     0.8527
    2.1210     0.8641
    2.1220     0.8755
    2.1230     0.8869
    2.1240     0.8983
    2.1250     0.9098
    2.1260     0.9150
    2.1270     0.9202
    2.1280     0.9255
    2.1290     0.9307
    2.1300     0.9359
    2.1310     0.9387
    2.1320     0.9414
    2.1330     0.9441
    2.1340     0.9469
    2.1350     0.9496
    2.1360     0.9498
    2.1370     0.9500
    2.1380     0.9502
    2.1390     0.9504
    2.1400     0.9506
    2.1410     0.9503
    2.1420     0.9500
    2.1430     0.9497
    2.1440     0.9494
    2.1450     0.9491
    2.1460     0.9464
    2.1470     0.9437
    2.1480     0.9411
    2.1490     0.9384
    2.1500     0.9357
    2.1510     0.9373
    2.1520     0.9389
    2.1530     0.9405
    2.1540     0.9421
    2.1550     0.9437
    2.1560     0.9442
    2.1570     0.9447
    2.1580     0.9453
    2.1590     0.9458
    2.1600     0.9463
    2.1610     0.9466
    2.1620     0.9470
    2.1630     0.9473
    2.1640     0.9476
    2.1650     0.9480
    2.1660     0.9507
    2.1670     0.9534
    2.1680     0.9562
    2.1690     0.9589
    2.1700     0.9617
    2.1710     0.9646
    2.1720     0.9675
    2.1730     0.9704
    2.1740     0.9733
    2.1750     0.9762
    2.1760     0.9792
    2.1770     0.9821
    2.1780     0.9850
    2.1790     0.9879
    2.1800     0.9909
    2.1810     0.9936
    2.1820     0.9964
    2.1830     0.9968
    2.1840     0.9971
    2.1850     0.9975
    2.1860     0.9979
    2.1870     0.9982
    2.1880     0.9986
    2.1890     0.9989
    2.1900     0.9993
    2.1910     0.9996
    2.1920     1.0000
    2.1930     0.9994
    2.1940     0.9989
    2.1950     0.9983
    2.1960     0.9977
    2.1970     0.9972
    2.1980     0.9966
    2.1990     0.9960
    2.2000     0.9954
    2.2010     0.9952
    2.2020     0.9949
    2.2030     0.9946
    2.2040     0.9943
    2.2050     0.9940
    2.2060     0.9937
    2.2070     0.9934
    2.2080     0.9931
    2.2090     0.9928
    2.2100     0.9925
    2.2110     0.9922
    2.2120     0.9919
    2.2130     0.9916
    2.2140     0.9913
    2.2150     0.9910
    2.2160     0.9907
    2.2170     0.9904
    2.2180     0.9901
    2.2190     0.9898
    2.2200     0.9895
    2.2210     0.9891
    2.2220     0.9886
    2.2230     0.9882
    2.2240     0.9877
    2.2250     0.9872
    2.2260     0.9811
    2.2270     0.9749
    2.2280     0.9687
    2.2290     0.9625
    2.2300     0.9563
    2.2310     0.9548
    2.2320     0.9533
    2.2330     0.9519
    2.2340     0.9504
    2.2350     0.9490
    2.2360     0.9475
    2.2370     0.9460
    2.2380     0.9446
    2.2390     0.9431
    2.2400     0.9416
    2.2410     0.9397
    2.2420     0.9377
    2.2430     0.9358
    2.2440     0.9339
    2.2450     0.9319
    2.2460     0.9300
    2.2470     0.9281
    2.2480     0.9261
    2.2490     0.9242
    2.2500     0.9223
    2.2510     0.9217
    2.2520     0.9211
    2.2530     0.9205
    2.2540     0.9198
    2.2550     0.9192
    2.2560     0.9186
    2.2570     0.9180
    2.2580     0.9174
    2.2590     0.9168
    2.2600     0.9162
    2.2610     0.9153
    2.2620     0.9145
    2.2630     0.9136
    2.2640     0.9128
    2.2650     0.9119
    2.2660     0.9110
    2.2670     0.9102
    2.2680     0.9093
    2.2690     0.9077
    2.2700     0.9061
    2.2710     0.9045
    2.2720     0.9028
    2.2730     0.9012
    2.2740     0.8996
    2.2750     0.8980
    2.2760     0.8964
    2.2770     0.8948
    2.2780     0.8932
    2.2790     0.8916
    2.2800     0.8900
    2.2810     0.8832
    2.2820     0.8764
    2.2830     0.8696
    2.2840     0.8627
    2.2850     0.8560
    2.2860     0.8492
    2.2870     0.8424
    2.2880     0.8357
    2.2890     0.8290
    2.2900     0.8222
    2.2910     0.8157
    2.2920     0.8092
    2.2930     0.8027
    2.2940     0.7961
    2.2950     0.7896
    2.2960     0.7832
    2.2970     0.7767
    2.2980     0.7702
    2.2990     0.7637
    2.3000     0.7573
    2.3010     0.7514
    2.3020     0.7455
    2.3030     0.7396
    2.3040     0.7337
    2.3050     0.7278
    2.3060     0.7278
    2.3070     0.7279
    2.3080     0.7343
    2.3090     0.7407
    2.3100     0.7471
    2.3110     0.7536
    2.3120     0.7600
    2.3130     0.7660
    2.3140     0.7721
    2.3150     0.7781
    2.3160     0.7841
    2.3170     0.7902
    2.3180     0.7932
    2.3190     0.8022
    2.3200     0.8083
    2.3210     0.8191
    2.3220     0.8300
    2.3230     0.8408
    2.3240     0.8517
    2.3250     0.8572
    2.3260     0.8627
    2.3270     0.8683
    2.3280     0.8738
    2.3290     0.8740
    2.3300     0.8743
    2.3310     0.8745
    2.3320     0.8747
    2.3330     0.8678
    2.3340     0.8609
    2.3350     0.8540
    2.3360     0.8364
    2.3370     0.8188
    2.3380     0.8012
    2.3390     0.7480
    2.3400     0.6947
    2.3410     0.6686
    2.3420     0.6424
    2.3430     0.6162
    2.3440     0.5899
    2.3450     0.5636
    2.3460     0.5372
    2.3470     0.5108
    2.3480     0.4844
    2.3490     0.4579
    2.3500     0.4313
    2.3510     0.4089
    2.3520     0.3864
    2.3530     0.3640
    2.3540     0.3415
    2.3550     0.3189
    2.3560     0.2964
    2.3570     0.2738
    2.3580     0.2512
    2.3590     0.2286
    2.3600     0.2060
    2.3610     0.1930
    2.3620     0.1801
    2.3630     0.1672
    2.3640     0.1542
    2.3650     0.1413
    2.3660     0.1283
    2.3670     0.1153
    2.3680     0.1023
    2.3690     0.0893
    2.3700     0.0763
    2.3710     0.0720
    2.3720     0.0676
    2.3730     0.0633
    2.3740     0.0590
    2.3750     0.0546
    2.3760     0.0503
    2.3770     0.0459
    2.3780     0.0416
    2.3790     0.0372
    2.3800     0.0329
    2.3810     0.0307
    2.3820     0.0285
    2.3830     0.0263
    2.3840     0.0241
    2.3850     0.0219
    2.3860     0.0197
    2.3870     0.0175
    2.3880     0.0153
    2.3890     0.0132
    2.3900     0.0110
    2.3910     0.0104
    2.3920     0.0099
    2.3930     0.0093
    2.3940     0.0088
    2.3950     0.0082
    2.3960     0.0077
    2.3970     0.0071
    2.3980     0.0066
    2.3990     0.0060
    2.4000     0.0055
    2.4010     0.0049
    2.4020     0.0044
    2.4030     0.0038
    2.4040     0.0033
    2.4050     0.0027
    2.4060     0.0022
    2.4070     0.0016
    2.4080     0.0011
    2.4090     0.0005
