163    tm4:Band1
    0.4120     0.0005
    0.4130     0.0006
    0.4140     0.0006
    0.4150     0.0007
    0.4160     0.0007
    0.4170     0.0008
    0.4180     0.0008
    0.4190     0.0009
    0.4200     0.0009
    0.4210     0.0010
    0.4220     0.0010
    0.4230     0.0011
    0.4240     0.0012
    0.4250     0.0012
    0.4260     0.0016
    0.4270     0.0020
    0.4280     0.0024
    0.4290     0.0028
    0.4300     0.0032
    0.4310     0.0051
    0.4320     0.0072
    0.4330     0.0103
    0.4340     0.0134
    0.4350     0.0166
    0.4360     0.0199
    0.4370     0.0252
    0.4380     0.0310
    0.4390     0.0367
    0.4400     0.0421
    0.4410     0.0476
    0.4420     0.0531
    0.4430     0.0588
    0.4440     0.0645
    0.4450     0.0704
    0.4460     0.0827
    0.4470     0.1213
    0.4480     0.1725
    0.4490     0.2730
    0.4500     0.3718
    0.4510     0.4425
    0.4520     0.5142
    0.4530     0.5788
    0.4540     0.6282
    0.4550     0.7114
    0.4560     0.7318
    0.4570     0.7415
    0.4580     0.7500
    0.4590     0.7550
    0.4600     0.7564
    0.4610     0.7663
    0.4620     0.7763
    0.4630     0.7864
    0.4640     0.7965
    0.4650     0.8067
    0.4660     0.8117
    0.4670     0.8168
    0.4680     0.8219
    0.4690     0.8266
    0.4700     0.8288
    0.4710     0.8309
    0.4720     0.8331
    0.4730     0.8351
    0.4740     0.8383
    0.4750     0.8457
    0.4760     0.8532
    0.4770     0.8607
    0.4780     0.8682
    0.4790     0.8758
    0.4800     0.8835
    0.4810     0.8860
    0.4820     0.8885
    0.4830     0.8910
    0.4840     0.8934
    0.4850     0.8959
    0.4860     0.8983
    0.4870     0.9007
    0.4880     0.9031
    0.4890     0.9054
    0.4900     0.9078
    0.4910     0.9179
    0.4920     0.9281
    0.4930     0.9384
    0.4940     0.9476
    0.4950     0.9519
    0.4960     0.9563
    0.4970     0.9607
    0.4980     0.9651
    0.4990     0.9703
    0.5000     0.9789
    0.5010     0.9866
    0.5020     0.9943
    0.5030     1.0000
    0.5040     0.9986
    0.5050     0.9897
    0.5060     0.9629
    0.5070     0.9358
    0.5080     0.9085
    0.5090     0.8806
    0.5100     0.8519
    0.5110     0.8244
    0.5120     0.8101
    0.5130     0.7956
    0.5140     0.7788
    0.5150     0.7559
    0.5160     0.7068
    0.5170     0.5964
    0.5180     0.4966
    0.5190     0.4132
    0.5200     0.3292
    0.5210     0.2447
    0.5220     0.1369
    0.5230     0.1054
    0.5240     0.0945
    0.5250     0.0834
    0.5260     0.0723
    0.5270     0.0612
    0.5280     0.0554
    0.5290     0.0520
    0.5300     0.0485
    0.5310     0.0450
    0.5320     0.0415
    0.5330     0.0380
    0.5340     0.0344
    0.5350     0.0309
    0.5360     0.0273
    0.5370     0.0237
    0.5380     0.0215
    0.5390     0.0192
    0.5400     0.0170
    0.5410     0.0147
    0.5420     0.0125
    0.5430     0.0110
    0.5440     0.0098
    0.5450     0.0086
    0.5460     0.0073
    0.5470     0.0061
    0.5480     0.0059
    0.5490     0.0057
    0.5500     0.0055
    0.5510     0.0053
    0.5520     0.0051
    0.5530     0.0048
    0.5540     0.0046
    0.5550     0.0044
    0.5560     0.0042
    0.5570     0.0040
    0.5580     0.0038
    0.5590     0.0036
    0.5600     0.0034
    0.5610     0.0031
    0.5620     0.0029
    0.5630     0.0027
    0.5640     0.0025
    0.5650     0.0023
    0.5660     0.0020
    0.5670     0.0018
    0.5680     0.0016
    0.5690     0.0014
    0.5700     0.0011
    0.5710     0.0009
    0.5720     0.0007
    0.5730     0.0005
    0.5740     0.0002
