379    tm4:Band5
    1.5020     0.0001
    1.5030     0.0002
    1.5040     0.0002
    1.5050     0.0003
    1.5060     0.0004
    1.5070     0.0005
    1.5080     0.0006
    1.5090     0.0007
    1.5100     0.0008
    1.5110     0.0009
    1.5120     0.0010
    1.5130     0.0010
    1.5140     0.0011
    1.5150     0.0012
    1.5160     0.0013
    1.5170     0.0014
    1.5180     0.0015
    1.5190     0.0016
    1.5200     0.0017
    1.5210     0.0022
    1.5220     0.0029
    1.5230     0.0036
    1.5240     0.0044
    1.5250     0.0051
    1.5260     0.0059
    1.5270     0.0066
    1.5280     0.0074
    1.5290     0.0082
    1.5300     0.0090
    1.5310     0.0102
    1.5320     0.0116
    1.5330     0.0131
    1.5340     0.0146
    1.5350     0.0161
    1.5360     0.0176
    1.5370     0.0191
    1.5380     0.0207
    1.5390     0.0222
    1.5400     0.0238
    1.5410     0.0278
    1.5420     0.0327
    1.5430     0.0378
    1.5440     0.0428
    1.5450     0.0479
    1.5460     0.0566
    1.5470     0.0667
    1.5480     0.0770
    1.5490     0.0873
    1.5500     0.0977
    1.5510     0.1138
    1.5520     0.1325
    1.5530     0.1513
    1.5540     0.1702
    1.5550     0.1893
    1.5560     0.2085
    1.5570     0.2278
    1.5580     0.2473
    1.5590     0.2669
    1.5600     0.2867
    1.5610     0.3120
    1.5620     0.3399
    1.5630     0.3680
    1.5640     0.3963
    1.5650     0.4248
    1.5660     0.4536
    1.5670     0.4826
    1.5680     0.5118
    1.5690     0.5412
    1.5700     0.5709
    1.5710     0.5980
    1.5720     0.6252
    1.5730     0.6526
    1.5740     0.6801
    1.5750     0.7077
    1.5760     0.7319
    1.5770     0.7546
    1.5780     0.7775
    1.5790     0.8005
    1.5800     0.8236
    1.5810     0.8417
    1.5820     0.8578
    1.5830     0.8740
    1.5840     0.8903
    1.5850     0.9066
    1.5860     0.9165
    1.5870     0.9236
    1.5880     0.9302
    1.5890     0.9344
    1.5900     0.9387
    1.5910     0.9428
    1.5920     0.9468
    1.5930     0.9459
    1.5940     0.9429
    1.5950     0.9398
    1.5960     0.9368
    1.5970     0.9337
    1.5980     0.9327
    1.5990     0.9326
    1.6000     0.9325
    1.6010     0.9308
    1.6020     0.9290
    1.6030     0.9285
    1.6040     0.9284
    1.6050     0.9283
    1.6060     0.9282
    1.6070     0.9281
    1.6080     0.9280
    1.6090     0.9328
    1.6100     0.9396
    1.6110     0.9436
    1.6120     0.9465
    1.6130     0.9493
    1.6140     0.9521
    1.6150     0.9550
    1.6160     0.9578
    1.6170     0.9606
    1.6180     0.9634
    1.6190     0.9662
    1.6200     0.9691
    1.6210     0.9719
    1.6220     0.9747
    1.6230     0.9775
    1.6240     0.9803
    1.6250     0.9831
    1.6260     0.9855
    1.6270     0.9877
    1.6280     0.9894
    1.6290     0.9888
    1.6300     0.9882
    1.6310     0.9871
    1.6320     0.9859
    1.6330     0.9848
    1.6340     0.9836
    1.6350     0.9825
    1.6360     0.9813
    1.6370     0.9802
    1.6380     0.9790
    1.6390     0.9778
    1.6400     0.9767
    1.6410     0.9758
    1.6420     0.9749
    1.6430     0.9740
    1.6440     0.9730
    1.6450     0.9721
    1.6460     0.9712
    1.6470     0.9703
    1.6480     0.9694
    1.6490     0.9685
    1.6500     0.9676
    1.6510     0.9672
    1.6520     0.9668
    1.6530     0.9679
    1.6540     0.9697
    1.6550     0.9715
    1.6560     0.9732
    1.6570     0.9750
    1.6580     0.9768
    1.6590     0.9786
    1.6600     0.9803
    1.6610     0.9819
    1.6620     0.9833
    1.6630     0.9847
    1.6640     0.9861
    1.6650     0.9876
    1.6660     0.9875
    1.6670     0.9867
    1.6680     0.9859
    1.6690     0.9852
    1.6700     0.9844
    1.6710     0.9839
    1.6720     0.9834
    1.6730     0.9829
    1.6740     0.9824
    1.6750     0.9819
    1.6760     0.9813
    1.6770     0.9808
    1.6780     0.9803
    1.6790     0.9798
    1.6800     0.9793
    1.6810     0.9788
    1.6820     0.9783
    1.6830     0.9778
    1.6840     0.9772
    1.6850     0.9767
    1.6860     0.9762
    1.6870     0.9757
    1.6880     0.9752
    1.6890     0.9746
    1.6900     0.9741
    1.6910     0.9751
    1.6920     0.9767
    1.6930     0.9784
    1.6940     0.9800
    1.6950     0.9816
    1.6960     0.9833
    1.6970     0.9849
    1.6980     0.9865
    1.6990     0.9882
    1.7000     0.9898
    1.7010     0.9905
    1.7020     0.9912
    1.7030     0.9918
    1.7040     0.9925
    1.7050     0.9932
    1.7060     0.9939
    1.7070     0.9946
    1.7080     0.9952
    1.7090     0.9961
    1.7100     0.9971
    1.7110     0.9978
    1.7120     0.9985
    1.7130     0.9990
    1.7140     0.9995
    1.7150     1.0000
    1.7160     0.9991
    1.7170     0.9976
    1.7180     0.9962
    1.7190     0.9947
    1.7200     0.9932
    1.7210     0.9915
    1.7220     0.9896
    1.7230     0.9878
    1.7240     0.9859
    1.7250     0.9740
    1.7260     0.9821
    1.7270     0.9802
    1.7280     0.9784
    1.7290     0.9765
    1.7300     0.9746
    1.7310     0.9727
    1.7320     0.9709
    1.7330     0.9690
    1.7340     0.9671
    1.7350     0.9652
    1.7360     0.9634
    1.7370     0.9615
    1.7380     0.9597
    1.7390     0.9578
    1.7400     0.9559
    1.7410     0.9549
    1.7420     0.9541
    1.7430     0.9534
    1.7440     0.9526
    1.7450     0.9519
    1.7460     0.9511
    1.7470     0.9504
    1.7480     0.9496
    1.7490     0.9489
    1.7500     0.9482
    1.7510     0.9505
    1.7520     0.9538
    1.7530     0.9572
    1.7540     0.9605
    1.7550     0.9638
    1.7560     0.9645
    1.7570     0.9635
    1.7580     0.9624
    1.7590     0.9614
    1.7600     0.9604
    1.7610     0.9570
    1.7620     0.9527
    1.7630     0.9483
    1.7640     0.9440
    1.7650     0.9397
    1.7660     0.9307
    1.7670     0.9197
    1.7680     0.9088
    1.7690     0.8978
    1.7700     0.8869
    1.7710     0.8679
    1.7720     0.8457
    1.7730     0.8235
    1.7740     0.8012
    1.7750     0.7790
    1.7760     0.7522
    1.7770     0.7234
    1.7780     0.6946
    1.7790     0.6658
    1.7800     0.6370
    1.7810     0.6072
    1.7820     0.5769
    1.7830     0.5466
    1.7840     0.5163
    1.7850     0.4860
    1.7860     0.4557
    1.7870     0.4254
    1.7880     0.3950
    1.7890     0.3647
    1.7900     0.3344
    1.7910     0.3134
    1.7920     0.2963
    1.7930     0.2792
    1.7940     0.2621
    1.7950     0.2450
    1.7960     0.2279
    1.7970     0.2108
    1.7980     0.1938
    1.7990     0.1767
    1.8000     0.1596
    1.8010     0.1488
    1.8020     0.1407
    1.8030     0.1327
    1.8040     0.1247
    1.8050     0.1167
    1.8060     0.1087
    1.8070     0.1007
    1.8080     0.0927
    1.8090     0.0847
    1.8100     0.0768
    1.8110     0.0723
    1.8120     0.0692
    1.8130     0.0661
    1.8140     0.0630
    1.8150     0.0599
    1.8160     0.0569
    1.8170     0.0538
    1.8180     0.0507
    1.8190     0.0476
    1.8200     0.0446
    1.8210     0.0421
    1.8220     0.0399
    1.8230     0.0377
    1.8240     0.0355
    1.8250     0.0333
    1.8260     0.0311
    1.8270     0.0290
    1.8280     0.0268
    1.8290     0.0246
    1.8300     0.0224
    1.8310     0.0214
    1.8320     0.0208
    1.8330     0.0202
    1.8340     0.0197
    1.8350     0.0191
    1.8360     0.0186
    1.8370     0.0180
    1.8380     0.0175
    1.8390     0.0169
    1.8400     0.0164
    1.8410     0.0158
    1.8420     0.0153
    1.8430     0.0147
    1.8440     0.0142
    1.8450     0.0137
    1.8460     0.0131
    1.8470     0.0126
    1.8480     0.0120
    1.8490     0.0115
    1.8500     0.0109
    1.8510     0.0105
    1.8520     0.0102
    1.8530     0.0098
    1.8540     0.0094
    1.8550     0.0091
    1.8560     0.0087
    1.8570     0.0083
    1.8580     0.0080
    1.8590     0.0076
    1.8600     0.0073
    1.8610     0.0069
    1.8620     0.0065
    1.8630     0.0062
    1.8640     0.0058
    1.8650     0.0055
    1.8660     0.0051
    1.8670     0.0047
    1.8680     0.0044
    1.8690     0.0040
    1.8700     0.0037
    1.8710     0.0033
    1.8720     0.0030
    1.8730     0.0026
    1.8740     0.0022
    1.8750     0.0019
    1.8760     0.0015
    1.8770     0.0012
    1.8780     0.0008
    1.8790     0.0005
    1.8800     0.0001
