121    spot3-Band2
600.0000  0.00200 
601.0000  0.01115 
602.0000  0.02072 
603.0000  0.03115 
604.0000  0.04287 
605.0000  0.05629 
606.0000  0.07185 
607.0000  0.08997 
608.0000  0.11108 
609.0000  0.13562 
610.0000  0.16400 
611.0000  0.19647 
612.0000  0.23250 
613.0000  0.27141 
614.0000  0.31248 
615.0000  0.35501 
616.0000  0.39830 
617.0000  0.44165 
618.0000  0.48435 
619.0000  0.52570 
620.0000  0.56500 
621.0000  0.60168 
622.0000  0.63573 
623.0000  0.66729 
624.0000  0.69647 
625.0000  0.72341 
626.0000  0.74824 
627.0000  0.77109 
628.0000  0.79207 
629.0000  0.81134 
630.0000  0.82900 
631.0000  0.84520 
632.0000  0.86011 
633.0000  0.87390 
634.0000  0.88675 
635.0000  0.89884 
636.0000  0.91034 
637.0000  0.92143 
638.0000  0.93229 
639.0000  0.94308 
640.0000  0.95400 
641.0000  0.96510 
642.0000  0.97603 
643.0000  0.98629 
644.0000  0.99543 
645.0000  1.00297 
646.0000  1.00843 
647.0000  1.01134 
648.0000  1.01122 
649.0000  1.00760 
650.0000  1.00000 
651.0000  0.98809 
652.0000  0.97209 
653.0000  0.95236 
654.0000  0.92926 
655.0000  0.90315 
656.0000  0.87438 
657.0000  0.84333 
658.0000  0.81034 
659.0000  0.77578 
660.0000  0.74000 
661.0000  0.70336 
662.0000  0.66615 
663.0000  0.62868 
664.0000  0.59121 
665.0000  0.55406 
666.0000  0.51750 
667.0000  0.48182 
668.0000  0.44732 
669.0000  0.41428 
670.0000  0.38300 
671.0000  0.35370 
672.0000  0.32636 
673.0000  0.30089 
674.0000  0.27722 
675.0000  0.25525 
676.0000  0.23490 
677.0000  0.21608 
678.0000  0.19872 
679.0000  0.18272 
680.0000  0.16800 
681.0000  0.15448 
682.0000  0.14209 
683.0000  0.13075 
684.0000  0.12039 
685.0000  0.11095 
686.0000  0.10236 
687.0000  0.09453 
688.0000  0.08741 
689.0000  0.08093 
690.0000  0.07500 
691.0000  0.06957 
692.0000  0.06461 
693.0000  0.06008 
694.0000  0.05595 
695.0000  0.05220 
696.0000  0.04879 
697.0000  0.04569 
698.0000  0.04288 
699.0000  0.04033 
700.0000  0.03800 
701.0000  0.03587 
702.0000  0.03392 
703.0000  0.03214 
704.0000  0.03051 
705.0000  0.02901 
706.0000  0.02764 
707.0000  0.02636 
708.0000  0.02517 
709.0000  0.02406 
710.0000  0.02300 
711.0000  0.02198 
712.0000  0.02100 
713.0000  0.02006 
714.0000  0.01914 
715.0000  0.01825 
716.0000  0.01737 
717.0000  0.01651 
718.0000  0.01567 
719.0000  0.01483 
720.0000  0.01400 
