161    spot3-Band1
480.0000  0.00100 
481.0000  0.01140 
482.0000  0.02223 
483.0000  0.03394 
484.0000  0.04696 
485.0000  0.06172 
486.0000  0.07867 
487.0000  0.09823 
488.0000  0.12085 
489.0000  0.14696 
490.0000  0.17700 
491.0000  0.21120 
492.0000  0.24897 
493.0000  0.28953 
494.0000  0.33208 
495.0000  0.37583 
496.0000  0.42000 
497.0000  0.46379 
498.0000  0.50641 
499.0000  0.54708 
500.0000  0.58500 
501.0000  0.61955 
502.0000  0.65079 
503.0000  0.67896 
504.0000  0.70426 
505.0000  0.72695 
506.0000  0.74724 
507.0000  0.76536 
508.0000  0.78154 
509.0000  0.79601 
510.0000  0.80900 
511.0000  0.82072 
512.0000  0.83131 
513.0000  0.84090 
514.0000  0.84963 
515.0000  0.85762 
516.0000  0.86500 
517.0000  0.87190 
518.0000  0.87845 
519.0000  0.88477 
520.0000  0.89100 
521.0000  0.89725 
522.0000  0.90354 
523.0000  0.90989 
524.0000  0.91631 
525.0000  0.92282 
526.0000  0.92942 
527.0000  0.93613 
528.0000  0.94295 
529.0000  0.94990 
530.0000  0.95700 
531.0000  0.96421 
532.0000  0.97136 
533.0000  0.97822 
534.0000  0.98458 
535.0000  0.99022 
536.0000  0.99493 
537.0000  0.99848 
538.0000  1.00065 
539.0000  1.00123 
540.0000  1.00000 
541.0000  0.99681 
542.0000  0.99179 
543.0000  0.98515 
544.0000  0.97708 
545.0000  0.96778 
546.0000  0.95747 
547.0000  0.94633 
548.0000  0.93457 
549.0000  0.92239 
550.0000  0.91000 
551.0000  0.89756 
552.0000  0.88510 
553.0000  0.87262 
554.0000  0.86014 
555.0000  0.84764 
556.0000  0.83513 
557.0000  0.82261 
558.0000  0.81008 
559.0000  0.79754 
560.0000  0.78500 
561.0000  0.77246 
562.0000  0.75996 
563.0000  0.74757 
564.0000  0.73532 
565.0000  0.72328 
566.0000  0.71150 
567.0000  0.70003 
568.0000  0.68892 
569.0000  0.67822 
570.0000  0.66800 
571.0000  0.65826 
572.0000  0.64890 
573.0000  0.63975 
574.0000  0.63066 
575.0000  0.62149 
576.0000  0.61208 
577.0000  0.60227 
578.0000  0.59193 
579.0000  0.58089 
580.0000  0.56900 
581.0000  0.55616 
582.0000  0.54243 
583.0000  0.52794 
584.0000  0.51281 
585.0000  0.49714 
586.0000  0.48107 
587.0000  0.46470 
588.0000  0.44815 
589.0000  0.43155 
590.0000  0.41500 
591.0000  0.39859 
592.0000  0.38226 
593.0000  0.36590 
594.0000  0.34941 
595.0000  0.33269 
596.0000  0.31563 
597.0000  0.29814 
598.0000  0.28010 
599.0000  0.26142 
600.0000  0.24200 
601.0000  0.22180 
602.0000  0.20108 
603.0000  0.18015 
604.0000  0.15934 
605.0000  0.13898 
606.0000  0.11937 
607.0000  0.10085 
608.0000  0.08373 
609.0000  0.06834 
610.0000  0.05500 
611.0000  0.04394 
612.0000  0.03500 
613.0000  0.02795 
614.0000  0.02254 
615.0000  0.01853 
616.0000  0.01568 
617.0000  0.01375 
618.0000  0.01248 
619.0000  0.01165 
620.0000  0.01100 
621.0000  0.01034 
622.0000  0.00963 
623.0000  0.00890 
624.0000  0.00815 
625.0000  0.00739 
626.0000  0.00664 
627.0000  0.00592 
628.0000  0.00522 
629.0000  0.00458 
630.0000  0.00400 
631.0000  0.00349 
632.0000  0.00304 
633.0000  0.00266 
634.0000  0.00233 
635.0000  0.00204 
636.0000  0.00179 
637.0000  0.00156 
638.0000  0.00136 
639.0000  0.00118 
640.0000  0.00100 
