341    spot3-PAN
470.0000  0.00300 
471.0000  0.00275 
472.0000  0.00250 
473.0000  0.00228 
474.0000  0.00208 
475.0000  0.00192 
476.0000  0.00180 
477.0000  0.00175 
478.0000  0.00175 
479.0000  0.00183 
480.0000  0.00200 
481.0000  0.00232 
482.0000  0.00314 
483.0000  0.00484 
484.0000  0.00783 
485.0000  0.01250 
486.0000  0.01925 
487.0000  0.02847 
488.0000  0.04058 
489.0000  0.05595 
490.0000  0.07500 
491.0000  0.09797 
492.0000  0.12451 
493.0000  0.15414 
494.0000  0.18638 
495.0000  0.22072 
496.0000  0.25669 
497.0000  0.29379 
498.0000  0.33154 
499.0000  0.36944 
500.0000  0.40700 
501.0000  0.44377 
502.0000  0.47941 
503.0000  0.51362 
504.0000  0.54608 
505.0000  0.57648 
506.0000  0.60453 
507.0000  0.62992 
508.0000  0.65233 
509.0000  0.67146 
510.0000  0.68700 
511.0000  0.69879 
512.0000  0.70721 
513.0000  0.71280 
514.0000  0.71608 
515.0000  0.71759 
516.0000  0.71785 
517.0000  0.71739 
518.0000  0.71674 
519.0000  0.71644 
520.0000  0.71700 
521.0000  0.71885 
522.0000  0.72199 
523.0000  0.72627 
524.0000  0.73157 
525.0000  0.73778 
526.0000  0.74477 
527.0000  0.75241 
528.0000  0.76058 
529.0000  0.76915 
530.0000  0.77800 
531.0000  0.78701 
532.0000  0.79607 
533.0000  0.80508 
534.0000  0.81393 
535.0000  0.82253 
536.0000  0.83076 
537.0000  0.83853 
538.0000  0.84573 
539.0000  0.85225 
540.0000  0.85800 
541.0000  0.86289 
542.0000  0.86693 
543.0000  0.87015 
544.0000  0.87257 
545.0000  0.87422 
546.0000  0.87514 
547.0000  0.87535 
548.0000  0.87487 
549.0000  0.87375 
550.0000  0.87200 
551.0000  0.86968 
552.0000  0.86694 
553.0000  0.86395 
554.0000  0.86090 
555.0000  0.85796 
556.0000  0.85529 
557.0000  0.85309 
558.0000  0.85153 
559.0000  0.85077 
560.0000  0.85100 
561.0000  0.85234 
562.0000  0.85471 
563.0000  0.85796 
564.0000  0.86196 
565.0000  0.86658 
566.0000  0.87166 
567.0000  0.87709 
568.0000  0.88271 
569.0000  0.88839 
570.0000  0.89400 
571.0000  0.89942 
572.0000  0.90463 
573.0000  0.90967 
574.0000  0.91453 
575.0000  0.91924 
576.0000  0.92381 
577.0000  0.92825 
578.0000  0.93259 
579.0000  0.93683 
580.0000  0.94100 
581.0000  0.94509 
582.0000  0.94902 
583.0000  0.95273 
584.0000  0.95612 
585.0000  0.95910 
586.0000  0.96160 
587.0000  0.96352 
588.0000  0.96478 
589.0000  0.96531 
590.0000  0.96500 
591.0000  0.96382 
592.0000  0.96187 
593.0000  0.95930 
594.0000  0.95625 
595.0000  0.95286 
596.0000  0.94929 
597.0000  0.94567 
598.0000  0.94215 
599.0000  0.93888 
600.0000  0.93600 
601.0000  0.93362 
602.0000  0.93173 
603.0000  0.93027 
604.0000  0.92919 
605.0000  0.92845 
606.0000  0.92800 
607.0000  0.92777 
608.0000  0.92773 
609.0000  0.92783 
610.0000  0.92800 
611.0000  0.92822 
612.0000  0.92850 
613.0000  0.92886 
614.0000  0.92934 
615.0000  0.92995 
616.0000  0.93072 
617.0000  0.93169 
618.0000  0.93287 
619.0000  0.93430 
620.0000  0.93600 
621.0000  0.93798 
622.0000  0.94023 
623.0000  0.94269 
624.0000  0.94534 
625.0000  0.94813 
626.0000  0.95104 
627.0000  0.95401 
628.0000  0.95702 
629.0000  0.96003 
630.0000  0.96300 
631.0000  0.96590 
632.0000  0.96872 
633.0000  0.97147 
634.0000  0.97416 
635.0000  0.97678 
636.0000  0.97933 
637.0000  0.98183 
638.0000  0.98427 
639.0000  0.98666 
640.0000  0.98900 
641.0000  0.99128 
642.0000  0.99346 
643.0000  0.99547 
644.0000  0.99726 
645.0000  0.99876 
646.0000  0.99993 
647.0000  1.00069 
648.0000  1.00100 
649.0000  1.00079 
650.0000  1.00000 
651.0000  0.99859 
652.0000  0.99657 
653.0000  0.99398 
654.0000  0.99083 
655.0000  0.98717 
656.0000  0.98301 
657.0000  0.97838 
658.0000  0.97332 
659.0000  0.96785 
660.0000  0.96200 
661.0000  0.95580 
662.0000  0.94927 
663.0000  0.94243 
664.0000  0.93532 
665.0000  0.92794 
666.0000  0.92033 
667.0000  0.91251 
668.0000  0.90450 
669.0000  0.89632 
670.0000  0.88800 
671.0000  0.87956 
672.0000  0.87102 
673.0000  0.86241 
674.0000  0.85375 
675.0000  0.84506 
676.0000  0.83636 
677.0000  0.82769 
678.0000  0.81905 
679.0000  0.81048 
680.0000  0.80200 
681.0000  0.79362 
682.0000  0.78536 
683.0000  0.77722 
684.0000  0.76921 
685.0000  0.76132 
686.0000  0.75357 
687.0000  0.74596 
688.0000  0.73849 
689.0000  0.73117 
690.0000  0.72400 
691.0000  0.71699 
692.0000  0.71014 
693.0000  0.70344 
694.0000  0.69690 
695.0000  0.69053 
696.0000  0.68430 
697.0000  0.67824 
698.0000  0.67234 
699.0000  0.66659 
700.0000  0.66100 
701.0000  0.65557 
702.0000  0.65031 
703.0000  0.64521 
704.0000  0.64030 
705.0000  0.63557 
706.0000  0.63104 
707.0000  0.62671 
708.0000  0.62259 
709.0000  0.61868 
710.0000  0.61500 
711.0000  0.61154 
712.0000  0.60827 
713.0000  0.60514 
714.0000  0.60213 
715.0000  0.59918 
716.0000  0.59626 
717.0000  0.59332 
718.0000  0.59032 
719.0000  0.58723 
720.0000  0.58400 
721.0000  0.58058 
722.0000  0.57687 
723.0000  0.57275 
724.0000  0.56811 
725.0000  0.56284 
726.0000  0.55682 
727.0000  0.54994 
728.0000  0.54208 
729.0000  0.53314 
730.0000  0.52300 
731.0000  0.51158 
732.0000  0.49895 
733.0000  0.48521 
734.0000  0.47048 
735.0000  0.45485 
736.0000  0.43844 
737.0000  0.42134 
738.0000  0.40366 
739.0000  0.38551 
740.0000  0.36700 
741.0000  0.34823 
742.0000  0.32932 
743.0000  0.31040 
744.0000  0.29158 
745.0000  0.27301 
746.0000  0.25479 
747.0000  0.23706 
748.0000  0.21993 
749.0000  0.20354 
750.0000  0.18800 
751.0000  0.17341 
752.0000  0.15977 
753.0000  0.14703 
754.0000  0.13516 
755.0000  0.12411 
756.0000  0.11386 
757.0000  0.10436 
758.0000  0.09558 
759.0000  0.08747 
760.0000  0.08000 
761.0000  0.07313 
762.0000  0.06684 
763.0000  0.06108 
764.0000  0.05582 
765.0000  0.05103 
766.0000  0.04668 
767.0000  0.04274 
768.0000  0.03916 
769.0000  0.03593 
770.0000  0.03300 
771.0000  0.03035 
772.0000  0.02794 
773.0000  0.02576 
774.0000  0.02379 
775.0000  0.02200 
776.0000  0.02037 
777.0000  0.01888 
778.0000  0.01750 
779.0000  0.01622 
780.0000  0.01500 
781.0000  0.01384 
782.0000  0.01272 
783.0000  0.01166 
784.0000  0.01065 
785.0000  0.00971 
786.0000  0.00883 
787.0000  0.00801 
788.0000  0.00727 
789.0000  0.00660 
790.0000  0.00600 
791.0000  0.00548 
792.0000  0.00503 
793.0000  0.00465 
794.0000  0.00432 
795.0000  0.00403 
796.0000  0.00379 
797.0000  0.00357 
798.0000  0.00337 
799.0000  0.00318 
800.0000  0.00300 
801.0000  0.00281 
802.0000  0.00262 
803.0000  0.00243 
804.0000  0.00223 
805.0000  0.00203 
806.0000  0.00183 
807.0000  0.00162 
808.0000  0.00142 
809.0000  0.00121 
810.0000  0.00100 
