181    spot3-Band3
750.0000  0.00700 
751.0000  0.00837 
752.0000  0.00983 
753.0000  0.01148 
754.0000  0.01340 
755.0000  0.01570 
756.0000  0.01846 
757.0000  0.02178 
758.0000  0.02574 
759.0000  0.03045 
760.0000  0.03600 
761.0000  0.04248 
762.0000  0.04997 
763.0000  0.05859 
764.0000  0.06841 
765.0000  0.07954 
766.0000  0.09206 
767.0000  0.10607 
768.0000  0.12167 
769.0000  0.13895 
770.0000  0.15800 
771.0000  0.17888 
772.0000  0.20149 
773.0000  0.22570 
774.0000  0.25139 
775.0000  0.27841 
776.0000  0.30664 
777.0000  0.33595 
778.0000  0.36620 
779.0000  0.39726 
780.0000  0.42900 
781.0000  0.46127 
782.0000  0.49386 
783.0000  0.52653 
784.0000  0.55905 
785.0000  0.59119 
786.0000  0.62272 
787.0000  0.65339 
788.0000  0.68299 
789.0000  0.71127 
790.0000  0.73800 
791.0000  0.76301 
792.0000  0.78634 
793.0000  0.80808 
794.0000  0.82833 
795.0000  0.84719 
796.0000  0.86475 
797.0000  0.88112 
798.0000  0.89639 
799.0000  0.91065 
800.0000  0.92400 
801.0000  0.93651 
802.0000  0.94814 
803.0000  0.95880 
804.0000  0.96842 
805.0000  0.97692 
806.0000  0.98423 
807.0000  0.99027 
808.0000  0.99496 
809.0000  0.99823 
810.0000  1.00000 
811.0000  1.00023 
812.0000  0.99905 
813.0000  0.99664 
814.0000  0.99314 
815.0000  0.98874 
816.0000  0.98360 
817.0000  0.97789 
818.0000  0.97178 
819.0000  0.96542 
820.0000  0.95900 
821.0000  0.95264 
822.0000  0.94635 
823.0000  0.94008 
824.0000  0.93380 
825.0000  0.92748 
826.0000  0.92108 
827.0000  0.91457 
828.0000  0.90791 
829.0000  0.90107 
830.0000  0.89400 
831.0000  0.88669 
832.0000  0.87915 
833.0000  0.87139 
834.0000  0.86344 
835.0000  0.85533 
836.0000  0.84707 
837.0000  0.83869 
838.0000  0.83020 
839.0000  0.82163 
840.0000  0.81300 
841.0000  0.80433 
842.0000  0.79565 
843.0000  0.78697 
844.0000  0.77831 
845.0000  0.76969 
846.0000  0.76114 
847.0000  0.75268 
848.0000  0.74432 
849.0000  0.73609 
850.0000  0.72800 
851.0000  0.72007 
852.0000  0.71223 
853.0000  0.70443 
854.0000  0.69659 
855.0000  0.68865 
856.0000  0.68053 
857.0000  0.67218 
858.0000  0.66352 
859.0000  0.65448 
860.0000  0.64500 
861.0000  0.63503 
862.0000  0.62457 
863.0000  0.61366 
864.0000  0.60233 
865.0000  0.59060 
866.0000  0.57850 
867.0000  0.56606 
868.0000  0.55331 
869.0000  0.54028 
870.0000  0.52700 
871.0000  0.51349 
872.0000  0.49978 
873.0000  0.48587 
874.0000  0.47181 
875.0000  0.45759 
876.0000  0.44325 
877.0000  0.42880 
878.0000  0.41426 
879.0000  0.39966 
880.0000  0.38500 
881.0000  0.37032 
882.0000  0.35564 
883.0000  0.34101 
884.0000  0.32646 
885.0000  0.31203 
886.0000  0.29776 
887.0000  0.28369 
888.0000  0.26984 
889.0000  0.25627 
890.0000  0.24300 
891.0000  0.23007 
892.0000  0.21749 
893.0000  0.20527 
894.0000  0.19340 
895.0000  0.18190 
896.0000  0.17076 
897.0000  0.16000 
898.0000  0.14962 
899.0000  0.13961 
900.0000  0.13000 
901.0000  0.12078 
902.0000  0.11194 
903.0000  0.10350 
904.0000  0.09543 
905.0000  0.08775 
906.0000  0.08045 
907.0000  0.07353 
908.0000  0.06698 
909.0000  0.06081 
910.0000  0.05500 
911.0000  0.04956 
912.0000  0.04448 
913.0000  0.03976 
914.0000  0.03538 
915.0000  0.03134 
916.0000  0.02763 
917.0000  0.02425 
918.0000  0.02119 
919.0000  0.01844 
920.0000  0.01600 
921.0000  0.01385 
922.0000  0.01197 
923.0000  0.01033 
924.0000  0.00889 
925.0000  0.00764 
926.0000  0.00653 
927.0000  0.00554 
928.0000  0.00465 
929.0000  0.00381 
930.0000  0.00300 
