131    spot2-Band2
600.0000  0.01600 
601.0000  0.03592 
602.0000  0.05609 
603.0000  0.07676 
604.0000  0.09820 
605.0000  0.12065 
606.0000  0.14437 
607.0000  0.16961 
608.0000  0.19663 
609.0000  0.22567 
610.0000  0.25700 
611.0000  0.29074 
612.0000  0.32651 
613.0000  0.36381 
614.0000  0.40216 
615.0000  0.44104 
616.0000  0.47995 
617.0000  0.51841 
618.0000  0.55590 
619.0000  0.59193 
620.0000  0.62600 
621.0000  0.65774 
622.0000  0.68732 
623.0000  0.71503 
624.0000  0.74119 
625.0000  0.76607 
626.0000  0.78999 
627.0000  0.81325 
628.0000  0.83613 
629.0000  0.85895 
630.0000  0.88200 
631.0000  0.90539 
632.0000  0.92846 
633.0000  0.95036 
634.0000  0.97026 
635.0000  0.98730 
636.0000  1.00063 
637.0000  1.00941 
638.0000  1.01280 
639.0000  1.00995 
640.0000  1.00000 
641.0000  0.98244 
642.0000  0.95807 
643.0000  0.92800 
644.0000  0.89335 
645.0000  0.85525 
646.0000  0.81480 
647.0000  0.77313 
648.0000  0.73136 
649.0000  0.69061 
650.0000  0.65200 
651.0000  0.61639 
652.0000  0.58365 
653.0000  0.55336 
654.0000  0.52515 
655.0000  0.49860 
656.0000  0.47332 
657.0000  0.44892 
658.0000  0.42500 
659.0000  0.40116 
660.0000  0.37700 
661.0000  0.35224 
662.0000  0.32705 
663.0000  0.30172 
664.0000  0.27652 
665.0000  0.25173 
666.0000  0.22765 
667.0000  0.20456 
668.0000  0.18273 
669.0000  0.16245 
670.0000  0.14400 
671.0000  0.12760 
672.0000  0.11314 
673.0000  0.10048 
674.0000  0.08943 
675.0000  0.07984 
676.0000  0.07155 
677.0000  0.06438 
678.0000  0.05818 
679.0000  0.05277 
680.0000  0.04800 
681.0000  0.04372 
682.0000  0.03987 
683.0000  0.03644 
684.0000  0.03337 
685.0000  0.03064 
686.0000  0.02823 
687.0000  0.02608 
688.0000  0.02419 
689.0000  0.02250 
690.0000  0.02100 
691.0000  0.01965 
692.0000  0.01843 
693.0000  0.01734 
694.0000  0.01635 
695.0000  0.01546 
696.0000  0.01465 
697.0000  0.01392 
698.0000  0.01324 
699.0000  0.01260 
700.0000  0.01200 
701.0000  0.01142 
702.0000  0.01085 
703.0000  0.01030 
704.0000  0.00978 
705.0000  0.00927 
706.0000  0.00878 
707.0000  0.00830 
708.0000  0.00785 
709.0000  0.00742 
710.0000  0.00700 
711.0000  0.00660 
712.0000  0.00623 
713.0000  0.00587 
714.0000  0.00554 
715.0000  0.00522 
716.0000  0.00493 
717.0000  0.00466 
718.0000  0.00442 
719.0000  0.00420 
720.0000  0.00400 
721.0000  0.00383 
722.0000  0.00368 
723.0000  0.00355 
724.0000  0.00344 
725.0000  0.00334 
726.0000  0.00326 
727.0000  0.00319 
728.0000  0.00312 
729.0000  0.00306 
730.0000  0.00300 
