311    spot2-PAN
470.0000  0.00200 
471.0000 -0.00079 
472.0000 -0.00330 
473.0000 -0.00525 
474.0000 -0.00637 
475.0000 -0.00638 
476.0000 -0.00499 
477.0000 -0.00194 
478.0000  0.00306 
479.0000  0.01028 
480.0000  0.02000 
481.0000  0.03240 
482.0000  0.04722 
483.0000  0.06410 
484.0000  0.08269 
485.0000  0.10263 
486.0000  0.12355 
487.0000  0.14511 
488.0000  0.16694 
489.0000  0.18869 
490.0000  0.21000 
491.0000  0.23057 
492.0000  0.25034 
493.0000  0.26933 
494.0000  0.28755 
495.0000  0.30500 
496.0000  0.32169 
497.0000  0.33762 
498.0000  0.35281 
499.0000  0.36727 
500.0000  0.38100 
501.0000  0.39402 
502.0000  0.40638 
503.0000  0.41814 
504.0000  0.42937 
505.0000  0.44013 
506.0000  0.45048 
507.0000  0.46048 
508.0000  0.47019 
509.0000  0.47968 
510.0000  0.48900 
511.0000  0.49821 
512.0000  0.50730 
513.0000  0.51626 
514.0000  0.52507 
515.0000  0.53372 
516.0000  0.54220 
517.0000  0.55048 
518.0000  0.55855 
519.0000  0.56639 
520.0000  0.57400 
521.0000  0.58136 
522.0000  0.58846 
523.0000  0.59533 
524.0000  0.60195 
525.0000  0.60834 
526.0000  0.61451 
527.0000  0.62045 
528.0000  0.62618 
529.0000  0.63169 
530.0000  0.63700 
531.0000  0.64212 
532.0000  0.64708 
533.0000  0.65194 
534.0000  0.65674 
535.0000  0.66153 
536.0000  0.66635 
537.0000  0.67127 
538.0000  0.67632 
539.0000  0.68154 
540.0000  0.68700 
541.0000  0.69271 
542.0000  0.69863 
543.0000  0.70469 
544.0000  0.71081 
545.0000  0.71693 
546.0000  0.72297 
547.0000  0.72887 
548.0000  0.73455 
549.0000  0.73995 
550.0000  0.74500 
551.0000  0.74963 
552.0000  0.75383 
553.0000  0.75759 
554.0000  0.76091 
555.0000  0.76377 
556.0000  0.76617 
557.0000  0.76810 
558.0000  0.76955 
559.0000  0.77052 
560.0000  0.77100 
561.0000  0.77100 
562.0000  0.77057 
563.0000  0.76979 
564.0000  0.76875 
565.0000  0.76751 
566.0000  0.76614 
567.0000  0.76474 
568.0000  0.76336 
569.0000  0.76209 
570.0000  0.76100 
571.0000  0.76016 
572.0000  0.75962 
573.0000  0.75940 
574.0000  0.75954 
575.0000  0.76008 
576.0000  0.76106 
577.0000  0.76250 
578.0000  0.76445 
579.0000  0.76694 
580.0000  0.77000 
581.0000  0.77365 
582.0000  0.77786 
583.0000  0.78255 
584.0000  0.78767 
585.0000  0.79316 
586.0000  0.79896 
587.0000  0.80500 
588.0000  0.81123 
589.0000  0.81758 
590.0000  0.82400 
591.0000  0.83043 
592.0000  0.83681 
593.0000  0.84309 
594.0000  0.84922 
595.0000  0.85515 
596.0000  0.86083 
597.0000  0.86621 
598.0000  0.87123 
599.0000  0.87584 
600.0000  0.88000 
601.0000  0.88367 
602.0000  0.88690 
603.0000  0.88977 
604.0000  0.89236 
605.0000  0.89473 
606.0000  0.89697 
607.0000  0.89914 
608.0000  0.90132 
609.0000  0.90358 
610.0000  0.90600 
611.0000  0.90864 
612.0000  0.91149 
613.0000  0.91454 
614.0000  0.91778 
615.0000  0.92117 
616.0000  0.92471 
617.0000  0.92838 
618.0000  0.93217 
619.0000  0.93604 
620.0000  0.94000 
621.0000  0.94401 
622.0000  0.94806 
623.0000  0.95210 
624.0000  0.95612 
625.0000  0.96008 
626.0000  0.96396 
627.0000  0.96772 
628.0000  0.97133 
629.0000  0.97477 
630.0000  0.97800 
631.0000  0.98101 
632.0000  0.98379 
633.0000  0.98638 
634.0000  0.98877 
635.0000  0.99099 
636.0000  0.99305 
637.0000  0.99497 
638.0000  0.99676 
639.0000  0.99843 
640.0000  1.00000 
641.0000  1.00145 
642.0000  1.00262 
643.0000  1.00331 
644.0000  1.00332 
645.0000  1.00245 
646.0000  1.00050 
647.0000  0.99728 
648.0000  0.99259 
649.0000  0.98623 
650.0000  0.97800 
651.0000  0.96779 
652.0000  0.95587 
653.0000  0.94259 
654.0000  0.92829 
655.0000  0.91334 
656.0000  0.89808 
657.0000  0.88286 
658.0000  0.86804 
659.0000  0.85397 
660.0000  0.84100 
661.0000  0.82940 
662.0000  0.81912 
663.0000  0.81002 
664.0000  0.80196 
665.0000  0.79482 
666.0000  0.78845 
667.0000  0.78272 
668.0000  0.77749 
669.0000  0.77263 
670.0000  0.76800 
671.0000  0.76352 
672.0000  0.75932 
673.0000  0.75556 
674.0000  0.75244 
675.0000  0.75014 
676.0000  0.74882 
677.0000  0.74866 
678.0000  0.74986 
679.0000  0.75258 
680.0000  0.75700 
681.0000  0.76311 
682.0000  0.77015 
683.0000  0.77714 
684.0000  0.78312 
685.0000  0.78714 
686.0000  0.78822 
687.0000  0.78541 
688.0000  0.77775 
689.0000  0.76426 
690.0000  0.74400 
691.0000  0.71637 
692.0000  0.68228 
693.0000  0.64303 
694.0000  0.59990 
695.0000  0.55419 
696.0000  0.50719 
697.0000  0.46017 
698.0000  0.41445 
699.0000  0.37129 
700.0000  0.33200 
701.0000  0.29756 
702.0000  0.26779 
703.0000  0.24217 
704.0000  0.22023 
705.0000  0.20147 
706.0000  0.18538 
707.0000  0.17149 
708.0000  0.15929 
709.0000  0.14829 
710.0000  0.13800 
711.0000  0.12801 
712.0000  0.11828 
713.0000  0.10885 
714.0000  0.09976 
715.0000  0.09107 
716.0000  0.08281 
717.0000  0.07503 
718.0000  0.06777 
719.0000  0.06108 
720.0000  0.05500 
721.0000  0.04956 
722.0000  0.04473 
723.0000  0.04046 
724.0000  0.03670 
725.0000  0.03339 
726.0000  0.03050 
727.0000  0.02796 
728.0000  0.02573 
729.0000  0.02376 
730.0000  0.02200 
731.0000  0.02041 
732.0000  0.01896 
733.0000  0.01765 
734.0000  0.01645 
735.0000  0.01536 
736.0000  0.01436 
737.0000  0.01344 
738.0000  0.01258 
739.0000  0.01177 
740.0000  0.01100 
741.0000  0.01025 
742.0000  0.00952 
743.0000  0.00883 
744.0000  0.00816 
745.0000  0.00753 
746.0000  0.00693 
747.0000  0.00638 
748.0000  0.00587 
749.0000  0.00541 
750.0000  0.00500 
751.0000  0.00464 
752.0000  0.00433 
753.0000  0.00407 
754.0000  0.00384 
755.0000  0.00365 
756.0000  0.00349 
757.0000  0.00334 
758.0000  0.00322 
759.0000  0.00311 
760.0000  0.00300 
761.0000  0.00290 
762.0000  0.00279 
763.0000  0.00269 
764.0000  0.00259 
765.0000  0.00249 
766.0000  0.00239 
767.0000  0.00230 
768.0000  0.00220 
769.0000  0.00210 
770.0000  0.00200 
771.0000  0.00190 
772.0000  0.00180 
773.0000  0.00170 
774.0000  0.00160 
775.0000  0.00150 
776.0000  0.00140 
777.0000  0.00130 
778.0000  0.00120 
779.0000  0.00110 
780.0000  0.00100 
