171    spot2-Band3
750.0000  0.02200 
751.0000  0.02766 
752.0000  0.03348 
753.0000  0.03964 
754.0000  0.04629 
755.0000  0.05361 
756.0000  0.06176 
757.0000  0.07091 
758.0000  0.08122 
759.0000  0.09286 
760.0000  0.10600 
761.0000  0.12076 
762.0000  0.13712 
763.0000  0.15501 
764.0000  0.17438 
765.0000  0.19516 
766.0000  0.21728 
767.0000  0.24069 
768.0000  0.26532 
769.0000  0.29111 
770.0000  0.31800 
771.0000  0.34590 
772.0000  0.37465 
773.0000  0.40408 
774.0000  0.43401 
775.0000  0.46425 
776.0000  0.49464 
777.0000  0.52498 
778.0000  0.55511 
779.0000  0.58484 
780.0000  0.61400 
781.0000  0.64242 
782.0000  0.67004 
783.0000  0.69678 
784.0000  0.72261 
785.0000  0.74745 
786.0000  0.77126 
787.0000  0.79397 
788.0000  0.81554 
789.0000  0.83590 
790.0000  0.85500 
791.0000  0.87279 
792.0000  0.88930 
793.0000  0.90453 
794.0000  0.91853 
795.0000  0.93132 
796.0000  0.94292 
797.0000  0.95336 
798.0000  0.96267 
799.0000  0.97087 
800.0000  0.97800 
801.0000  0.98408 
802.0000  0.98915 
803.0000  0.99328 
804.0000  0.99651 
805.0000  0.99890 
806.0000  1.00050 
807.0000  1.00135 
808.0000  1.00152 
809.0000  1.00105 
810.0000  1.00000 
811.0000  0.99841 
812.0000  0.99632 
813.0000  0.99376 
814.0000  0.99075 
815.0000  0.98733 
816.0000  0.98352 
817.0000  0.97935 
818.0000  0.97486 
819.0000  0.97006 
820.0000  0.96500 
821.0000  0.95970 
822.0000  0.95421 
823.0000  0.94859 
824.0000  0.94289 
825.0000  0.93716 
826.0000  0.93146 
827.0000  0.92584 
828.0000  0.92036 
829.0000  0.91506 
830.0000  0.91000 
831.0000  0.90522 
832.0000  0.90064 
833.0000  0.89621 
834.0000  0.89182 
835.0000  0.88740 
836.0000  0.88287 
837.0000  0.87815 
838.0000  0.87315 
839.0000  0.86779 
840.0000  0.86200 
841.0000  0.85574 
842.0000  0.84915 
843.0000  0.84242 
844.0000  0.83577 
845.0000  0.82937 
846.0000  0.82341 
847.0000  0.81811 
848.0000  0.81364 
849.0000  0.81021 
850.0000  0.80800 
851.0000  0.80706 
852.0000  0.80685 
853.0000  0.80668 
854.0000  0.80584 
855.0000  0.80364 
856.0000  0.79939 
857.0000  0.79240 
858.0000  0.78196 
859.0000  0.76740 
860.0000  0.74800 
861.0000  0.72335 
862.0000  0.69406 
863.0000  0.66103 
864.0000  0.62516 
865.0000  0.58733 
866.0000  0.54843 
867.0000  0.50935 
868.0000  0.47100 
869.0000  0.43425 
870.0000  0.40000 
871.0000  0.36894 
872.0000  0.34095 
873.0000  0.31571 
874.0000  0.29289 
875.0000  0.27218 
876.0000  0.25326 
877.0000  0.23580 
878.0000  0.21948 
879.0000  0.20399 
880.0000  0.18900 
881.0000  0.17426 
882.0000  0.15980 
883.0000  0.14571 
884.0000  0.13211 
885.0000  0.11907 
886.0000  0.10672 
887.0000  0.09513 
888.0000  0.08442 
889.0000  0.07467 
890.0000  0.06600 
891.0000  0.05846 
892.0000  0.05197 
893.0000  0.04641 
894.0000  0.04168 
895.0000  0.03765 
896.0000  0.03421 
897.0000  0.03124 
898.0000  0.02862 
899.0000  0.02625 
900.0000  0.02400 
901.0000  0.02178 
902.0000  0.01960 
903.0000  0.01747 
904.0000  0.01541 
905.0000  0.01346 
906.0000  0.01163 
907.0000  0.00995 
908.0000  0.00843 
909.0000  0.00711 
910.0000  0.00600 
911.0000  0.00512 
912.0000  0.00446 
913.0000  0.00398 
914.0000  0.00368 
915.0000  0.00351 
916.0000  0.00347 
917.0000  0.00352 
918.0000  0.00364 
919.0000  0.00381 
920.0000  0.00400 
