151    spot2-Band1
470.0000  0.00200 
471.0000  0.00687 
472.0000  0.01202 
473.0000  0.01775 
474.0000  0.02433 
475.0000  0.03207 
476.0000  0.04124 
477.0000  0.05213 
478.0000  0.06503 
479.0000  0.08022 
480.0000  0.09800 
481.0000  0.11853 
482.0000  0.14151 
483.0000  0.16653 
484.0000  0.19318 
485.0000  0.22104 
486.0000  0.24970 
487.0000  0.27874 
488.0000  0.30774 
489.0000  0.33630 
490.0000  0.36400 
491.0000  0.39051 
492.0000  0.41582 
493.0000  0.44004 
494.0000  0.46324 
495.0000  0.48551 
496.0000  0.50694 
497.0000  0.52762 
498.0000  0.54763 
499.0000  0.56706 
500.0000  0.58600 
501.0000  0.60452 
502.0000  0.62261 
503.0000  0.64026 
504.0000  0.65745 
505.0000  0.67417 
506.0000  0.69039 
507.0000  0.70610 
508.0000  0.72129 
509.0000  0.73593 
510.0000  0.75000 
511.0000  0.76350 
512.0000  0.77643 
513.0000  0.78880 
514.0000  0.80064 
515.0000  0.81194 
516.0000  0.82273 
517.0000  0.83302 
518.0000  0.84282 
519.0000  0.85214 
520.0000  0.86100 
521.0000  0.86943 
522.0000  0.87753 
523.0000  0.88544 
524.0000  0.89329 
525.0000  0.90119 
526.0000  0.90927 
527.0000  0.91767 
528.0000  0.92650 
529.0000  0.93590 
530.0000  0.94600 
531.0000  0.95680 
532.0000  0.96787 
533.0000  0.97866 
534.0000  0.98862 
535.0000  0.99719 
536.0000  1.00383 
537.0000  1.00798 
538.0000  1.00909 
539.0000  1.00661 
540.0000  1.00000 
541.0000  0.98890 
542.0000  0.97376 
543.0000  0.95524 
544.0000  0.93399 
545.0000  0.91068 
546.0000  0.88595 
547.0000  0.86046 
548.0000  0.83487 
549.0000  0.80983 
550.0000  0.78600 
551.0000  0.76389 
552.0000  0.74351 
553.0000  0.72469 
554.0000  0.70731 
555.0000  0.69122 
556.0000  0.67626 
557.0000  0.66231 
558.0000  0.64921 
559.0000  0.63682 
560.0000  0.62500 
561.0000  0.61363 
562.0000  0.60266 
563.0000  0.59209 
564.0000  0.58190 
565.0000  0.57208 
566.0000  0.56262 
567.0000  0.55349 
568.0000  0.54469 
569.0000  0.53620 
570.0000  0.52800 
571.0000  0.52005 
572.0000  0.51214 
573.0000  0.50402 
574.0000  0.49545 
575.0000  0.48620 
576.0000  0.47600 
577.0000  0.46463 
578.0000  0.45183 
579.0000  0.43737 
580.0000  0.42100 
581.0000  0.40257 
582.0000  0.38231 
583.0000  0.36056 
584.0000  0.33764 
585.0000  0.31388 
586.0000  0.28961 
587.0000  0.26516 
588.0000  0.24085 
589.0000  0.21702 
590.0000  0.19400 
591.0000  0.17206 
592.0000  0.15132 
593.0000  0.13182 
594.0000  0.11362 
595.0000  0.09678 
596.0000  0.08136 
597.0000  0.06742 
598.0000  0.05501 
599.0000  0.04418 
600.0000  0.03500 
601.0000  0.02748 
602.0000  0.02149 
603.0000  0.01684 
604.0000  0.01336 
605.0000  0.01087 
606.0000  0.00918 
607.0000  0.00814 
608.0000  0.00754 
609.0000  0.00722 
610.0000  0.00700 
611.0000  0.00673 
612.0000  0.00639 
613.0000  0.00598 
614.0000  0.00551 
615.0000  0.00500 
616.0000  0.00445 
617.0000  0.00387 
618.0000  0.00326 
619.0000  0.00263 
620.0000  0.00200 
