751 band005.rsp
0.350000   0.000093
0.351000   0.000000
0.352000   0.000057
0.353000   0.000056
0.354000   0.000088
0.355000   0.000107
0.356000   0.000040
0.357000   0.000005
0.358000   0.000142
0.359000   0.000031
0.360000   0.000007
0.361000   0.000018
0.362000   0.000002
0.363000   0.000036
0.364000   0.000126
0.365000   0.000062
0.366000   0.000081
0.367000   0.000068
0.368000   0.000113
0.369000   0.000068
0.370000   0.000066
0.371000   0.000039
0.372000   0.000000
0.373000   0.000000
0.374000   0.000094
0.375000   0.000127
0.376000   0.000098
0.377000   0.000130
0.378000   0.000175
0.379000   0.000069
0.380000   0.000046
0.381000   0.000040
0.382000   0.000041
0.383000   0.000031
0.384000   0.000000
0.385000   0.000057
0.386000   0.000059
0.387000   0.000096
0.388000   0.000194
0.389000   0.000310
0.390000   0.000361
0.391000   0.000314
0.392000   0.000235
0.393000   0.000172
0.394000   0.000122
0.395000   0.000122
0.396000   0.000133
0.397000   0.000207
0.398000   0.000243
0.399000   0.000228
0.400000   0.000226
0.401000   0.000213
0.402000   0.000259
0.403000   0.000413
0.404000   0.000579
0.405000   0.000664
0.406000   0.000572
0.407000   0.000447
0.408000   0.000411
0.409000   0.000740
0.410000   0.002999
0.411000   0.005897
0.412000   0.004531
0.413000   0.001235
0.414000   0.000180
0.415000   0.000111
0.416000   0.000129
0.417000   0.000131
0.418000   0.000095
0.419000   0.000091
0.420000   0.000097
0.421000   0.000102
0.422000   0.000107
0.423000   0.000099
0.424000   0.000118
0.425000   0.000086
0.426000   0.000070
0.427000   0.000083
0.428000   0.000099
0.429000   0.000137
0.430000   0.000170
0.431000   0.000209
0.432000   0.000285
0.433000   0.000336
0.434000   0.000335
0.435000   0.000276
0.436000   0.000252
0.437000   0.000225
0.438000   0.000190
0.439000   0.000169
0.440000   0.000127
0.441000   0.000126
0.442000   0.000116
0.443000   0.000117
0.444000   0.000103
0.445000   0.000089
0.446000   0.000084
0.447000   0.000109
0.448000   0.000170
0.449000   0.000264
0.450000   0.000442
0.451000   0.000642
0.452000   0.000636
0.453000   0.000515
0.454000   0.000411
0.455000   0.000367
0.456000   0.000370
0.457000   0.000363
0.458000   0.000304
0.459000   0.000238
0.460000   0.000174
0.461000   0.000124
0.462000   0.000096
0.463000   0.000096
0.464000   0.000079
0.465000   0.000080
0.466000   0.000071
0.467000   0.000068
0.468000   0.000071
0.469000   0.000075
0.470000   0.000101
0.471000   0.000095
0.472000   0.000124
0.473000   0.000168
0.474000   0.000287
0.475000   0.000641
0.476000   0.002096
0.477000   0.006211
0.478000   0.008844
0.479000   0.006751
0.480000   0.004170
0.481000   0.002825
0.482000   0.001879
0.483000   0.001176
0.484000   0.000702
0.485000   0.000446
0.486000   0.000324
0.487000   0.000260
0.488000   0.000225
0.489000   0.000197
0.490000   0.000201
0.491000   0.000178
0.492000   0.000188
0.493000   0.000225
0.494000   0.000265
0.495000   0.000338
0.496000   0.000446
0.497000   0.000688
0.498000   0.001065
0.499000   0.001836
0.500000   0.003088
0.501000   0.004548
0.502000   0.004471
0.503000   0.002797
0.504000   0.001342
0.505000   0.000664
0.506000   0.000365
0.507000   0.000244
0.508000   0.000167
0.509000   0.000147
0.510000   0.000110
0.511000   0.000095
0.512000   0.000097
0.513000   0.000086
0.514000   0.000090
0.515000   0.000084
0.516000   0.000095
0.517000   0.000095
0.518000   0.000112
0.519000   0.000118
0.520000   0.000130
0.521000   0.000171
0.522000   0.000251
0.523000   0.000455
0.524000   0.001370
0.525000   0.006972
0.526000   0.020718
0.527000   0.017415
0.528000   0.004621
0.529000   0.002009
0.530000   0.001518
0.531000   0.001440
0.532000   0.001328
0.533000   0.001103
0.534000   0.000716
0.535000   0.000420
0.536000   0.000262
0.537000   0.000169
0.538000   0.000124
0.539000   0.000105
0.540000   0.000092
0.541000   0.000089
0.542000   0.000084
0.543000   0.000080
0.544000   0.000065
0.545000   0.000074
0.546000   0.000082
0.547000   0.000080
0.548000   0.000096
0.549000   0.000097
0.550000   0.000134
0.551000   0.000210
0.552000   0.000528
0.553000   0.001343
0.554000   0.001655
0.555000   0.000778
0.556000   0.000248
0.557000   0.000134
0.558000   0.000102
0.559000   0.000098
0.560000   0.000072
0.561000   0.000050
0.562000   0.000061
0.563000   0.000066
0.564000   0.000080
0.565000   0.000093
0.566000   0.000084
0.567000   0.000095
0.568000   0.000229
0.569000   0.000685
0.570000   0.001147
0.571000   0.000711
0.572000   0.000166
0.573000   0.000076
0.574000   0.000062
0.575000   0.000060
0.576000   0.000050
0.577000   0.000053
0.578000   0.000047
0.579000   0.000050
0.580000   0.000063
0.581000   0.000057
0.582000   0.000059
0.583000   0.000055
0.584000   0.000043
0.585000   0.000043
0.586000   0.000046
0.587000   0.000053
0.588000   0.000062
0.589000   0.000059
0.590000   0.000054
0.591000   0.000050
0.592000   0.000046
0.593000   0.000043
0.594000   0.000051
0.595000   0.000050
0.596000   0.000041
0.597000   0.000048
0.598000   0.000057
0.599000   0.000060
0.600000   0.000058
0.601000   0.000070
0.602000   0.000058
0.603000   0.000061
0.604000   0.000069
0.605000   0.000071
0.606000   0.000113
0.607000   0.000265
0.608000   0.001032
0.609000   0.001874
0.610000   0.001336
0.611000   0.000417
0.612000   0.000170
0.613000   0.000124
0.614000   0.000108
0.615000   0.000093
0.616000   0.000087
0.617000   0.000075
0.618000   0.000069
0.619000   0.000077
0.620000   0.000081
0.621000   0.000090
0.622000   0.000093
0.623000   0.000105
0.624000   0.000125
0.625000   0.000163
0.626000   0.000225
0.627000   0.000361
0.628000   0.000800
0.629000   0.001927
0.630000   0.002764
0.631000   0.002103
0.632000   0.001021
0.633000   0.000492
0.634000   0.000306
0.635000   0.000230
0.636000   0.000188
0.637000   0.000171
0.638000   0.000158
0.639000   0.000132
0.640000   0.000146
0.641000   0.000156
0.642000   0.000155
0.643000   0.000192
0.644000   0.000198
0.645000   0.000257
0.646000   0.000333
0.647000   0.000484
0.648000   0.000731
0.649000   0.001068
0.650000   0.001269
0.651000   0.001094
0.652000   0.000749
0.653000   0.000508
0.654000   0.000325
0.655000   0.000238
0.656000   0.000178
0.657000   0.000145
0.658000   0.000141
0.659000   0.000143
0.660000   0.000134
0.661000   0.000114
0.662000   0.000104
0.663000   0.000103
0.664000   0.000120
0.665000   0.000128
0.666000   0.000108
0.667000   0.000118
0.668000   0.000144
0.669000   0.000155
0.670000   0.000184
0.671000   0.000241
0.672000   0.000403
0.673000   0.000819
0.674000   0.003277
0.675000   0.008108
0.676000   0.006126
0.677000   0.001846
0.678000   0.000529
0.679000   0.000256
0.680000   0.000173
0.681000   0.000126
0.682000   0.000092
0.683000   0.000108
0.684000   0.000076
0.685000   0.000092
0.686000   0.000093
0.687000   0.000079
0.688000   0.000103
0.689000   0.000089
0.690000   0.000100
0.691000   0.000075
0.692000   0.000057
0.693000   0.000041
0.694000   0.000063
0.695000   0.000068
0.696000   0.000083
0.697000   0.000069
0.698000   0.000102
0.699000   0.000067
0.700000   0.000083
0.701000   0.000064
0.702000   0.000014
0.703000   0.000080
0.704000   0.000085
0.705000   0.000087
0.706000   0.000064
0.707000   0.000091
0.708000   0.000132
0.709000   0.000078
0.710000   0.000078
0.711000   0.000090
0.712000   0.000108
0.713000   0.000114
0.714000   0.000050
0.715000   0.000069
0.716000   0.000079
0.717000   0.000036
0.718000   0.000094
0.719000   0.000081
0.720000   0.000056
0.721000   0.000045
0.722000   0.000022
0.723000   0.000073
0.724000   0.000099
0.725000   0.000090
0.726000   0.000115
0.727000   0.000116
0.728000   0.000159
0.729000   0.000121
0.730000   0.000090
0.731000   0.000118
0.732000   0.000139
0.733000   0.000199
0.734000   0.000168
0.735000   0.000149
0.736000   0.000189
0.737000   0.000237
0.738000   0.000279
0.739000   0.000312
0.740000   0.000366
0.741000   0.000409
0.742000   0.000510
0.743000   0.000654
0.744000   0.000773
0.745000   0.001004
0.746000   0.001249
0.747000   0.001660
0.748000   0.002115
0.749000   0.002682
0.750000   0.003543
0.751000   0.004856
0.752000   0.006593
0.753000   0.009230
0.754000   0.013133
0.755000   0.018937
0.756000   0.027494
0.757000   0.041170
0.758000   0.062858
0.759000   0.096807
0.760000   0.147876
0.761000   0.223545
0.762000   0.329844
0.763000   0.455298
0.764000   0.576617
0.765000   0.670035
0.766000   0.722288
0.767000   0.751254
0.768000   0.766930
0.769000   0.775353
0.770000   0.787114
0.771000   0.806099
0.772000   0.821977
0.773000   0.847059
0.774000   0.869644
0.775000   0.894352
0.776000   0.913859
0.777000   0.930165
0.778000   0.941384
0.779000   0.951980
0.780000   0.959592
0.781000   0.958151
0.782000   0.950079
0.783000   0.949082
0.784000   0.951773
0.785000   0.951766
0.786000   0.953564
0.787000   0.953870
0.788000   0.955682
0.789000   0.957033
0.790000   0.958972
0.791000   0.963248
0.792000   0.977411
0.793000   0.984061
0.794000   0.982768
0.795000   0.986847
0.796000   0.991984
0.797000   0.992005
0.798000   0.987356
0.799000   0.982644
0.800000   0.982816
0.801000   0.983090
0.802000   0.981526
0.803000   0.970534
0.804000   0.965629
0.805000   0.971037
0.806000   0.980060
0.807000   0.982452
0.808000   0.966559
0.809000   0.963824
0.810000   0.971020
0.811000   0.971513
0.812000   0.977518
0.813000   0.980122
0.814000   0.982741
0.815000   0.981626
0.816000   0.984238
0.817000   0.998356
0.818000   0.995887
0.819000   0.991778
0.820000   0.993115
0.821000   0.988499
0.822000   0.997875
0.823000   1.000000
0.824000   0.986686
0.825000   0.989841
0.826000   0.990196
0.827000   0.985520
0.828000   0.990895
0.829000   0.994249
0.830000   0.980905
0.831000   0.974178
0.832000   0.978120
0.833000   0.981468
0.834000   0.981349
0.835000   0.978049
0.836000   0.981986
0.837000   0.986006
0.838000   0.979771
0.839000   0.977245
0.840000   0.991608
0.841000   0.975782
0.842000   0.957418
0.843000   0.943817
0.844000   0.938634
0.845000   0.934942
0.846000   0.915801
0.847000   0.895525
0.848000   0.859353
0.849000   0.790698
0.850000   0.682573
0.851000   0.577238
0.852000   0.443028
0.853000   0.317301
0.854000   0.218543
0.855000   0.149209
0.856000   0.101815
0.857000   0.066703
0.858000   0.045383
0.859000   0.030884
0.860000   0.082473
0.861000   0.085883
0.862000   0.072765
0.863000   0.055163
0.864000   0.043383
0.865000   0.034714
0.866000   0.022490
0.867000   0.019663
0.868000   0.012318
0.869000   0.009737
0.870000   0.004132
0.871000   0.005075
0.872000   0.002637
0.873000   0.003086
0.874000   0.000877
0.875000   0.000091
0.876000   0.000453
0.877000   0.000000
0.878000   0.000962
0.879000   0.000221
0.880000   0.000455
0.881000   0.000683
0.882000   0.000000
0.883000   0.001036
0.884000   0.000000
0.885000   0.000000
0.886000   0.000000
0.887000   0.000716
0.888000   0.000000
0.889000   0.000797
0.890000   0.000000
0.891000   0.001506
0.892000   0.000000
0.893000   0.000777
0.894000   0.000000
0.895000   0.000000
0.896000   0.000888
0.897000   0.000000
0.898000   0.000000
0.899000   0.000324
0.900000   0.000000
0.901000   0.000000
0.902000   0.000000
0.903000   0.000000
0.904000   0.000000
0.905000   0.000000
0.906000   0.000595
0.907000   0.000111
0.908000   0.000000
0.909000   0.000000
0.910000   0.000000
0.911000   0.000112
0.912000   0.000332
0.913000   0.000000
0.914000   0.000000
0.915000   0.000696
0.916000   0.000410
0.917000   0.000001
0.918000   0.000161
0.919000   0.000000
0.920000   0.000000
0.921000   0.000028
0.922000   0.000000
0.923000   0.000000
0.924000   0.000000
0.925000   0.000104
0.926000   0.000080
0.927000   0.000418
0.928000   0.000000
0.929000   0.000076
0.930000   0.000265
0.931000   0.000000
0.932000   0.000000
0.933000   0.000038
0.934000   0.000000
0.935000   0.000000
0.936000   0.000000
0.937000   0.000030
0.938000   0.000000
0.939000   0.000000
0.940000   0.000226
0.941000   0.000229
0.942000   0.000000
0.943000   0.000080
0.944000   0.000134
0.945000   0.000000
0.946000   0.000000
0.947000   0.000140
0.948000   0.000000
0.949000   0.000059
0.950000   0.000063
0.951000   0.000000
0.952000   0.000000
0.953000   0.000000
0.954000   0.000149
0.955000   0.000123
0.956000   0.000127
0.957000   0.000000
0.958000   0.000000
0.959000   0.000058
0.960000   0.000051
0.961000   0.000059
0.962000   0.000046
0.963000   0.000191
0.964000   0.000135
0.965000   0.000121
0.966000   0.000142
0.967000   0.000189
0.968000   0.000052
0.969000   0.000015
0.970000   0.000201
0.971000   0.000034
0.972000   0.000000
0.973000   0.000000
0.974000   0.000002
0.975000   0.000101
0.976000   0.000190
0.977000   0.000209
0.978000   0.000031
0.979000   0.000000
0.980000   0.000073
0.981000   0.000090
0.982000   0.000040
0.983000   0.000056
0.984000   0.000303
0.985000   0.000408
0.986000   0.000407
0.987000   0.000345
0.988000   0.000546
0.989000   0.000511
0.990000   0.000409
0.991000   0.000611
0.992000   0.000481
0.993000   0.000285
0.994000   0.000253
0.995000   0.000292
0.996000   0.000201
0.997000   0.000163
0.998000   0.000170
0.999000   0.000065
1.000000   0.000086
1.001000   0.000072
1.002000   0.000012
1.003000   0.000000
1.004000   0.000000
1.005000   0.000033
1.006000   0.000095
1.007000   0.000098
1.008000   0.000142
1.009000   0.000033
1.010000   0.000000
1.011000   0.000000
1.012000   0.000000
1.013000   0.000060
1.014000   0.000114
1.015000   0.000007
1.016000   0.000000
1.017000   0.000000
1.018000   0.000030
1.019000   0.000086
1.020000   0.000000
1.021000   0.000000
1.022000   0.000065
1.023000   0.000093
1.024000   0.000051
1.025000   0.000072
1.026000   0.000156
1.027000   0.000000
1.028000   0.000000
1.029000   0.000009
1.030000   0.000000
1.031000   0.000054
1.032000   0.000132
1.033000   0.000104
1.034000   0.000000
1.035000   0.000000
1.036000   0.000000
1.037000   0.000098
1.038000   0.000000
1.039000   0.000059
1.040000   0.000125
1.041000   0.000093
1.042000   0.000000
1.043000   0.000000
1.044000   0.000012
1.045000   0.000000
1.046000   0.000000
1.047000   0.000103
1.048000   0.000090
1.049000   0.000042
1.050000   0.000121
1.051000   0.000107
1.052000   0.000000
1.053000   0.000000
1.054000   0.000000
1.055000   0.000044
1.056000   0.000087
1.057000   0.000043
1.058000   0.000047
1.059000   0.000095
1.060000   0.000031
1.061000   0.000030
1.062000   0.000138
1.063000   0.000140
1.064000   0.000000
1.065000   0.000000
1.066000   0.000000
1.067000   0.000018
1.068000   0.000062
1.069000   0.000123
1.070000   0.000037
1.071000   0.000018
1.072000   0.000081
1.073000   0.000042
1.074000   0.000000
1.075000   0.000053
1.076000   0.000130
1.077000   0.000123
1.078000   0.000061
1.079000   0.000090
1.080000   0.000130
1.081000   0.000000
1.082000   0.000000
1.083000   0.000000
1.084000   0.000047
1.085000   0.000000
1.086000   0.000000
1.087000   0.000000
1.088000   0.000005
1.089000   0.000076
1.090000   0.000000
1.091000   0.000098
1.092000   0.000000
1.093000   0.000048
1.094000   0.000092
1.095000   0.000092
1.096000   0.000107
1.097000   0.000115
1.098000   0.000115
1.099000   0.000000
1.100000   0.000155
