751 band001.rsp
0.350000   0.000111
0.351000   0.000042
0.352000   0.000000
0.353000   0.000072
0.354000   0.000070
0.355000   0.000063
0.356000   0.000132
0.357000   0.000070
0.358000   0.000012
0.359000   0.000001
0.360000   0.000077
0.361000   0.000060
0.362000   0.000054
0.363000   0.000038
0.364000   0.000093
0.365000   0.000048
0.366000   0.000041
0.367000   0.000068
0.368000   0.000070
0.369000   0.000017
0.370000   0.000032
0.371000   0.000072
0.372000   0.000024
0.373000   0.000079
0.374000   0.000044
0.375000   0.000075
0.376000   0.000128
0.377000   0.000107
0.378000   0.000157
0.379000   0.000089
0.380000   0.000088
0.381000   0.000117
0.382000   0.000107
0.383000   0.000089
0.384000   0.000080
0.385000   0.000078
0.386000   0.000093
0.387000   0.000161
0.388000   0.000297
0.389000   0.000340
0.390000   0.000334
0.391000   0.000290
0.392000   0.000243
0.393000   0.000208
0.394000   0.000157
0.395000   0.000104
0.396000   0.000071
0.397000   0.000775
0.398000   0.003374
0.399000   0.005053
0.400000   0.003177
0.401000   0.001547
0.402000   0.000859
0.403000   0.000254
0.404000   0.000071
0.405000   0.000060
0.406000   0.000133
0.407000   0.000200
0.408000   0.000152
0.409000   0.000100
0.410000   0.000080
0.411000   0.000047
0.412000   0.000054
0.413000   0.000070
0.414000   0.000050
0.415000   0.000024
0.416000   0.000044
0.417000   0.000037
0.418000   0.000042
0.419000   0.000413
0.420000   0.001309
0.421000   0.001377
0.422000   0.000508
0.423000   0.000082
0.424000   0.000101
0.425000   0.000150
0.426000   0.000188
0.427000   0.000897
0.428000   0.012290
0.429000   0.020927
0.430000   0.011171
0.431000   0.002040
0.432000   0.000708
0.433000   0.000837
0.434000   0.001279
0.435000   0.002499
0.436000   0.006209
0.437000   0.019464
0.438000   0.073142
0.439000   0.250503
0.440000   0.547039
0.441000   0.780176
0.442000   0.839111
0.443000   0.792136
0.444000   0.738091
0.445000   0.725137
0.446000   0.754784
0.447000   0.798977
0.448000   0.833823
0.449000   0.859321
0.450000   0.885989
0.451000   0.916903
0.452000   0.951950
0.453000   0.978088
0.454000   0.990640
0.455000   0.990507
0.456000   0.986987
0.457000   0.979701
0.458000   0.974972
0.459000   0.974476
0.460000   0.978522
0.461000   0.989525
0.462000   0.998067
0.463000   0.999448
0.464000   0.994246
0.465000   0.991302
0.466000   0.987920
0.467000   0.985153
0.468000   0.989431
0.469000   0.990823
0.470000   0.999042
0.471000   0.998029
0.472000   0.999265
0.473000   0.996391
0.474000   0.995656
0.475000   0.992622
0.476000   0.996976
0.477000   0.993695
0.478000   0.989320
0.479000   0.984839
0.480000   0.975469
0.481000   0.967551
0.482000   0.950679
0.483000   0.946821
0.484000   0.942423
0.485000   0.946509
0.486000   0.951638
0.487000   0.970305
0.488000   0.982793
0.489000   0.992169
0.490000   0.994597
0.491000   0.991377
0.492000   0.991538
0.493000   0.992000
0.494000   0.991357
0.495000   0.992554
0.496000   0.996975
0.497000   1.000000
0.498000   0.993569
0.499000   0.992795
0.500000   0.990504
0.501000   0.990031
0.502000   0.992889
0.503000   0.988850
0.504000   0.978514
0.505000   0.972649
0.506000   0.964353
0.507000   0.962426
0.508000   0.957660
0.509000   0.942426
0.510000   0.924897
0.511000   0.842409
0.512000   0.592434
0.513000   0.266995
0.514000   0.084326
0.515000   0.025265
0.516000   0.008389
0.517000   0.003216
0.518000   0.001395
0.519000   0.000674
0.520000   0.000372
0.521000   0.000244
0.522000   0.000157
0.523000   0.000119
0.524000   0.000105
0.525000   0.000092
0.526000   0.000094
0.527000   0.000100
0.528000   0.000085
0.529000   0.000092
0.530000   0.000075
0.531000   0.000074
0.532000   0.000077
0.533000   0.000082
0.534000   0.000077
0.535000   0.000070
0.536000   0.000088
0.537000   0.000077
0.538000   0.000074
0.539000   0.000070
0.540000   0.000069
0.541000   0.000072
0.542000   0.000074
0.543000   0.000075
0.544000   0.000091
0.545000   0.000130
0.546000   0.000289
0.547000   0.000387
0.548000   0.000180
0.549000   0.000091
0.550000   0.000084
0.551000   0.000083
0.552000   0.000092
0.553000   0.000093
0.554000   0.000094
0.555000   0.000092
0.556000   0.000093
0.557000   0.000102
0.558000   0.000088
0.559000   0.000072
0.560000   0.000087
0.561000   0.000094
0.562000   0.000091
0.563000   0.000120
0.564000   0.000130
0.565000   0.000164
0.566000   0.000206
0.567000   0.000242
0.568000   0.000243
0.569000   0.000220
0.570000   0.000218
0.571000   0.000200
0.572000   0.000209
0.573000   0.000215
0.574000   0.000201
0.575000   0.000193
0.576000   0.000175
0.577000   0.000172
0.578000   0.000204
0.579000   0.000238
0.580000   0.000243
0.581000   0.000216
0.582000   0.000191
0.583000   0.000170
0.584000   0.000105
0.585000   0.000089
0.586000   0.000099
0.587000   0.000104
0.588000   0.000102
0.589000   0.000119
0.590000   0.000123
0.591000   0.000119
0.592000   0.000097
0.593000   0.000102
0.594000   0.000101
0.595000   0.000094
0.596000   0.000103
0.597000   0.000102
0.598000   0.000105
0.599000   0.000111
0.600000   0.000097
0.601000   0.000089
0.602000   0.000093
0.603000   0.000102
0.604000   0.000094
0.605000   0.000103
0.606000   0.000142
0.607000   0.000153
0.608000   0.000154
0.609000   0.000172
0.610000   0.000173
0.611000   0.000153
0.612000   0.000170
0.613000   0.000178
0.614000   0.000175
0.615000   0.000196
0.616000   0.000220
0.617000   0.000245
0.618000   0.000310
0.619000   0.000356
0.620000   0.000350
0.621000   0.000331
0.622000   0.000313
0.623000   0.000307
0.624000   0.000302
0.625000   0.000315
0.626000   0.000327
0.627000   0.000329
0.628000   0.000373
0.629000   0.000418
0.630000   0.000441
0.631000   0.000441
0.632000   0.000400
0.633000   0.000349
0.634000   0.000306
0.635000   0.000276
0.636000   0.000264
0.637000   0.000256
0.638000   0.000262
0.639000   0.000256
0.640000   0.000293
0.641000   0.000326
0.642000   0.000345
0.643000   0.000364
0.644000   0.000376
0.645000   0.000401
0.646000   0.000411
0.647000   0.000386
0.648000   0.000370
0.649000   0.000392
0.650000   0.000374
0.651000   0.000329
0.652000   0.000286
0.653000   0.000248
0.654000   0.000214
0.655000   0.000200
0.656000   0.000151
0.657000   0.000150
0.658000   0.000180
0.659000   0.000158
0.660000   0.000143
0.661000   0.000138
0.662000   0.000153
0.663000   0.000133
0.664000   0.000151
0.665000   0.000141
0.666000   0.000144
0.667000   0.000153
0.668000   0.000171
0.669000   0.000169
0.670000   0.000190
0.671000   0.000200
0.672000   0.000222
0.673000   0.000295
0.674000   0.000340
0.675000   0.000404
0.676000   0.000809
0.677000   0.003505
0.678000   0.005357
0.679000   0.002512
0.680000   0.000660
0.681000   0.000264
0.682000   0.000201
0.683000   0.000199
0.684000   0.000175
0.685000   0.000198
0.686000   0.000191
0.687000   0.000158
0.688000   0.000157
0.689000   0.000110
0.690000   0.000127
0.691000   0.000088
0.692000   0.000087
0.693000   0.000115
0.694000   0.000118
0.695000   0.000120
0.696000   0.000100
0.697000   0.000072
0.698000   0.000178
0.699000   0.000249
0.700000   0.000219
0.701000   0.000189
0.702000   0.000215
0.703000   0.000255
0.704000   0.000233
0.705000   0.000226
0.706000   0.000211
0.707000   0.000239
0.708000   0.000198
0.709000   0.000165
0.710000   0.000137
0.711000   0.000140
0.712000   0.000112
0.713000   0.000113
0.714000   0.000102
0.715000   0.000174
0.716000   0.000121
0.717000   0.000147
0.718000   0.000198
0.719000   0.000223
0.720000   0.000216
0.721000   0.000216
0.722000   0.000189
0.723000   0.000204
0.724000   0.000174
0.725000   0.000162
0.726000   0.000111
0.727000   0.000109
0.728000   0.000140
0.729000   0.000166
0.730000   0.000149
0.731000   0.000140
0.732000   0.000204
0.733000   0.000232
0.734000   0.000203
0.735000   0.000212
0.736000   0.000188
0.737000   0.000180
0.738000   0.000165
0.739000   0.000117
0.740000   0.000133
0.741000   0.000095
0.742000   0.000155
0.743000   0.000219
0.744000   0.000209
0.745000   0.000191
0.746000   0.000124
0.747000   0.000129
0.748000   0.000140
0.749000   0.000124
0.750000   0.000194
0.751000   0.000145
0.752000   0.000061
0.753000   0.000073
0.754000   0.000075
0.755000   0.000057
0.756000   0.000089
0.757000   0.000161
0.758000   0.000043
0.759000   0.000006
0.760000   0.000027
0.761000   0.000054
0.762000   0.000087
0.763000   0.000038
0.764000   0.000054
0.765000   0.000088
0.766000   0.000078
0.767000   0.000097
0.768000   0.000046
0.769000   0.000097
0.770000   0.000118
0.771000   0.000102
0.772000   0.000057
0.773000   0.000022
0.774000   0.000068
0.775000   0.000150
0.776000   0.000085
0.777000   0.000014
0.778000   0.000047
0.779000   0.000062
0.780000   0.000113
0.781000   0.000068
0.782000   0.000046
0.783000   0.000097
0.784000   0.000082
0.785000   0.000051
0.786000   0.000084
0.787000   0.000107
0.788000   0.000020
0.789000   0.000043
0.790000   0.000062
0.791000   0.000095
0.792000   0.000139
0.793000   0.000048
0.794000   0.000090
0.795000   0.000158
0.796000   0.000087
0.797000   0.000012
0.798000   0.000000
0.799000   0.000053
0.800000   0.000085
0.801000   0.000113
0.802000   0.000074
0.803000   0.000022
0.804000   0.000077
0.805000   0.000087
0.806000   0.000068
0.807000   0.000132
0.808000   0.000200
0.809000   0.000241
0.810000   0.000134
0.811000   0.000144
0.812000   0.000157
0.813000   0.000120
0.814000   0.000097
0.815000   0.000119
0.816000   0.000109
0.817000   0.000000
0.818000   0.000000
0.819000   0.000000
0.820000   0.000026
0.821000   0.000000
0.822000   0.000024
0.823000   0.000134
0.824000   0.000309
0.825000   0.000221
0.826000   0.000102
0.827000   0.000000
0.828000   0.000074
0.829000   0.000100
0.830000   0.000072
0.831000   0.000125
0.832000   0.000024
0.833000   0.000214
0.834000   0.000758
0.835000   0.000273
0.836000   0.000000
0.837000   0.000000
0.838000   0.000196
0.839000   0.000713
0.840000   0.000868
0.841000   0.000861
0.842000   0.000310
0.843000   0.000000
0.844000   0.000000
0.845000   0.000000
0.846000   0.000273
0.847000   0.000000
0.848000   0.000206
0.849000   0.000864
0.850000   0.001531
0.851000   0.000814
0.852000   0.000000
0.853000   0.000501
0.854000   0.000000
0.855000   0.000000
0.856000   0.000000
0.857000   0.000000
0.858000   0.000108
0.859000   0.000000
0.860000   0.000000
0.861000   0.000000
0.862000   0.002032
0.863000   0.001474
0.864000   0.000173
0.865000   0.001158
0.866000   0.000891
0.867000   0.000000
0.868000   0.001143
0.869000   0.002742
0.870000   0.000000
0.871000   0.000000
0.872000   0.000455
0.873000   0.001090
0.874000   0.000000
0.875000   0.000000
0.876000   0.000000
0.877000   0.001157
0.878000   0.000000
0.879000   0.000457
0.880000   0.001712
0.881000   0.000824
0.882000   0.000000
0.883000   0.000124
0.884000   0.000390
0.885000   0.000000
0.886000   0.000000
0.887000   0.000000
0.888000   0.000000
0.889000   0.000909
0.890000   0.000542
0.891000   0.000000
0.892000   0.000899
0.893000   0.000027
0.894000   0.000000
0.895000   0.000172
0.896000   0.000000
0.897000   0.000291
0.898000   0.000000
0.899000   0.000797
0.900000   0.000000
0.901000   0.000149
0.902000   0.000632
0.903000   0.000320
0.904000   0.000000
0.905000   0.000935
0.906000   0.000505
0.907000   0.000522
0.908000   0.000625
0.909000   0.000121
0.910000   0.000000
0.911000   0.000301
0.912000   0.000840
0.913000   0.000998
0.914000   0.000102
0.915000   0.000000
0.916000   0.000000
0.917000   0.000596
0.918000   0.000780
0.919000   0.000092
0.920000   0.000190
0.921000   0.000058
0.922000   0.000173
0.923000   0.000000
0.924000   0.000483
0.925000   0.000000
0.926000   0.000465
0.927000   0.000000
0.928000   0.000043
0.929000   0.000000
0.930000   0.000000
0.931000   0.000339
0.932000   0.000000
0.933000   0.000068
0.934000   0.000000
0.935000   0.000365
0.936000   0.000275
0.937000   0.000218
0.938000   0.000235
0.939000   0.000013
0.940000   0.000296
0.941000   0.000000
0.942000   0.000000
0.943000   0.000000
0.944000   0.000000
0.945000   0.000036
0.946000   0.000071
0.947000   0.000179
0.948000   0.000619
0.949000   0.000723
0.950000   0.000437
0.951000   0.000341
0.952000   0.000630
0.953000   0.000730
0.954000   0.000574
0.955000   0.000684
0.956000   0.000545
0.957000   0.000522
0.958000   0.000332
0.959000   0.000669
0.960000   0.000511
0.961000   0.000415
0.962000   0.000629
0.963000   0.000548
0.964000   0.000495
0.965000   0.000214
0.966000   0.000523
0.967000   0.000556
0.968000   0.000522
0.969000   0.000604
0.970000   0.000567
0.971000   0.000350
0.972000   0.000577
0.973000   0.000249
0.974000   0.000282
0.975000   0.000260
0.976000   0.000159
0.977000   0.000168
0.978000   0.000233
0.979000   0.000322
0.980000   0.000418
0.981000   0.000275
0.982000   0.000529
0.983000   0.000615
0.984000   0.000388
0.985000   0.000335
0.986000   0.000647
0.987000   0.000547
0.988000   0.000420
0.989000   0.000613
0.990000   0.000736
0.991000   0.000971
0.992000   0.001278
0.993000   0.001235
0.994000   0.001077
0.995000   0.001429
0.996000   0.001561
0.997000   0.001459
0.998000   0.001713
0.999000   0.001989
1.000000   0.001955
1.001000   0.002062
1.002000   0.002202
1.003000   0.002083
1.004000   0.001968
1.005000   0.001967
1.006000   0.001863
1.007000   0.001770
1.008000   0.001885
1.009000   0.001774
1.010000   0.001755
1.011000   0.001826
1.012000   0.001802
1.013000   0.001870
1.014000   0.001756
1.015000   0.001651
1.016000   0.001649
1.017000   0.001686
1.018000   0.001712
1.019000   0.001602
1.020000   0.001547
1.021000   0.001693
1.022000   0.001612
1.023000   0.001629
1.024000   0.001536
1.025000   0.001467
1.026000   0.001550
1.027000   0.001759
1.028000   0.001700
1.029000   0.001595
1.030000   0.001624
1.031000   0.001730
1.032000   0.001913
1.033000   0.001734
1.034000   0.001603
1.035000   0.001769
1.036000   0.001722
1.037000   0.001631
1.038000   0.001594
1.039000   0.001754
1.040000   0.001733
1.041000   0.001542
1.042000   0.001402
1.043000   0.001395
1.044000   0.001429
1.045000   0.001416
1.046000   0.001421
1.047000   0.001371
1.048000   0.001279
1.049000   0.001308
1.050000   0.001249
1.051000   0.001283
1.052000   0.001187
1.053000   0.001182
1.054000   0.001291
1.055000   0.001207
1.056000   0.000870
1.057000   0.000836
1.058000   0.000933
1.059000   0.000977
1.060000   0.001011
1.061000   0.001114
1.062000   0.000859
1.063000   0.000822
1.064000   0.001035
1.065000   0.001119
1.066000   0.000973
1.067000   0.000963
1.068000   0.001204
1.069000   0.001043
1.070000   0.000901
1.071000   0.001068
1.072000   0.001128
1.073000   0.001182
1.074000   0.001158
1.075000   0.001089
1.076000   0.001302
1.077000   0.001243
1.078000   0.001399
1.079000   0.001221
1.080000   0.001204
1.081000   0.001197
1.082000   0.001381
1.083000   0.001351
1.084000   0.001298
1.085000   0.001424
1.086000   0.001365
1.087000   0.001355
1.088000   0.001262
1.089000   0.001375
1.090000   0.001332
1.091000   0.001165
1.092000   0.001344
1.093000   0.001224
1.094000   0.001198
1.095000   0.001228
1.096000   0.001104
1.097000   0.001139
1.098000   0.001302
1.099000   0.001124
1.100000   0.001122
