751 band002.rsp
0.350000   0.000077
0.351000   0.000000
0.352000   0.000035
0.353000   0.000021
0.354000   0.000000
0.355000   0.000073
0.356000   0.000060
0.357000   0.000040
0.358000   0.000078
0.359000   0.000021
0.360000   0.000028
0.361000   0.000000
0.362000   0.000024
0.363000   0.000062
0.364000   0.000087
0.365000   0.000121
0.366000   0.000120
0.367000   0.000024
0.368000   0.000034
0.369000   0.000000
0.370000   0.000040
0.371000   0.000056
0.372000   0.000063
0.373000   0.000032
0.374000   0.000060
0.375000   0.000017
0.376000   0.000075
0.377000   0.000062
0.378000   0.000000
0.379000   0.000078
0.380000   0.000063
0.381000   0.000161
0.382000   0.000246
0.383000   0.000235
0.384000   0.000341
0.385000   0.000901
0.386000   0.001195
0.387000   0.000623
0.388000   0.000188
0.389000   0.000146
0.390000   0.000164
0.391000   0.000193
0.392000   0.000312
0.393000   0.000789
0.394000   0.001268
0.395000   0.001209
0.396000   0.000945
0.397000   0.001103
0.398000   0.001433
0.399000   0.001439
0.400000   0.001086
0.401000   0.000721
0.402000   0.000563
0.403000   0.000484
0.404000   0.000355
0.405000   0.000267
0.406000   0.000303
0.407000   0.000473
0.408000   0.001911
0.409000   0.004175
0.410000   0.003648
0.411000   0.001240
0.412000   0.000243
0.413000   0.000126
0.414000   0.000097
0.415000   0.000086
0.416000   0.000094
0.417000   0.000102
0.418000   0.000131
0.419000   0.000160
0.420000   0.000198
0.421000   0.000287
0.422000   0.000354
0.423000   0.000359
0.424000   0.000309
0.425000   0.000283
0.426000   0.000372
0.427000   0.000565
0.428000   0.000706
0.429000   0.000657
0.430000   0.000542
0.431000   0.000447
0.432000   0.000440
0.433000   0.000492
0.434000   0.000499
0.435000   0.000484
0.436000   0.000507
0.437000   0.000550
0.438000   0.000566
0.439000   0.000558
0.440000   0.000538
0.441000   0.000560
0.442000   0.000669
0.443000   0.001569
0.444000   0.005696
0.445000   0.007187
0.446000   0.003390
0.447000   0.000718
0.448000   0.000202
0.449000   0.000124
0.450000   0.000111
0.451000   0.000132
0.452000   0.000131
0.453000   0.000138
0.454000   0.000157
0.455000   0.000151
0.456000   0.000141
0.457000   0.000148
0.458000   0.000180
0.459000   0.000205
0.460000   0.000317
0.461000   0.000709
0.462000   0.001448
0.463000   0.001776
0.464000   0.001340
0.465000   0.000893
0.466000   0.000708
0.467000   0.000773
0.468000   0.001434
0.469000   0.012577
0.470000   0.025998
0.471000   0.015275
0.472000   0.003204
0.473000   0.000503
0.474000   0.000258
0.475000   0.000191
0.476000   0.000154
0.477000   0.000132
0.478000   0.000140
0.479000   0.000136
0.480000   0.000132
0.481000   0.000124
0.482000   0.000149
0.483000   0.000148
0.484000   0.000139
0.485000   0.000200
0.486000   0.000282
0.487000   0.000539
0.488000   0.007166
0.489000   0.025396
0.490000   0.017879
0.491000   0.003170
0.492000   0.000545
0.493000   0.000279
0.494000   0.000240
0.495000   0.000196
0.496000   0.000153
0.497000   0.000151
0.498000   0.000154
0.499000   0.000153
0.500000   0.000151
0.501000   0.000165
0.502000   0.000175
0.503000   0.000178
0.504000   0.000209
0.505000   0.000235
0.506000   0.000270
0.507000   0.000338
0.508000   0.000420
0.509000   0.000589
0.510000   0.000840
0.511000   0.001237
0.512000   0.001919
0.513000   0.003187
0.514000   0.005683
0.515000   0.010933
0.516000   0.022458
0.517000   0.049960
0.518000   0.117666
0.519000   0.280506
0.520000   0.554317
0.521000   0.819385
0.522000   0.943233
0.523000   0.957901
0.524000   0.952540
0.525000   0.951373
0.526000   0.950639
0.527000   0.941409
0.528000   0.934017
0.529000   0.924254
0.530000   0.917710
0.531000   0.920108
0.532000   0.927070
0.533000   0.939281
0.534000   0.951147
0.535000   0.958210
0.536000   0.958977
0.537000   0.957455
0.538000   0.951331
0.539000   0.953741
0.540000   0.947616
0.541000   0.957771
0.542000   0.964900
0.543000   0.974447
0.544000   0.986086
0.545000   0.990201
0.546000   0.991155
0.547000   0.994877
0.548000   0.996649
0.549000   0.997327
0.550000   0.991125
0.551000   0.991846
0.552000   0.992145
0.553000   0.993280
0.554000   0.994936
0.555000   1.000000
0.556000   0.998676
0.557000   0.996976
0.558000   0.996711
0.559000   0.995370
0.560000   0.996559
0.561000   0.997265
0.562000   0.996012
0.563000   0.994410
0.564000   0.993836
0.565000   0.998517
0.566000   0.996342
0.567000   0.997895
0.568000   0.997137
0.569000   0.993867
0.570000   0.990026
0.571000   0.986638
0.572000   0.979290
0.573000   0.977720
0.574000   0.977082
0.575000   0.976178
0.576000   0.978411
0.577000   0.979792
0.578000   0.976168
0.579000   0.972799
0.580000   0.961241
0.581000   0.943000
0.582000   0.927479
0.583000   0.917496
0.584000   0.920396
0.585000   0.935825
0.586000   0.949362
0.587000   0.944717
0.588000   0.916577
0.589000   0.886068
0.590000   0.875233
0.591000   0.825372
0.592000   0.626578
0.593000   0.328201
0.594000   0.116087
0.595000   0.035499
0.596000   0.011848
0.597000   0.004590
0.598000   0.001979
0.599000   0.000937
0.600000   0.000489
0.601000   0.000291
0.602000   0.000194
0.603000   0.000136
0.604000   0.000113
0.605000   0.000077
0.606000   0.000059
0.607000   0.000052
0.608000   0.000047
0.609000   0.000063
0.610000   0.000066
0.611000   0.000056
0.612000   0.000061
0.613000   0.000060
0.614000   0.000055
0.615000   0.000055
0.616000   0.000053
0.617000   0.000038
0.618000   0.000052
0.619000   0.000062
0.620000   0.000061
0.621000   0.000073
0.622000   0.000081
0.623000   0.000070
0.624000   0.000056
0.625000   0.000059
0.626000   0.000048
0.627000   0.000038
0.628000   0.000058
0.629000   0.000059
0.630000   0.000059
0.631000   0.000061
0.632000   0.000048
0.633000   0.000049
0.634000   0.000055
0.635000   0.000068
0.636000   0.000079
0.637000   0.000072
0.638000   0.000084
0.639000   0.000149
0.640000   0.000243
0.641000   0.000166
0.642000   0.000081
0.643000   0.000051
0.644000   0.000042
0.645000   0.000041
0.646000   0.000045
0.647000   0.000051
0.648000   0.000045
0.649000   0.000045
0.650000   0.000058
0.651000   0.000050
0.652000   0.000047
0.653000   0.000043
0.654000   0.000053
0.655000   0.000063
0.656000   0.000036
0.657000   0.000047
0.658000   0.000072
0.659000   0.000074
0.660000   0.000078
0.661000   0.000084
0.662000   0.000078
0.663000   0.000059
0.664000   0.000074
0.665000   0.000078
0.666000   0.000076
0.667000   0.000085
0.668000   0.000103
0.669000   0.000074
0.670000   0.000089
0.671000   0.000104
0.672000   0.000091
0.673000   0.000093
0.674000   0.000087
0.675000   0.000055
0.676000   0.000066
0.677000   0.000077
0.678000   0.000080
0.679000   0.000062
0.680000   0.000058
0.681000   0.000029
0.682000   0.000058
0.683000   0.000053
0.684000   0.000060
0.685000   0.000055
0.686000   0.000053
0.687000   0.000065
0.688000   0.000052
0.689000   0.000071
0.690000   0.000070
0.691000   0.000052
0.692000   0.000092
0.693000   0.000091
0.694000   0.000118
0.695000   0.000133
0.696000   0.000080
0.697000   0.000067
0.698000   0.000135
0.699000   0.000106
0.700000   0.000074
0.701000   0.000087
0.702000   0.000057
0.703000   0.000081
0.704000   0.000099
0.705000   0.000100
0.706000   0.000074
0.707000   0.000142
0.708000   0.000135
0.709000   0.000078
0.710000   0.000080
0.711000   0.000118
0.712000   0.000123
0.713000   0.000217
0.714000   0.000259
0.715000   0.000338
0.716000   0.000333
0.717000   0.000291
0.718000   0.000168
0.719000   0.000168
0.720000   0.000118
0.721000   0.000054
0.722000   0.000041
0.723000   0.000116
0.724000   0.000073
0.725000   0.000153
0.726000   0.000146
0.727000   0.000112
0.728000   0.000099
0.729000   0.000200
0.730000   0.000145
0.731000   0.000206
0.732000   0.000223
0.733000   0.000283
0.734000   0.000285
0.735000   0.000275
0.736000   0.000260
0.737000   0.000195
0.738000   0.000168
0.739000   0.000187
0.740000   0.000168
0.741000   0.000190
0.742000   0.000204
0.743000   0.000220
0.744000   0.000224
0.745000   0.000233
0.746000   0.000281
0.747000   0.000333
0.748000   0.000395
0.749000   0.000437
0.750000   0.000573
0.751000   0.000609
0.752000   0.000678
0.753000   0.000722
0.754000   0.000709
0.755000   0.000683
0.756000   0.000580
0.757000   0.000635
0.758000   0.000503
0.759000   0.000457
0.760000   0.000408
0.761000   0.000429
0.762000   0.000497
0.763000   0.000474
0.764000   0.000481
0.765000   0.000483
0.766000   0.000512
0.767000   0.000656
0.768000   0.000728
0.769000   0.000751
0.770000   0.000740
0.771000   0.000676
0.772000   0.000530
0.773000   0.000407
0.774000   0.000377
0.775000   0.000389
0.776000   0.000330
0.777000   0.000291
0.778000   0.000242
0.779000   0.000210
0.780000   0.000241
0.781000   0.000169
0.782000   0.000097
0.783000   0.000184
0.784000   0.000130
0.785000   0.000099
0.786000   0.000140
0.787000   0.000182
0.788000   0.000148
0.789000   0.000179
0.790000   0.000165
0.791000   0.000153
0.792000   0.000246
0.793000   0.000223
0.794000   0.000227
0.795000   0.000234
0.796000   0.000184
0.797000   0.000198
0.798000   0.000189
0.799000   0.000265
0.800000   0.000295
0.801000   0.000332
0.802000   0.000421
0.803000   0.000462
0.804000   0.000537
0.805000   0.000645
0.806000   0.000738
0.807000   0.000861
0.808000   0.000895
0.809000   0.000872
0.810000   0.000908
0.811000   0.000928
0.812000   0.000820
0.813000   0.000819
0.814000   0.000873
0.815000   0.000753
0.816000   0.000637
0.817000   0.000698
0.818000   0.000533
0.819000   0.000594
0.820000   0.000664
0.821000   0.000465
0.822000   0.000488
0.823000   0.000419
0.824000   0.000428
0.825000   0.000361
0.826000   0.000340
0.827000   0.000331
0.828000   0.000230
0.829000   0.000000
0.830000   0.000000
0.831000   0.000215
0.832000   0.000114
0.833000   0.000038
0.834000   0.000444
0.835000   0.000551
0.836000   0.000425
0.837000   0.000252
0.838000   0.000421
0.839000   0.000325
0.840000   0.000639
0.841000   0.000324
0.842000   0.000000
0.843000   0.000000
0.844000   0.000059
0.845000   0.000271
0.846000   0.000857
0.847000   0.000000
0.848000   0.000000
0.849000   0.000296
0.850000   0.002269
0.851000   0.001637
0.852000   0.000848
0.853000   0.000000
0.854000   0.000000
0.855000   0.002745
0.856000   0.000000
0.857000   0.000385
0.858000   0.000301
0.859000   0.000000
0.860000   0.000000
0.861000   0.000000
0.862000   0.005097
0.863000   0.000615
0.864000   0.001062
0.865000   0.000000
0.866000   0.000126
0.867000   0.000000
0.868000   0.000029
0.869000   0.001298
0.870000   0.000681
0.871000   0.001434
0.872000   0.000000
0.873000   0.002172
0.874000   0.000000
0.875000   0.000000
0.876000   0.001320
0.877000   0.000931
0.878000   0.000000
0.879000   0.000657
0.880000   0.001093
0.881000   0.002366
0.882000   0.000022
0.883000   0.001182
0.884000   0.000143
0.885000   0.000000
0.886000   0.000000
0.887000   0.000000
0.888000   0.000000
0.889000   0.000000
0.890000   0.000000
0.891000   0.000000
0.892000   0.001190
0.893000   0.000000
0.894000   0.000110
0.895000   0.001359
0.896000   0.000999
0.897000   0.000000
0.898000   0.000154
0.899000   0.000233
0.900000   0.000000
0.901000   0.000000
0.902000   0.000140
0.903000   0.000138
0.904000   0.000000
0.905000   0.000534
0.906000   0.000000
0.907000   0.000625
0.908000   0.000534
0.909000   0.000000
0.910000   0.000000
0.911000   0.001031
0.912000   0.000000
0.913000   0.000307
0.914000   0.000000
0.915000   0.000000
0.916000   0.000426
0.917000   0.000000
0.918000   0.000000
0.919000   0.000147
0.920000   0.000000
0.921000   0.000133
0.922000   0.000000
0.923000   0.000000
0.924000   0.000330
0.925000   0.000000
0.926000   0.000189
0.927000   0.000086
0.928000   0.000210
0.929000   0.000000
0.930000   0.000000
0.931000   0.000775
0.932000   0.000000
0.933000   0.000000
0.934000   0.000000
0.935000   0.000024
0.936000   0.000000
0.937000   0.000122
0.938000   0.000000
0.939000   0.000018
0.940000   0.000271
0.941000   0.000000
0.942000   0.000057
0.943000   0.000000
0.944000   0.000000
0.945000   0.000020
0.946000   0.000000
0.947000   0.000337
0.948000   0.000091
0.949000   0.000276
0.950000   0.000491
0.951000   0.000249
0.952000   0.000310
0.953000   0.000587
0.954000   0.000681
0.955000   0.000954
0.956000   0.000612
0.957000   0.000495
0.958000   0.000367
0.959000   0.000308
0.960000   0.000475
0.961000   0.000306
0.962000   0.000203
0.963000   0.000010
0.964000   0.000115
0.965000   0.000000
0.966000   0.000326
0.967000   0.000399
0.968000   0.000442
0.969000   0.000607
0.970000   0.000472
0.971000   0.000000
0.972000   0.000146
0.973000   0.000000
0.974000   0.000168
0.975000   0.000000
0.976000   0.000000
0.977000   0.000000
0.978000   0.000111
0.979000   0.000124
0.980000   0.000243
0.981000   0.000125
0.982000   0.000000
0.983000   0.000011
0.984000   0.000000
0.985000   0.000077
0.986000   0.000250
0.987000   0.000108
0.988000   0.000151
0.989000   0.000200
0.990000   0.000095
0.991000   0.000240
0.992000   0.000290
0.993000   0.000280
0.994000   0.000336
0.995000   0.000316
0.996000   0.000069
0.997000   0.000000
0.998000   0.000034
0.999000   0.000144
1.000000   0.000012
1.001000   0.000050
1.002000   0.000054
1.003000   0.000000
1.004000   0.000103
1.005000   0.000134
1.006000   0.000000
1.007000   0.000000
1.008000   0.000039
1.009000   0.000000
1.010000   0.000000
1.011000   0.000000
1.012000   0.000114
1.013000   0.000145
1.014000   0.000151
1.015000   0.000018
1.016000   0.000033
1.017000   0.000041
1.018000   0.000006
1.019000   0.000000
1.020000   0.000000
1.021000   0.000022
1.022000   0.000056
1.023000   0.000054
1.024000   0.000000
1.025000   0.000002
1.026000   0.000036
1.027000   0.000047
1.028000   0.000138
1.029000   0.000070
1.030000   0.000126
1.031000   0.000223
1.032000   0.000212
1.033000   0.000056
1.034000   0.000117
1.035000   0.000145
1.036000   0.000007
1.037000   0.000000
1.038000   0.000010
1.039000   0.000130
1.040000   0.000193
1.041000   0.000032
1.042000   0.000000
1.043000   0.000094
1.044000   0.000155
1.045000   0.000093
1.046000   0.000081
1.047000   0.000112
1.048000   0.000127
1.049000   0.000038
1.050000   0.000056
1.051000   0.000049
1.052000   0.000164
1.053000   0.000217
1.054000   0.000240
1.055000   0.000281
1.056000   0.000000
1.057000   0.000016
1.058000   0.000157
1.059000   0.000030
1.060000   0.000045
1.061000   0.000221
1.062000   0.000080
1.063000   0.000000
1.064000   0.000012
1.065000   0.000209
1.066000   0.000153
1.067000   0.000070
1.068000   0.000232
1.069000   0.000054
1.070000   0.000014
1.071000   0.000159
1.072000   0.000047
1.073000   0.000162
1.074000   0.000115
1.075000   0.000131
1.076000   0.000270
1.077000   0.000127
1.078000   0.000181
1.079000   0.000165
1.080000   0.000171
1.081000   0.000107
1.082000   0.000337
1.083000   0.000291
1.084000   0.000224
1.085000   0.000218
1.086000   0.000231
1.087000   0.000309
1.088000   0.000173
1.089000   0.000323
1.090000   0.000336
1.091000   0.000312
1.092000   0.000348
1.093000   0.000415
1.094000   0.000149
1.095000   0.000378
1.096000   0.000347
1.097000   0.000389
1.098000   0.000419
1.099000   0.000425
1.100000   0.000520
