751 band003.rsp
0.350000   0.000044
0.351000   0.000000
0.352000   0.000000
0.353000   0.000103
0.354000   0.000038
0.355000   0.000102
0.356000   0.000041
0.357000   0.000027
0.358000   0.000000
0.359000   0.000000
0.360000   0.000100
0.361000   0.000045
0.362000   0.000076
0.363000   0.000048
0.364000   0.000089
0.365000   0.000055
0.366000   0.000038
0.367000   0.000051
0.368000   0.000041
0.369000   0.000032
0.370000   0.000096
0.371000   0.000027
0.372000   0.000049
0.373000   0.000060
0.374000   0.000087
0.375000   0.000126
0.376000   0.000085
0.377000   0.000023
0.378000   0.000123
0.379000   0.000089
0.380000   0.000015
0.381000   0.000041
0.382000   0.000056
0.383000   0.000060
0.384000   0.000066
0.385000   0.000093
0.386000   0.000044
0.387000   0.000025
0.388000   0.000065
0.389000   0.000064
0.390000   0.000060
0.391000   0.000072
0.392000   0.000042
0.393000   0.000067
0.394000   0.000079
0.395000   0.000044
0.396000   0.000007
0.397000   0.000044
0.398000   0.000057
0.399000   0.000047
0.400000   0.000072
0.401000   0.000095
0.402000   0.000062
0.403000   0.000053
0.404000   0.000032
0.405000   0.000011
0.406000   0.000047
0.407000   0.000059
0.408000   0.000053
0.409000   0.000088
0.410000   0.000083
0.411000   0.000055
0.412000   0.000049
0.413000   0.000046
0.414000   0.000016
0.415000   0.000008
0.416000   0.000035
0.417000   0.000037
0.418000   0.000045
0.419000   0.000038
0.420000   0.000025
0.421000   0.000057
0.422000   0.000051
0.423000   0.000029
0.424000   0.000054
0.425000   0.000065
0.426000   0.000058
0.427000   0.000069
0.428000   0.000465
0.429000   0.001560
0.430000   0.002508
0.431000   0.002539
0.432000   0.001408
0.433000   0.000372
0.434000   0.000099
0.435000   0.000119
0.436000   0.000541
0.437000   0.000793
0.438000   0.000418
0.439000   0.000122
0.440000   0.000076
0.441000   0.000080
0.442000   0.000076
0.443000   0.000080
0.444000   0.000211
0.445000   0.000382
0.446000   0.000278
0.447000   0.000120
0.448000   0.000047
0.449000   0.000038
0.450000   0.000056
0.451000   0.000069
0.452000   0.000081
0.453000   0.000567
0.454000   0.001728
0.455000   0.001393
0.456000   0.000451
0.457000   0.000175
0.458000   0.000260
0.459000   0.002812
0.460000   0.009395
0.461000   0.007704
0.462000   0.002075
0.463000   0.000390
0.464000   0.000332
0.465000   0.000444
0.466000   0.000627
0.467000   0.000717
0.468000   0.000618
0.469000   0.000492
0.470000   0.000370
0.471000   0.000222
0.472000   0.000111
0.473000   0.000073
0.474000   0.000075
0.475000   0.000068
0.476000   0.000067
0.477000   0.000078
0.478000   0.000061
0.479000   0.000061
0.480000   0.000059
0.481000   0.000055
0.482000   0.000072
0.483000   0.000064
0.484000   0.000094
0.485000   0.000650
0.486000   0.002260
0.487000   0.001955
0.488000   0.000869
0.489000   0.001000
0.490000   0.001279
0.491000   0.000816
0.492000   0.000282
0.493000   0.000131
0.494000   0.000111
0.495000   0.000106
0.496000   0.000095
0.497000   0.000117
0.498000   0.000207
0.499000   0.000577
0.500000   0.000932
0.501000   0.001038
0.502000   0.001723
0.503000   0.001341
0.504000   0.000306
0.505000   0.000078
0.506000   0.000052
0.507000   0.000048
0.508000   0.000044
0.509000   0.000043
0.510000   0.000066
0.511000   0.000048
0.512000   0.000054
0.513000   0.000057
0.514000   0.000048
0.515000   0.000038
0.516000   0.000046
0.517000   0.000043
0.518000   0.000058
0.519000   0.000055
0.520000   0.000061
0.521000   0.000046
0.522000   0.000068
0.523000   0.000077
0.524000   0.000063
0.525000   0.000057
0.526000   0.000056
0.527000   0.000060
0.528000   0.000057
0.529000   0.000064
0.530000   0.000046
0.531000   0.000048
0.532000   0.000049
0.533000   0.000044
0.534000   0.000046
0.535000   0.000052
0.536000   0.000057
0.537000   0.000055
0.538000   0.000065
0.539000   0.000052
0.540000   0.000055
0.541000   0.000045
0.542000   0.000032
0.543000   0.000059
0.544000   0.000046
0.545000   0.000062
0.546000   0.000104
0.547000   0.000226
0.548000   0.000159
0.549000   0.000064
0.550000   0.000055
0.551000   0.000035
0.552000   0.000058
0.553000   0.000059
0.554000   0.000048
0.555000   0.000057
0.556000   0.000064
0.557000   0.000046
0.558000   0.000049
0.559000   0.000145
0.560000   0.000611
0.561000   0.001058
0.562000   0.000449
0.563000   0.000052
0.564000   0.000054
0.565000   0.000058
0.566000   0.000057
0.567000   0.000064
0.568000   0.000066
0.569000   0.000055
0.570000   0.000060
0.571000   0.000064
0.572000   0.000071
0.573000   0.000081
0.574000   0.000083
0.575000   0.000058
0.576000   0.000080
0.577000   0.000975
0.578000   0.003860
0.579000   0.004768
0.580000   0.001422
0.581000   0.000097
0.582000   0.000074
0.583000   0.000080
0.584000   0.000071
0.585000   0.000074
0.586000   0.000066
0.587000   0.000066
0.588000   0.000074
0.589000   0.000106
0.590000   0.000162
0.591000   0.001162
0.592000   0.002725
0.593000   0.002028
0.594000   0.000406
0.595000   0.000112
0.596000   0.000089
0.597000   0.000078
0.598000   0.000077
0.599000   0.000073
0.600000   0.000066
0.601000   0.000069
0.602000   0.000061
0.603000   0.000062
0.604000   0.000079
0.605000   0.000068
0.606000   0.000064
0.607000   0.000069
0.608000   0.000071
0.609000   0.000082
0.610000   0.000085
0.611000   0.000078
0.612000   0.000075
0.613000   0.000093
0.614000   0.000098
0.615000   0.000101
0.616000   0.000112
0.617000   0.000111
0.618000   0.000142
0.619000   0.000186
0.620000   0.000233
0.621000   0.000316
0.622000   0.000466
0.623000   0.000706
0.624000   0.001080
0.625000   0.001775
0.626000   0.003098
0.627000   0.005713
0.628000   0.011219
0.629000   0.023327
0.630000   0.051634
0.631000   0.117329
0.632000   0.263799
0.633000   0.506524
0.634000   0.762807
0.635000   0.922896
0.636000   0.976291
0.637000   0.984081
0.638000   0.980848
0.639000   0.980757
0.640000   0.980989
0.641000   0.985534
0.642000   0.988463
0.643000   0.991492
0.644000   0.995234
0.645000   0.996643
0.646000   0.989418
0.647000   0.978810
0.648000   0.967938
0.649000   0.956521
0.650000   0.943820
0.651000   0.936175
0.652000   0.936057
0.653000   0.944569
0.654000   0.954788
0.655000   0.965523
0.656000   0.974088
0.657000   0.985420
0.658000   0.992901
0.659000   0.999261
0.660000   0.991205
0.661000   0.983770
0.662000   0.977720
0.663000   0.968350
0.664000   0.965562
0.665000   0.963540
0.666000   0.965924
0.667000   0.965259
0.668000   0.974664
0.669000   0.978189
0.670000   0.986811
0.671000   0.999289
0.672000   1.000000
0.673000   0.997170
0.674000   0.989236
0.675000   0.980504
0.676000   0.972696
0.677000   0.963542
0.678000   0.956454
0.679000   0.957199
0.680000   0.968180
0.681000   0.974287
0.682000   0.973017
0.683000   0.958216
0.684000   0.937165
0.685000   0.914142
0.686000   0.833053
0.687000   0.649515
0.688000   0.395010
0.689000   0.183176
0.690000   0.073311
0.691000   0.029058
0.692000   0.012455
0.693000   0.005641
0.694000   0.002789
0.695000   0.001439
0.696000   0.000776
0.697000   0.000458
0.698000   0.000312
0.699000   0.000259
0.700000   0.000187
0.701000   0.000108
0.702000   0.000081
0.703000   0.000084
0.704000   0.000143
0.705000   0.000080
0.706000   0.000041
0.707000   0.000147
0.708000   0.000109
0.709000   0.000036
0.710000   0.000074
0.711000   0.000033
0.712000   0.000038
0.713000   0.000106
0.714000   0.000092
0.715000   0.000094
0.716000   0.000102
0.717000   0.000078
0.718000   0.000101
0.719000   0.000094
0.720000   0.000097
0.721000   0.000036
0.722000   0.000053
0.723000   0.000082
0.724000   0.000049
0.725000   0.000059
0.726000   0.000125
0.727000   0.000084
0.728000   0.000072
0.729000   0.000128
0.730000   0.000059
0.731000   0.000094
0.732000   0.000028
0.733000   0.000066
0.734000   0.000121
0.735000   0.000072
0.736000   0.000101
0.737000   0.000088
0.738000   0.000108
0.739000   0.000101
0.740000   0.000103
0.741000   0.000076
0.742000   0.000095
0.743000   0.000108
0.744000   0.000083
0.745000   0.000086
0.746000   0.000075
0.747000   0.000069
0.748000   0.000095
0.749000   0.000081
0.750000   0.000150
0.751000   0.000114
0.752000   0.000096
0.753000   0.000046
0.754000   0.000043
0.755000   0.000005
0.756000   0.000071
0.757000   0.000140
0.758000   0.000026
0.759000   0.000013
0.760000   0.000040
0.761000   0.000074
0.762000   0.000120
0.763000   0.000114
0.764000   0.000102
0.765000   0.000115
0.766000   0.000069
0.767000   0.000061
0.768000   0.000049
0.769000   0.000114
0.770000   0.000193
0.771000   0.000162
0.772000   0.000083
0.773000   0.000097
0.774000   0.000104
0.775000   0.000134
0.776000   0.000098
0.777000   0.000018
0.778000   0.000117
0.779000   0.000103
0.780000   0.000103
0.781000   0.000084
0.782000   0.000016
0.783000   0.000032
0.784000   0.000020
0.785000   0.000028
0.786000   0.000071
0.787000   0.000055
0.788000   0.000000
0.789000   0.000092
0.790000   0.000131
0.791000   0.000106
0.792000   0.000124
0.793000   0.000093
0.794000   0.000112
0.795000   0.000132
0.796000   0.000187
0.797000   0.000199
0.798000   0.000091
0.799000   0.000084
0.800000   0.000115
0.801000   0.000093
0.802000   0.000100
0.803000   0.000120
0.804000   0.000048
0.805000   0.000064
0.806000   0.000212
0.807000   0.000243
0.808000   0.000172
0.809000   0.000190
0.810000   0.000222
0.811000   0.000245
0.812000   0.000137
0.813000   0.000152
0.814000   0.000165
0.815000   0.000000
0.816000   0.000000
0.817000   0.000067
0.818000   0.000006
0.819000   0.000106
0.820000   0.000254
0.821000   0.000162
0.822000   0.000180
0.823000   0.000220
0.824000   0.000231
0.825000   0.000237
0.826000   0.000141
0.827000   0.000098
0.828000   0.000133
0.829000   0.000099
0.830000   0.000058
0.831000   0.000288
0.832000   0.000299
0.833000   0.000127
0.834000   0.000361
0.835000   0.000000
0.836000   0.000000
0.837000   0.000000
0.838000   0.000390
0.839000   0.000634
0.840000   0.000723
0.841000   0.000726
0.842000   0.000207
0.843000   0.000000
0.844000   0.000013
0.845000   0.000181
0.846000   0.001005
0.847000   0.000000
0.848000   0.000045
0.849000   0.001180
0.850000   0.001287
0.851000   0.000503
0.852000   0.000000
0.853000   0.000195
0.854000   0.000000
0.855000   0.000375
0.856000   0.000000
0.857000   0.000000
0.858000   0.000000
0.859000   0.000000
0.860000   0.000000
0.861000   0.000000
0.862000   0.002821
0.863000   0.003089
0.864000   0.000000
0.865000   0.000000
0.866000   0.000000
0.867000   0.000000
0.868000   0.000000
0.869000   0.001687
0.870000   0.000105
0.871000   0.000832
0.872000   0.000000
0.873000   0.000391
0.874000   0.000000
0.875000   0.000000
0.876000   0.000771
0.877000   0.000585
0.878000   0.000000
0.879000   0.000000
0.880000   0.001280
0.881000   0.000000
0.882000   0.000297
0.883000   0.001129
0.884000   0.000000
0.885000   0.000126
0.886000   0.000000
0.887000   0.000000
0.888000   0.000000
0.889000   0.000000
0.890000   0.000728
0.891000   0.000000
0.892000   0.000725
0.893000   0.000000
0.894000   0.000504
0.895000   0.000479
0.896000   0.000000
0.897000   0.000494
0.898000   0.000000
0.899000   0.000394
0.900000   0.000000
0.901000   0.000159
0.902000   0.000820
0.903000   0.000577
0.904000   0.000000
0.905000   0.000000
0.906000   0.000341
0.907000   0.000828
0.908000   0.001412
0.909000   0.000260
0.910000   0.000284
0.911000   0.000254
0.912000   0.000460
0.913000   0.000355
0.914000   0.000000
0.915000   0.000003
0.916000   0.000013
0.917000   0.000266
0.918000   0.000337
0.919000   0.000693
0.920000   0.000000
0.921000   0.000000
0.922000   0.000043
0.923000   0.000227
0.924000   0.000165
0.925000   0.000000
0.926000   0.000341
0.927000   0.000180
0.928000   0.000060
0.929000   0.000073
0.930000   0.000316
0.931000   0.000398
0.932000   0.000000
0.933000   0.000079
0.934000   0.000000
0.935000   0.000000
0.936000   0.000000
0.937000   0.000039
0.938000   0.000168
0.939000   0.000326
0.940000   0.000303
0.941000   0.000047
0.942000   0.000086
0.943000   0.000106
0.944000   0.000212
0.945000   0.000000
0.946000   0.000000
0.947000   0.000299
0.948000   0.000343
0.949000   0.000198
0.950000   0.000000
0.951000   0.000000
0.952000   0.000000
0.953000   0.000465
0.954000   0.000572
0.955000   0.000211
0.956000   0.000000
0.957000   0.000000
0.958000   0.000000
0.959000   0.000152
0.960000   0.000335
0.961000   0.000185
0.962000   0.000381
0.963000   0.000000
0.964000   0.000000
0.965000   0.000000
0.966000   0.000089
0.967000   0.000180
0.968000   0.000106
0.969000   0.000288
0.970000   0.000195
0.971000   0.000000
0.972000   0.000000
0.973000   0.000073
0.974000   0.000422
0.975000   0.000253
0.976000   0.000000
0.977000   0.000000
0.978000   0.000228
0.979000   0.000144
0.980000   0.000232
0.981000   0.000061
0.982000   0.000081
0.983000   0.000142
0.984000   0.000066
0.985000   0.000079
0.986000   0.000159
0.987000   0.000009
0.988000   0.000138
0.989000   0.000135
0.990000   0.000061
0.991000   0.000151
0.992000   0.000128
0.993000   0.000162
0.994000   0.000163
0.995000   0.000097
0.996000   0.000003
0.997000   0.000086
0.998000   0.000197
0.999000   0.000178
1.000000   0.000123
1.001000   0.000077
1.002000   0.000014
1.003000   0.000145
1.004000   0.000114
1.005000   0.000000
1.006000   0.000000
1.007000   0.000000
1.008000   0.000001
1.009000   0.000021
1.010000   0.000000
1.011000   0.000000
1.012000   0.000152
1.013000   0.000340
1.014000   0.000195
1.015000   0.000062
1.016000   0.000165
1.017000   0.000000
1.018000   0.000000
1.019000   0.000006
1.020000   0.000000
1.021000   0.000133
1.022000   0.000000
1.023000   0.000000
1.024000   0.000082
1.025000   0.000165
1.026000   0.000000
1.027000   0.000112
1.028000   0.000264
1.029000   0.000113
1.030000   0.000032
1.031000   0.000097
1.032000   0.000134
1.033000   0.000056
1.034000   0.000005
1.035000   0.000004
1.036000   0.000000
1.037000   0.000000
1.038000   0.000000
1.039000   0.000193
1.040000   0.000182
1.041000   0.000000
1.042000   0.000000
1.043000   0.000078
1.044000   0.000047
1.045000   0.000107
1.046000   0.000020
1.047000   0.000195
1.048000   0.000109
1.049000   0.000023
1.050000   0.000000
1.051000   0.000160
1.052000   0.000043
1.053000   0.000207
1.054000   0.000214
1.055000   0.000280
1.056000   0.000062
1.057000   0.000086
1.058000   0.000146
1.059000   0.000083
1.060000   0.000156
1.061000   0.000338
1.062000   0.000147
1.063000   0.000204
1.064000   0.000351
1.065000   0.000325
1.066000   0.000254
1.067000   0.000198
1.068000   0.000441
1.069000   0.000328
1.070000   0.000287
1.071000   0.000381
1.072000   0.000416
1.073000   0.000509
1.074000   0.000603
1.075000   0.000592
1.076000   0.000510
1.077000   0.000640
1.078000   0.000691
1.079000   0.000688
1.080000   0.000637
1.081000   0.000740
1.082000   0.000797
1.083000   0.000800
1.084000   0.000852
1.085000   0.000848
1.086000   0.000801
1.087000   0.000943
1.088000   0.000991
1.089000   0.001177
1.090000   0.001071
1.091000   0.001011
1.092000   0.001123
1.093000   0.001204
1.094000   0.001030
1.095000   0.001313
1.096000   0.001253
1.097000   0.001300
1.098000   0.001473
1.099000   0.001414
1.100000   0.001696
