751 band004.rsp
0.350000   0.000104
0.351000   0.000000
0.352000   0.000000
0.353000   0.000000
0.354000   0.000037
0.355000   0.000021
0.356000   0.000046
0.357000   0.000038
0.358000   0.000002
0.359000   0.000020
0.360000   0.000105
0.361000   0.000120
0.362000   0.000057
0.363000   0.000000
0.364000   0.000023
0.365000   0.000067
0.366000   0.000026
0.367000   0.000030
0.368000   0.000050
0.369000   0.000000
0.370000   0.000086
0.371000   0.000041
0.372000   0.000029
0.373000   0.000000
0.374000   0.000000
0.375000   0.000030
0.376000   0.000077
0.377000   0.000080
0.378000   0.000086
0.379000   0.000085
0.380000   0.000036
0.381000   0.000091
0.382000   0.000100
0.383000   0.000046
0.384000   0.000042
0.385000   0.000053
0.386000   0.000065
0.387000   0.000049
0.388000   0.000158
0.389000   0.000272
0.390000   0.000244
0.391000   0.000125
0.392000   0.000092
0.393000   0.000131
0.394000   0.000215
0.395000   0.000224
0.396000   0.000091
0.397000   0.000081
0.398000   0.000105
0.399000   0.000126
0.400000   0.000222
0.401000   0.000268
0.402000   0.000139
0.403000   0.000023
0.404000   0.000000
0.405000   0.000005
0.406000   0.000059
0.407000   0.000068
0.408000   0.000061
0.409000   0.000059
0.410000   0.000035
0.411000   0.000042
0.412000   0.000055
0.413000   0.000059
0.414000   0.000064
0.415000   0.000041
0.416000   0.000023
0.417000   0.000037
0.418000   0.000053
0.419000   0.000061
0.420000   0.000061
0.421000   0.000027
0.422000   0.000031
0.423000   0.000099
0.424000   0.000125
0.425000   0.000095
0.426000   0.000076
0.427000   0.000085
0.428000   0.000063
0.429000   0.000103
0.430000   0.000598
0.431000   0.000968
0.432000   0.000563
0.433000   0.000156
0.434000   0.000072
0.435000   0.000066
0.436000   0.000064
0.437000   0.000053
0.438000   0.000045
0.439000   0.000044
0.440000   0.000052
0.441000   0.000063
0.442000   0.000071
0.443000   0.000083
0.444000   0.000071
0.445000   0.000074
0.446000   0.000068
0.447000   0.000052
0.448000   0.000040
0.449000   0.000038
0.450000   0.000049
0.451000   0.000052
0.452000   0.000041
0.453000   0.000046
0.454000   0.000074
0.455000   0.000081
0.456000   0.000057
0.457000   0.000050
0.458000   0.000054
0.459000   0.000042
0.460000   0.000062
0.461000   0.000068
0.462000   0.000269
0.463000   0.001367
0.464000   0.001445
0.465000   0.001064
0.466000   0.001432
0.467000   0.000898
0.468000   0.000234
0.469000   0.000099
0.470000   0.000095
0.471000   0.000096
0.472000   0.000127
0.473000   0.000556
0.474000   0.001048
0.475000   0.000637
0.476000   0.000210
0.477000   0.000100
0.478000   0.000099
0.479000   0.000166
0.480000   0.000696
0.481000   0.000793
0.482000   0.000318
0.483000   0.000095
0.484000   0.000046
0.485000   0.000053
0.486000   0.000066
0.487000   0.000074
0.488000   0.000097
0.489000   0.000148
0.490000   0.002539
0.491000   0.005320
0.492000   0.002505
0.493000   0.000361
0.494000   0.000117
0.495000   0.000102
0.496000   0.000117
0.497000   0.000182
0.498000   0.000719
0.499000   0.006797
0.500000   0.006771
0.501000   0.001429
0.502000   0.000302
0.503000   0.000197
0.504000   0.000201
0.505000   0.000248
0.506000   0.000388
0.507000   0.000806
0.508000   0.001845
0.509000   0.003007
0.510000   0.002548
0.511000   0.001160
0.512000   0.000387
0.513000   0.000160
0.514000   0.000083
0.515000   0.000086
0.516000   0.000067
0.517000   0.000015
0.518000   0.000071
0.519000   0.000065
0.520000   0.000058
0.521000   0.000054
0.522000   0.000068
0.523000   0.000071
0.524000   0.000102
0.525000   0.000164
0.526000   0.000533
0.527000   0.002050
0.528000   0.002876
0.529000   0.001614
0.530000   0.000915
0.531000   0.001395
0.532000   0.003132
0.533000   0.003181
0.534000   0.001173
0.535000   0.000307
0.536000   0.000175
0.537000   0.000139
0.538000   0.000117
0.539000   0.000129
0.540000   0.000140
0.541000   0.000218
0.542000   0.000494
0.543000   0.001360
0.544000   0.002558
0.545000   0.003706
0.546000   0.004377
0.547000   0.002280
0.548000   0.000344
0.549000   0.000089
0.550000   0.000055
0.551000   0.000041
0.552000   0.000053
0.553000   0.000042
0.554000   0.000054
0.555000   0.000066
0.556000   0.000057
0.557000   0.000061
0.558000   0.000048
0.559000   0.000039
0.560000   0.000050
0.561000   0.000059
0.562000   0.000048
0.563000   0.000047
0.564000   0.000054
0.565000   0.000059
0.566000   0.000061
0.567000   0.000071
0.568000   0.000060
0.569000   0.000039
0.570000   0.000048
0.571000   0.000060
0.572000   0.000071
0.573000   0.000089
0.574000   0.000083
0.575000   0.000064
0.576000   0.000062
0.577000   0.000050
0.578000   0.000049
0.579000   0.000069
0.580000   0.000063
0.581000   0.000043
0.582000   0.000035
0.583000   0.000042
0.584000   0.000048
0.585000   0.000065
0.586000   0.000057
0.587000   0.000053
0.588000   0.000047
0.589000   0.000044
0.590000   0.000061
0.591000   0.000118
0.592000   0.000264
0.593000   0.000312
0.594000   0.000147
0.595000   0.000058
0.596000   0.000058
0.597000   0.000060
0.598000   0.000052
0.599000   0.000052
0.600000   0.000051
0.601000   0.000050
0.602000   0.000052
0.603000   0.000058
0.604000   0.000064
0.605000   0.000062
0.606000   0.000208
0.607000   0.000879
0.608000   0.001109
0.609000   0.000447
0.610000   0.000073
0.611000   0.000061
0.612000   0.000064
0.613000   0.000064
0.614000   0.000057
0.615000   0.000058
0.616000   0.000053
0.617000   0.000044
0.618000   0.000059
0.619000   0.000074
0.620000   0.000067
0.621000   0.000070
0.622000   0.000060
0.623000   0.000064
0.624000   0.000069
0.625000   0.000078
0.626000   0.000103
0.627000   0.001660
0.628000   0.005055
0.629000   0.004130
0.630000   0.001078
0.631000   0.000131
0.632000   0.000086
0.633000   0.000078
0.634000   0.000083
0.635000   0.000094
0.636000   0.000094
0.637000   0.000087
0.638000   0.000078
0.639000   0.000088
0.640000   0.000128
0.641000   0.000337
0.642000   0.001192
0.643000   0.001237
0.644000   0.000457
0.645000   0.000115
0.646000   0.000093
0.647000   0.000077
0.648000   0.000061
0.649000   0.000080
0.650000   0.000081
0.651000   0.000062
0.652000   0.000089
0.653000   0.000120
0.654000   0.000104
0.655000   0.000071
0.656000   0.000067
0.657000   0.000066
0.658000   0.000106
0.659000   0.000096
0.660000   0.000076
0.661000   0.000090
0.662000   0.000085
0.663000   0.000073
0.664000   0.000113
0.665000   0.000110
0.666000   0.000098
0.667000   0.000111
0.668000   0.000131
0.669000   0.000106
0.670000   0.000156
0.671000   0.000127
0.672000   0.000125
0.673000   0.000186
0.674000   0.000174
0.675000   0.000214
0.676000   0.000301
0.677000   0.000402
0.678000   0.000568
0.679000   0.000788
0.680000   0.001221
0.681000   0.001835
0.682000   0.002993
0.683000   0.005066
0.684000   0.008706
0.685000   0.016301
0.686000   0.030707
0.687000   0.060181
0.688000   0.119277
0.689000   0.228398
0.690000   0.402681
0.691000   0.610346
0.692000   0.782876
0.693000   0.889787
0.694000   0.948193
0.695000   0.975858
0.696000   0.978742
0.697000   0.981869
0.698000   0.981047
0.699000   0.972509
0.700000   0.969863
0.701000   0.969468
0.702000   0.978122
0.703000   0.976119
0.704000   0.984863
0.705000   0.995512
0.706000   0.989788
0.707000   0.996454
0.708000   0.997645
0.709000   1.000000
0.710000   0.993975
0.711000   0.994577
0.712000   0.992721
0.713000   0.997517
0.714000   0.999724
0.715000   0.995475
0.716000   0.990246
0.717000   0.993393
0.718000   0.996367
0.719000   0.988007
0.720000   0.981577
0.721000   0.979106
0.722000   0.970903
0.723000   0.964093
0.724000   0.962004
0.725000   0.959478
0.726000   0.963125
0.727000   0.965059
0.728000   0.962740
0.729000   0.936324
0.730000   0.857262
0.731000   0.697126
0.732000   0.491004
0.733000   0.307618
0.734000   0.175511
0.735000   0.097435
0.736000   0.054689
0.737000   0.030880
0.738000   0.018305
0.739000   0.011112
0.740000   0.007054
0.741000   0.004572
0.742000   0.003191
0.743000   0.002359
0.744000   0.001812
0.745000   0.001462
0.746000   0.001184
0.747000   0.001103
0.748000   0.001032
0.749000   0.000908
0.750000   0.000896
0.751000   0.000811
0.752000   0.000706
0.753000   0.000625
0.754000   0.000530
0.755000   0.000477
0.756000   0.000423
0.757000   0.000529
0.758000   0.000446
0.759000   0.000470
0.760000   0.000665
0.761000   0.000830
0.762000   0.001076
0.763000   0.001187
0.764000   0.001369
0.765000   0.001612
0.766000   0.001760
0.767000   0.001949
0.768000   0.002117
0.769000   0.002235
0.770000   0.002341
0.771000   0.002365
0.772000   0.002329
0.773000   0.002338
0.774000   0.002333
0.775000   0.002319
0.776000   0.002289
0.777000   0.002118
0.778000   0.001959
0.779000   0.001796
0.780000   0.001766
0.781000   0.001573
0.782000   0.001238
0.783000   0.001010
0.784000   0.000879
0.785000   0.000767
0.786000   0.000604
0.787000   0.000523
0.788000   0.000423
0.789000   0.000425
0.790000   0.000543
0.791000   0.000716
0.792000   0.000914
0.793000   0.001032
0.794000   0.001184
0.795000   0.001434
0.796000   0.001568
0.797000   0.001744
0.798000   0.001938
0.799000   0.002120
0.800000   0.002233
0.801000   0.002351
0.802000   0.002574
0.803000   0.002653
0.804000   0.002657
0.805000   0.002732
0.806000   0.002869
0.807000   0.002884
0.808000   0.002847
0.809000   0.002750
0.810000   0.002716
0.811000   0.002741
0.812000   0.002583
0.813000   0.002444
0.814000   0.002375
0.815000   0.002248
0.816000   0.002027
0.817000   0.001829
0.818000   0.001775
0.819000   0.001944
0.820000   0.002087
0.821000   0.002187
0.822000   0.002610
0.823000   0.003004
0.824000   0.003364
0.825000   0.003426
0.826000   0.003437
0.827000   0.003558
0.828000   0.003790
0.829000   0.003729
0.830000   0.003812
0.831000   0.004359
0.832000   0.004402
0.833000   0.004544
0.834000   0.005047
0.835000   0.005190
0.836000   0.005370
0.837000   0.005043
0.838000   0.005247
0.839000   0.004699
0.840000   0.004029
0.841000   0.003385
0.842000   0.002576
0.843000   0.001916
0.844000   0.002337
0.845000   0.001823
0.846000   0.002652
0.847000   0.000876
0.848000   0.001014
0.849000   0.000861
0.850000   0.002216
0.851000   0.001832
0.852000   0.000067
0.853000   0.000000
0.854000   0.000000
0.855000   0.001559
0.856000   0.000000
0.857000   0.000000
0.858000   0.000000
0.859000   0.000000
0.860000   0.000000
0.861000   0.000000
0.862000   0.002298
0.863000   0.000726
0.864000   0.000250
0.865000   0.001048
0.866000   0.000651
0.867000   0.001330
0.868000   0.000000
0.869000   0.000754
0.870000   0.000000
0.871000   0.000061
0.872000   0.000000
0.873000   0.001290
0.874000   0.000000
0.875000   0.000000
0.876000   0.000347
0.877000   0.000575
0.878000   0.000000
0.879000   0.000238
0.880000   0.001541
0.881000   0.001108
0.882000   0.000000
0.883000   0.001794
0.884000   0.002791
0.885000   0.000790
0.886000   0.000722
0.887000   0.000854
0.888000   0.001842
0.889000   0.001040
0.890000   0.001549
0.891000   0.000901
0.892000   0.003828
0.893000   0.001490
0.894000   0.001567
0.895000   0.002174
0.896000   0.000340
0.897000   0.001460
0.898000   0.000819
0.899000   0.001294
0.900000   0.000536
0.901000   0.001038
0.902000   0.001303
0.903000   0.001123
0.904000   0.000767
0.905000   0.001229
0.906000   0.000467
0.907000   0.001391
0.908000   0.001198
0.909000   0.000133
0.910000   0.000413
0.911000   0.000717
0.912000   0.000479
0.913000   0.000871
0.914000   0.000132
0.915000   0.000000
0.916000   0.000147
0.917000   0.000278
0.918000   0.000394
0.919000   0.000761
0.920000   0.000264
0.921000   0.000425
0.922000   0.000699
0.923000   0.000341
0.924000   0.000207
0.925000   0.000089
0.926000   0.000507
0.927000   0.000498
0.928000   0.000180
0.929000   0.000134
0.930000   0.000000
0.931000   0.000035
0.932000   0.000000
0.933000   0.000141
0.934000   0.000000
0.935000   0.000681
0.936000   0.000209
0.937000   0.000000
0.938000   0.000000
0.939000   0.000318
0.940000   0.000245
0.941000   0.000157
0.942000   0.000000
0.943000   0.000245
0.944000   0.000347
0.945000   0.000036
0.946000   0.000100
0.947000   0.000316
0.948000   0.000330
0.949000   0.000000
0.950000   0.000148
0.951000   0.000139
0.952000   0.000251
0.953000   0.000397
0.954000   0.000736
0.955000   0.001117
0.956000   0.000554
0.957000   0.000361
0.958000   0.000617
0.959000   0.000676
0.960000   0.000771
0.961000   0.000937
0.962000   0.001077
0.963000   0.000869
0.964000   0.000864
0.965000   0.001079
0.966000   0.001542
0.967000   0.001902
0.968000   0.001972
0.969000   0.002339
0.970000   0.002186
0.971000   0.001734
0.972000   0.001731
0.973000   0.001639
0.974000   0.001762
0.975000   0.001527
0.976000   0.001372
0.977000   0.001329
0.978000   0.001482
0.979000   0.001461
0.980000   0.001617
0.981000   0.001420
0.982000   0.001266
0.983000   0.001213
0.984000   0.001200
0.985000   0.001232
0.986000   0.001325
0.987000   0.001247
0.988000   0.001264
0.989000   0.001228
0.990000   0.001237
0.991000   0.001408
0.992000   0.001452
0.993000   0.001393
0.994000   0.001419
0.995000   0.001721
0.996000   0.001719
0.997000   0.001557
0.998000   0.001632
0.999000   0.001839
1.000000   0.001883
1.001000   0.001839
1.002000   0.001864
1.003000   0.001802
1.004000   0.001784
1.005000   0.001847
1.006000   0.001607
1.007000   0.001407
1.008000   0.001524
1.009000   0.001502
1.010000   0.001513
1.011000   0.001468
1.012000   0.001518
1.013000   0.001653
1.014000   0.001598
1.015000   0.001600
1.016000   0.001663
1.017000   0.001584
1.018000   0.001518
1.019000   0.001400
1.020000   0.001346
1.021000   0.001616
1.022000   0.001556
1.023000   0.001463
1.024000   0.001312
1.025000   0.001462
1.026000   0.001425
1.027000   0.001487
1.028000   0.001425
1.029000   0.001195
1.030000   0.001318
1.031000   0.001523
1.032000   0.001441
1.033000   0.001370
1.034000   0.001353
1.035000   0.001409
1.036000   0.001446
1.037000   0.001438
1.038000   0.001396
1.039000   0.001540
1.040000   0.001803
1.041000   0.001724
1.042000   0.001659
1.043000   0.001783
1.044000   0.001843
1.045000   0.001829
1.046000   0.001930
1.047000   0.002069
1.048000   0.002047
1.049000   0.001996
1.050000   0.001832
1.051000   0.001881
1.052000   0.001826
1.053000   0.001836
1.054000   0.001749
1.055000   0.001931
1.056000   0.001316
1.057000   0.001262
1.058000   0.001335
1.059000   0.001144
1.060000   0.001217
1.061000   0.001283
1.062000   0.001160
1.063000   0.001078
1.064000   0.001178
1.065000   0.001226
1.066000   0.001105
1.067000   0.001058
1.068000   0.001234
1.069000   0.001081
1.070000   0.001048
1.071000   0.001076
1.072000   0.001039
1.073000   0.001087
1.074000   0.001174
1.075000   0.001039
1.076000   0.001116
1.077000   0.001030
1.078000   0.001142
1.079000   0.001011
1.080000   0.001091
1.081000   0.001114
1.082000   0.001043
1.083000   0.001146
1.084000   0.001110
1.085000   0.001113
1.086000   0.001124
1.087000   0.001160
1.088000   0.001016
1.089000   0.001103
1.090000   0.001171
1.091000   0.001128
1.092000   0.001148
1.093000   0.001085
1.094000   0.001027
1.095000   0.001020
1.096000   0.000930
1.097000   0.000957
1.098000   0.001103
1.099000   0.001098
1.100000   0.001170
